0, 0, Header, 1, 26, 1024
1, 0, Start_track
1, 0, Time_signature, 3, 2, 24, 8
1, 0, Key_signature, -1, "major"
1, 0, Tempo, 235294
1, 0, Title_t, "Beethoven's 9th Symphony: 4th mov't"
1, 64, Tempo, 267857
1, 3840, Tempo, 267857
1, 4736, Tempo, 255319
1, 4800, Tempo, 257510
1, 5136, Tempo, 256410
1, 5388, Tempo, 255319
1, 5724, Tempo, 254237
1, 5976, Tempo, 253164
1, 22208, Tempo, 264317
1, 22336, Tempo, 306122
1, 22504, Tempo, 304568
1, 22528, Tempo, 275229
1, 24576, Tempo, 576923
1, 27392, Tempo, 779220
1, 27648, Tempo, 571428
1, 35392, Tempo, 517241
1, 39296, Tempo, 517241
1, 39380, Tempo, 521739
1, 39464, Tempo, 526315
1, 39548, Tempo, 530973
1, 39632, Tempo, 535714
1, 39716, Tempo, 540540
1, 39800, Tempo, 545454
1, 39884, Tempo, 550458
1, 39968, Tempo, 555555
1, 40052, Tempo, 560747
1, 40136, Tempo, 571428
1, 40220, Tempo, 576923
1, 40304, Tempo, 582524
1, 40388, Tempo, 588235
1, 40472, Tempo, 594059
1, 40556, Tempo, 600000
1, 40640, Tempo, 606060
1, 40724, Tempo, 612244
1, 40808, Tempo, 618556
1, 40892, Tempo, 631578
1, 44052, Tempo, 638297
1, 44472, Tempo, 645161
1, 44808, Tempo, 652173
1, 45144, Tempo, 659340
1, 45480, Tempo, 666666
1, 45816, Tempo, 674157
1, 46152, Tempo, 681818
1, 46572, Tempo, 689655
1, 46908, Tempo, 697674
1, 47244, Tempo, 705882
1, 47580, Tempo, 714285
1, 47916, Tempo, 722891
1, 48252, Tempo, 731707
1, 49035, Tempo, 759493
1, 49203, Tempo, 769230
1, 49287, Tempo, 779220
1, 49455, Tempo, 789473
1, 49539, Tempo, 800000
1, 49623, Tempo, 810810
1, 49791, Tempo, 821917
1, 49875, Tempo, 833333
1, 50043, Tempo, 845070
1, 50127, Tempo, 857142
1, 50211, Tempo, 869565
1, 51200, Tempo, 266666
1, 54912, Tempo, 267857
1, 55808, Tempo, 255319
1, 55872, Tempo, 257510
1, 56208, Tempo, 256410
1, 56460, Tempo, 255319
1, 56796, Tempo, 254237
1, 57048, Tempo, 253164
1, 72960, Tempo, 254237
1, 73128, Tempo, 255319
1, 73212, Tempo, 256410
1, 73296, Tempo, 257510
1, 73380, Tempo, 258620
1, 73464, Tempo, 259740
1, 73548, Tempo, 260869
1, 73632, Tempo, 262008
1, 73716, Tempo, 263157
1, 73800, Tempo, 264317
1, 73884, Tempo, 265486
1, 74052, Tempo, 266666
1, 74136, Tempo, 267857
1, 74220, Tempo, 269058
1, 74304, Tempo, 270270
1, 74388, Tempo, 271493
1, 76096, Tempo, 270270
1, 76264, Tempo, 269058
1, 76348, Tempo, 267857
1, 76432, Tempo, 266666
1, 76516, Tempo, 265486
1, 76600, Tempo, 264317
1, 76684, Tempo, 263157
1, 76768, Tempo, 262008
1, 76852, Tempo, 260869
1, 77888, Tempo, 447761
1, 82961, Tempo, 441176
1, 83381, Tempo, 444444
1, 83717, Tempo, 447761
1, 84137, Tempo, 451127
1, 84473, Tempo, 454545
1, 84893, Tempo, 458015
1, 85229, Tempo, 461538
1, 85649, Tempo, 465116
1, 87121, Tempo, 472440
1, 87289, Tempo, 476190
1, 87373, Tempo, 480000
1, 87457, Tempo, 483870
1, 87625, Tempo, 487804
1, 87709, Tempo, 491803
1, 87793, Tempo, 495867
1, 87877, Tempo, 500000
1, 88045, Tempo, 504201
1, 88129, Tempo, 508474
1, 88213, Tempo, 512820
1, 88297, Tempo, 517241
1, 88465, Tempo, 521739
1, 88549, Tempo, 526315
1, 88633, Tempo, 530973
1, 88801, Tempo, 535714
1, 88885, Tempo, 540540
1, 88969, Tempo, 545454
1, 89053, Tempo, 550458
1, 89221, Tempo, 555555
1, 89305, Tempo, 560747
1, 89389, Tempo, 566037
1, 89473, Tempo, 571428
1, 89641, Tempo, 576923
1, 90724, Tempo, 697674
1, 90788, Tempo, 740740
1, 91620, Tempo, 1200000
1, 91684, Tempo, 1818181
1, 92160, Time_signature, 2, 2, 24, 8
1, 92160, Tempo, 681818
1, 106532, Tempo, 697674
1, 108544, Time_signature, 3, 2, 24, 8
1, 108544, Tempo, 576923
1, 108580, Tempo, 937500
1, 108664, Tempo, 895522
1, 108748, Tempo, 857142
1, 108832, Tempo, 821917
1, 108916, Tempo, 789473
1, 109000, Tempo, 759493
1, 109084, Tempo, 731707
1, 109168, Tempo, 705882
1, 109252, Tempo, 681818
1, 109336, Tempo, 659340
1, 109420, Tempo, 638297
1, 109504, Tempo, 618556
1, 109588, Tempo, 600000
1, 113316, Tempo, 526315
1, 113736, Tempo, 521739
1, 114156, Tempo, 517241
1, 114576, Tempo, 512820
1, 114660, Tempo, 508474
1, 114828, Tempo, 504201
1, 114996, Tempo, 500000
1, 115164, Tempo, 495867
1, 115248, Tempo, 491803
1, 115416, Tempo, 487804
1, 115584, Tempo, 483870
1, 115752, Tempo, 480000
1, 115836, Tempo, 476190
1, 116004, Tempo, 472440
1, 116172, Tempo, 468750
1, 116340, Tempo, 465116
1, 116424, Tempo, 461538
1, 116592, Tempo, 458015
1, 116760, Tempo, 454545
1, 116928, Tempo, 451127
1, 117012, Tempo, 447761
1, 117180, Tempo, 444444
1, 117348, Tempo, 441176
1, 117516, Tempo, 437956
1, 117600, Tempo, 434782
1, 117732, Tempo, 431654
1, 117816, Tempo, 434782
1, 117900, Tempo, 437956
1, 117984, Tempo, 444444
1, 118068, Tempo, 447761
1, 118152, Tempo, 454545
1, 118236, Tempo, 458015
1, 118320, Tempo, 465116
1, 118404, Tempo, 468750
1, 118488, Tempo, 476190
1, 118572, Tempo, 480000
1, 118656, Tempo, 487804
1, 118740, Tempo, 491803
1, 118824, Tempo, 500000
1, 118908, Tempo, 504201
1, 118992, Tempo, 512820
1, 119076, Tempo, 517241
1, 119160, Tempo, 526315
1, 119244, Tempo, 530973
1, 121956, Tempo, 545454
1, 122020, Tempo, 526315
1, 122188, Tempo, 521739
1, 122356, Tempo, 517241
1, 122524, Tempo, 512820
1, 122692, Tempo, 508474
1, 122860, Tempo, 504201
1, 123028, Tempo, 500000
1, 123196, Tempo, 495867
1, 123364, Tempo, 491803
1, 123532, Tempo, 487804
1, 123700, Tempo, 483870
1, 123868, Tempo, 480000
1, 124036, Tempo, 476190
1, 124204, Tempo, 472440
1, 124372, Tempo, 468750
1, 124540, Tempo, 465116
1, 124708, Tempo, 461538
1, 124876, Tempo, 458015
1, 124964, Tempo, 454545
1, 125132, Tempo, 458015
1, 125216, Tempo, 461538
1, 125300, Tempo, 465116
1, 125384, Tempo, 468750
1, 125468, Tempo, 472440
1, 125552, Tempo, 476190
1, 125636, Tempo, 480000
1, 125720, Tempo, 483870
1, 125804, Tempo, 487804
1, 125888, Tempo, 491803
1, 125972, Tempo, 495867
1, 126056, Tempo, 500000
1, 126140, Tempo, 504201
1, 126224, Tempo, 508474
1, 126308, Tempo, 512820
1, 126392, Tempo, 517241
1, 126560, Tempo, 521739
1, 126644, Tempo, 526315
1, 126728, Tempo, 530973
1, 126812, Tempo, 535714
1, 126896, Tempo, 540540
1, 126974, Tempo, 535714
1, 127058, Tempo, 545454
1, 127142, Tempo, 560747
1, 127226, Tempo, 571428
1, 127310, Tempo, 588235
1, 127394, Tempo, 606060
1, 127478, Tempo, 618556
1, 127562, Tempo, 638297
1, 127646, Tempo, 659340
1, 127730, Tempo, 674157
1, 127814, Tempo, 697674
1, 127822, Tempo, 681818
1, 127906, Tempo, 697674
1, 127934, Tempo, 2142857
1, 127950, Tempo, 4285714
1, 127998, Tempo, 625000
1, 128062, Tempo, 606060
1, 128146, Tempo, 612244
1, 128230, Tempo, 625000
1, 128314, Tempo, 638297
1, 128398, Tempo, 652173
1, 128482, Tempo, 666666
1, 128566, Tempo, 681818
1, 128650, Tempo, 697674
1, 128734, Tempo, 714285
1, 128818, Tempo, 731707
1, 128902, Tempo, 750000
1, 128986, Tempo, 769230
1, 129070, Tempo, 789473
1, 129154, Tempo, 810810
1, 129238, Tempo, 821917
1, 129322, Tempo, 845070
1, 129406, Tempo, 869565
1, 129490, Tempo, 895522
1, 129574, Tempo, 923076
1, 129658, Tempo, 952380
1, 129742, Tempo, 983606
1, 129826, Tempo, 1016949
1, 129910, Tempo, 1052631
1, 129994, Tempo, 1090909
1, 130078, Tempo, 1132075
1, 130172, Tempo, 1224489
1, 130270, Tempo, 535714
1, 130522, Tempo, 530973
1, 133022, Tempo, 526315
1, 135262, Tempo, 535714
1, 135294, Tempo, 545454
1, 135462, Tempo, 550458
1, 135630, Tempo, 555555
1, 135798, Tempo, 560747
1, 135882, Tempo, 566037
1, 136050, Tempo, 571428
1, 136218, Tempo, 576923
1, 136302, Tempo, 582524
1, 136384, Tempo, 560747
1, 136454, Tempo, 566037
1, 136523, Tempo, 571428
1, 136592, Tempo, 576923
1, 136662, Tempo, 582524
1, 136731, Tempo, 588235
1, 136800, Tempo, 594059
1, 136870, Tempo, 600000
1, 136939, Tempo, 606060
1, 137008, Tempo, 612244
1, 137078, Tempo, 618556
1, 137147, Tempo, 625000
1, 137216, Tempo, 631578
1, 137286, Tempo, 638297
1, 137355, Tempo, 645161
1, 137424, Tempo, 652173
1, 137494, Tempo, 659340
1, 137563, Tempo, 666666
1, 137632, Tempo, 674157
1, 137702, Tempo, 681818
1, 137771, Tempo, 689655
1, 137840, Tempo, 697674
1, 137910, Tempo, 705882
1, 137979, Tempo, 714285
1, 138048, Tempo, 722891
1, 138366, Tempo, 1224489
1, 138432, Tempo, 2222222
1, 138496, Tempo, 1538461
1, 139264, Tempo, 172413
1, 160775, Tempo, 172910
1, 161027, Tempo, 173410
1, 161195, Tempo, 173913
1, 161447, Tempo, 174418
1, 161615, Tempo, 174927
1, 161783, Tempo, 175438
1, 162035, Tempo, 175953
1, 162203, Tempo, 176470
1, 162455, Tempo, 176991
1, 162623, Tempo, 177514
1, 162791, Tempo, 178041
1, 163043, Tempo, 178571
1, 163211, Tempo, 179104
1, 163463, Tempo, 179640
1, 163840, Time_signature, 1, 2, 24, 8
1, 163975, Tempo, 555555
1, 164007, Tempo, 1052631
1, 164343, Tempo, 1034482
1, 164863, Tempo, 508474
1, 164864, Time_signature, 3, 2, 24, 8
1, 165727, Tempo, 1153846
1, 165855, Tempo, 560747
1, 165887, Tempo, 495867
1, 179039, Tempo, 508474
1, 179291, Tempo, 512820
1, 179459, Tempo, 517241
1, 179627, Tempo, 521739
1, 179795, Tempo, 526315
1, 179963, Tempo, 530973
1, 180131, Tempo, 535714
1, 180299, Tempo, 540540
1, 180467, Tempo, 545454
1, 180635, Tempo, 550458
1, 180803, Tempo, 555555
1, 180971, Tempo, 560747
1, 181139, Tempo, 566037
1, 181727, Tempo, 681818
1, 181823, Tempo, 697674
1, 181907, Tempo, 714285
1, 181991, Tempo, 731707
1, 182075, Tempo, 759493
1, 182159, Tempo, 779220
1, 182243, Tempo, 800000
1, 182327, Tempo, 833333
1, 182411, Tempo, 857142
1, 182495, Tempo, 882352
1, 182579, Tempo, 923076
1, 182663, Tempo, 952380
1, 182747, Tempo, 983606
1, 182831, Tempo, 1034482
1, 182915, Tempo, 1071428
1, 182999, Tempo, 1111111
1, 183083, Tempo, 1176470
1, 183167, Tempo, 1224489
1, 183251, Tempo, 1276595
1, 183335, Tempo, 1363636
1, 183391, Tempo, 1666666
1, 185343, Tempo, 882352
1, 186368, Time_signature, 4, 2, 24, 8
1, 186368, Key_signature, -2, "major"
1, 186399, Tempo, 1153846
1, 192511, Tempo, 1200000
1, 192763, Tempo, 1224489
1, 193015, Tempo, 1250000
1, 193267, Tempo, 1276595
1, 193519, Tempo, 1304347
1, 193771, Tempo, 1333333
1, 194023, Tempo, 1363636
1, 194275, Tempo, 1395348
1, 194527, Tempo, 1428571
1, 194560, Time_signature, 3, 2, 24, 8
1, 194591, Tempo, 1428571
1, 194675, Tempo, 1395348
1, 194759, Tempo, 1363636
1, 194819, Tempo, 437956
1, 202715, Tempo, 405405
1, 202723, Tempo, 441176
1, 202891, Tempo, 444444
1, 202975, Tempo, 447761
1, 203143, Tempo, 451127
1, 203227, Tempo, 454545
1, 203395, Tempo, 458015
1, 203479, Tempo, 461538
1, 203563, Tempo, 465116
1, 203731, Tempo, 468750
1, 203815, Tempo, 472440
1, 203983, Tempo, 476190
1, 204067, Tempo, 480000
1, 204151, Tempo, 483870
1, 204319, Tempo, 487804
1, 204403, Tempo, 491803
1, 204571, Tempo, 495867
1, 204655, Tempo, 500000
1, 204823, Tempo, 504201
1, 204907, Tempo, 508474
1, 204991, Tempo, 512820
1, 205159, Tempo, 517241
1, 205243, Tempo, 521739
1, 205411, Tempo, 526315
1, 205495, Tempo, 530973
1, 205579, Tempo, 535714
1, 205747, Tempo, 540540
1, 205831, Tempo, 545454
1, 205999, Tempo, 550458
1, 206075, Tempo, 521739
1, 209179, Tempo, 526315
1, 209431, Tempo, 521739
1, 209683, Tempo, 517241
1, 209935, Tempo, 512820
1, 210187, Tempo, 508474
1, 210439, Tempo, 504201
1, 210691, Tempo, 500000
1, 210859, Tempo, 495867
1, 211111, Tempo, 491803
1, 211363, Tempo, 487804
1, 211615, Tempo, 483870
1, 211867, Tempo, 480000
1, 212119, Tempo, 476190
1, 212371, Tempo, 472440
1, 212539, Tempo, 468750
1, 212791, Tempo, 465116
1, 214979, Tempo, 468750
1, 215063, Tempo, 465116
1, 215147, Tempo, 461538
1, 215231, Tempo, 458015
1, 215315, Tempo, 454545
1, 215399, Tempo, 447761
1, 215483, Tempo, 444444
1, 215567, Tempo, 441176
1, 215651, Tempo, 437956
1, 215735, Tempo, 434782
1, 215819, Tempo, 428571
1, 215903, Tempo, 425531
1, 215971, Tempo, 454545
1, 216211, Tempo, 458015
1, 216451, Tempo, 461538
1, 216691, Tempo, 465116
1, 216931, Tempo, 468750
1, 217059, Tempo, 594059
1, 217559, Tempo, 504201
1, 217643, Tempo, 508474
1, 217727, Tempo, 512820
1, 217811, Tempo, 517241
1, 217895, Tempo, 521739
1, 217979, Tempo, 530973
1, 218063, Tempo, 535714
1, 218147, Tempo, 540540
1, 218231, Tempo, 545454
1, 218315, Tempo, 550458
1, 218399, Tempo, 560747
1, 218483, Tempo, 566037
1, 218567, Tempo, 571428
1, 218651, Tempo, 576923
1, 218735, Tempo, 588235
1, 218819, Tempo, 594059
1, 218903, Tempo, 600000
1, 218987, Tempo, 606060
1, 219071, Tempo, 612244
1, 219155, Tempo, 625000
1, 219239, Tempo, 631578
1, 219323, Tempo, 638297
1, 219407, Tempo, 645161
1, 220535, Tempo, 666666
1, 220787, Tempo, 674157
1, 220955, Tempo, 681818
1, 221123, Tempo, 689655
1, 221291, Tempo, 697674
1, 221543, Tempo, 705882
1, 221711, Tempo, 714285
1, 221879, Tempo, 722891
1, 222047, Tempo, 731707
1, 223575, Tempo, 1052631
1, 223799, Tempo, 705882
1, 224051, Tempo, 714285
1, 225959, Tempo, 722891
1, 226139, Tempo, 1666666
1, 226171, Tempo, 1621621
1, 226203, Tempo, 1578947
1, 226235, Tempo, 1538461
1, 226295, Tempo, 740740
1, 227159, Tempo, 2857142
1, 227319, Tempo, 722891
1, 227351, Tempo, 952380
1, 229559, Tempo, 983606
1, 229727, Tempo, 1000000
1, 229811, Tempo, 1016949
1, 229895, Tempo, 1034482
1, 229979, Tempo, 1052631
1, 230063, Tempo, 1071428
1, 230147, Tempo, 1090909
1, 230231, Tempo, 1111111
1, 230315, Tempo, 1132075
1, 230483, Tempo, 1153846
1, 230567, Tempo, 1176470
1, 230651, Tempo, 1200000
1, 230735, Tempo, 1224489
1, 230819, Tempo, 1250000
1, 230903, Tempo, 1276595
1, 230987, Tempo, 1304347
1, 231071, Tempo, 1333333
1, 231239, Tempo, 1363636
1, 231424, Time_signature, 4, 2, 24, 8
1, 231424, Key_signature, 2, "major"
1, 231424, Tempo, 379746
1, 231447, Tempo, 508474
1, 231531, Tempo, 483870
1, 231615, Tempo, 461538
1, 231699, Tempo, 441176
1, 231783, Tempo, 422535
1, 231867, Tempo, 405405
1, 231951, Tempo, 389610
1, 247808, Time_signature, 3, 2, 24, 8
1, 247808, Tempo, 576923
1, 247811, Tempo, 480000
1, 247895, Tempo, 476190
1, 257155, Tempo, 495867
1, 257323, Tempo, 500000
1, 257407, Tempo, 504201
1, 257575, Tempo, 508474
1, 257659, Tempo, 512820
1, 257827, Tempo, 517241
1, 257911, Tempo, 521739
1, 258079, Tempo, 526315
1, 258163, Tempo, 530973
1, 258247, Tempo, 535714
1, 258415, Tempo, 540540
1, 258499, Tempo, 545454
1, 258667, Tempo, 550458
1, 258751, Tempo, 555555
1, 258919, Tempo, 560747
1, 259003, Tempo, 566037
1, 259171, Tempo, 571428
1, 259255, Tempo, 576923
1, 259339, Tempo, 582524
1, 259507, Tempo, 588235
1, 259591, Tempo, 594059
1, 259759, Tempo, 600000
1, 259843, Tempo, 606060
1, 260011, Tempo, 612244
1, 261507, Tempo, 606060
1, 261571, Tempo, 594059
1, 261739, Tempo, 588235
1, 261907, Tempo, 582524
1, 262075, Tempo, 576923
1, 262243, Tempo, 571428
1, 262411, Tempo, 566037
1, 262579, Tempo, 560747
1, 262747, Tempo, 555555
1, 262915, Tempo, 550458
1, 263083, Tempo, 545454
1, 263251, Tempo, 540540
1, 263419, Tempo, 535714
1, 263587, Tempo, 530973
1, 263755, Tempo, 526315
1, 263923, Tempo, 521739
1, 264091, Tempo, 517241
1, 264259, Tempo, 512820
1, 264427, Tempo, 508474
1, 264595, Tempo, 504201
1, 264763, Tempo, 500000
1, 264931, Tempo, 495867
1, 265099, Tempo, 491803
1, 265219, Tempo, 487804
1, 265807, Tempo, 483870
1, 266311, Tempo, 480000
1, 266815, Tempo, 476190
1, 267391, Tempo, 476190
1, 267475, Tempo, 480000
1, 267559, Tempo, 483870
1, 267643, Tempo, 487804
1, 267727, Tempo, 491803
1, 267895, Tempo, 495867
1, 267979, Tempo, 500000
1, 268063, Tempo, 504201
1, 268147, Tempo, 508474
1, 268231, Tempo, 512820
1, 268315, Tempo, 517241
1, 268483, Tempo, 521739
1, 268567, Tempo, 526315
1, 268651, Tempo, 530973
1, 268735, Tempo, 535714
1, 268819, Tempo, 540540
1, 268903, Tempo, 545454
1, 269071, Tempo, 550458
1, 269155, Tempo, 555555
1, 269239, Tempo, 560747
1, 269323, Tempo, 566037
1, 269379, Tempo, 582524
1, 269463, Tempo, 594059
1, 269547, Tempo, 606060
1, 269631, Tempo, 618556
1, 269715, Tempo, 638297
1, 269799, Tempo, 652173
1, 269883, Tempo, 666666
1, 269967, Tempo, 681818
1, 270051, Tempo, 705882
1, 270135, Tempo, 722891
1, 270219, Tempo, 740740
1, 270275, Tempo, 618556
1, 271235, Tempo, 833333
1, 276291, Tempo, 2857142
1, 276483, Tempo, 937500
1, 278147, Tempo, 594059
1, 279555, Tempo, 882352
1, 280515, Tempo, 652173
1, 281411, Tempo, 1153846
1, 281600, Time_signature, 1, 2, 24, 8
1, 281663, Tempo, 1132075
1, 282624, Time_signature, 4, 2, 24, 8
1, 282627, Tempo, 375000
1, 282795, Tempo, 372670
1, 328988, Tempo, 365853
1, 329072, Tempo, 368098
1, 329156, Tempo, 372670
1, 329240, Tempo, 377358
1, 329324, Tempo, 379746
1, 329408, Tempo, 384615
1, 329492, Tempo, 389610
1, 329576, Tempo, 392156
1, 329660, Tempo, 397350
1, 329744, Tempo, 402684
1, 329828, Tempo, 405405
1, 329912, Tempo, 410958
1, 329996, Tempo, 416666
1, 330080, Tempo, 419580
1, 330164, Tempo, 425531
1, 330248, Tempo, 431654
1, 330332, Tempo, 434782
1, 330780, Tempo, 365853
1, 362076, Tempo, 375000
1, 362160, Tempo, 377358
1, 362244, Tempo, 382165
1, 362328, Tempo, 387096
1, 362412, Tempo, 392156
1, 362496, Tempo, 394736
1, 362580, Tempo, 400000
1, 362664, Tempo, 405405
1, 362748, Tempo, 410958
1, 362832, Tempo, 413793
1, 362916, Tempo, 419580
1, 363000, Tempo, 425531
1, 363084, Tempo, 431654
1, 363168, Tempo, 434782
1, 363548, Tempo, 382165
1, 376844, Tempo, 382165
1, 377684, Tempo, 384615
1, 378524, Tempo, 387096
1, 379364, Tempo, 389610
1, 380204, Tempo, 392156
1, 426895, Tempo, 394736
1, 426979, Tempo, 397350
1, 427063, Tempo, 402684
1, 427147, Tempo, 408163
1, 427231, Tempo, 413793
1, 427315, Tempo, 419580
1, 427399, Tempo, 425531
1, 427483, Tempo, 431654
1, 427567, Tempo, 437956
1, 427651, Tempo, 444444
1, 427735, Tempo, 451127
1, 427819, Tempo, 458015
1, 427903, Tempo, 465116
1, 427987, Tempo, 472440
1, 428071, Tempo, 480000
1, 428155, Tempo, 487804
1, 428239, Tempo, 495867
1, 429007, Tempo, 410958
1, 454607, Tempo, 416666
1, 455111, Tempo, 413793
1, 455615, Tempo, 410958
1, 456035, Tempo, 408163
1, 456539, Tempo, 405405
1, 456959, Tempo, 402684
1, 457463, Tempo, 400000
1, 457883, Tempo, 397350
1, 458387, Tempo, 394736
1, 459727, Tempo, 400000
1, 459811, Tempo, 402684
1, 459895, Tempo, 408163
1, 459979, Tempo, 413793
1, 460063, Tempo, 416666
1, 460147, Tempo, 422535
1, 460231, Tempo, 428571
1, 460315, Tempo, 431654
1, 460399, Tempo, 437956
1, 460483, Tempo, 444444
1, 460567, Tempo, 447761
1, 460651, Tempo, 454545
1, 460735, Tempo, 461538
1, 460819, Tempo, 468750
1, 460903, Tempo, 472440
1, 460987, Tempo, 480000
1, 461071, Tempo, 487804
1, 461155, Tempo, 491803
1, 461239, Tempo, 500000
1, 461903, Tempo, 405405
1, 477135, Tempo, 405405
1, 477387, Tempo, 408163
1, 477639, Tempo, 410958
1, 477807, Tempo, 413793
1, 478059, Tempo, 416666
1, 478311, Tempo, 419580
1, 478479, Tempo, 422535
1, 478731, Tempo, 425531
1, 478899, Tempo, 428571
1, 479311, Tempo, 394736
1, 479346, Tempo, 410958
1, 522251, Tempo, 410958
1, 522503, Tempo, 408163
1, 522671, Tempo, 405405
1, 522839, Tempo, 402684
1, 523007, Tempo, 400000
1, 523175, Tempo, 397350
1, 523343, Tempo, 394736
1, 523595, Tempo, 392156
1, 523763, Tempo, 389610
1, 523931, Tempo, 387096
1, 524099, Tempo, 384615
1, 524235, Tempo, 382165
1, 524571, Tempo, 384615
1, 524823, Tempo, 387096
1, 525075, Tempo, 389610
1, 525327, Tempo, 392156
1, 525579, Tempo, 394736
1, 525831, Tempo, 397350
1, 526083, Tempo, 400000
1, 526335, Tempo, 402684
1, 526671, Tempo, 405405
1, 526923, Tempo, 408163
1, 527435, Tempo, 416666
1, 527519, Tempo, 425531
1, 527603, Tempo, 434782
1, 527687, Tempo, 444444
1, 527771, Tempo, 458015
1, 527855, Tempo, 468750
1, 527939, Tempo, 480000
1, 528023, Tempo, 491803
1, 528395, Tempo, 400000
1, 577478, Tempo, 405405
1, 696360, Tempo, 382165
1, 698712, Tempo, 379746
1, 701064, Tempo, 377358
1, 703322, Tempo, 382165
1, 706213, Tempo, 379746
1, 709104, Tempo, 377358
1, 711994, Tempo, 375000
1, 724954, Tempo, 375000
1, 726002, Tempo, 372670
1, 727050, Tempo, 370370
1, 728098, Tempo, 368098
1, 729146, Tempo, 365853
1, 736461, Tempo, 357142
1, 736545, Tempo, 368098
1, 736629, Tempo, 379746
1, 736713, Tempo, 392156
1, 736797, Tempo, 408163
1, 736881, Tempo, 422535
1, 736965, Tempo, 437956
1, 737049, Tempo, 454545
1, 737280, Time_signature, 1, 3, 12, 8
1, 737421, Tempo, 1333333
1, 737485, Tempo, 779220
1, 737792, Time_signature, 4, 2, 24, 8
1, 737792, Tempo, 750000
1, 737869, Tempo, 625000
1, 740813, Tempo, 652173
1, 740981, Tempo, 659340
1, 741149, Tempo, 666666
1, 741317, Tempo, 674157
1, 741401, Tempo, 681818
1, 741569, Tempo, 689655
1, 741737, Tempo, 697674
1, 742861, Tempo, 722891
1, 743029, Tempo, 731707
1, 743113, Tempo, 740740
1, 743197, Tempo, 750000
1, 743281, Tempo, 759493
1, 743365, Tempo, 769230
1, 743449, Tempo, 779220
1, 743533, Tempo, 789473
1, 743617, Tempo, 800000
1, 743701, Tempo, 810810
1, 743869, Tempo, 821917
1, 745233, Tempo, 800000
1, 745653, Tempo, 810810
1, 745989, Tempo, 821917
1, 746325, Tempo, 833333
1, 746661, Tempo, 845070
1, 747081, Tempo, 857142
1, 747417, Tempo, 869565
1, 747753, Tempo, 882352
1, 748089, Tempo, 895522
1, 749393, Tempo, 387096
1, 749477, Tempo, 382165
1, 749561, Tempo, 377358
1, 749645, Tempo, 372670
1, 749729, Tempo, 368098
1, 749813, Tempo, 363636
1, 749897, Tempo, 359281
1, 749981, Tempo, 352941
1, 750065, Tempo, 348837
1, 750149, Tempo, 344827
1, 750233, Tempo, 340909
1, 757777, Tempo, 245901
1, 757875, Tempo, 259740
1, 758272, Time_signature, 3, 2, 24, 8
1, 758272, Key_signature, -1, "major"
1, 762163, Tempo, 267857
1, 763059, Tempo, 255319
1, 763123, Tempo, 267857
1, 763459, Tempo, 266666
1, 763795, Tempo, 265486
1, 764131, Tempo, 264317
1, 764467, Tempo, 263157
1, 764719, Tempo, 262008
1, 765055, Tempo, 260869
1, 765391, Tempo, 259740
1, 765727, Tempo, 258620
1, 765979, Tempo, 257510
1, 766315, Tempo, 256410
1, 766651, Tempo, 255319
1, 766987, Tempo, 254237
1, 767239, Tempo, 253164
1, 780531, Tempo, 264317
1, 780659, Tempo, 306122
1, 780827, Tempo, 304568
1, 780851, Tempo, 275229
1, 782899, Tempo, 576923
1, 785715, Tempo, 779220
1, 785779, Tempo, 1016949
1, 786031, Tempo, 1000000
1, 786355, Tempo, 571428
1, 791731, Tempo, 582524
1, 791983, Tempo, 588235
1, 792235, Tempo, 594059
1, 792487, Tempo, 600000
1, 792739, Tempo, 606060
1, 792907, Tempo, 612244
1, 793159, Tempo, 618556
1, 793411, Tempo, 625000
1, 793663, Tempo, 631578
1, 794419, Tempo, 1500000
1, 794547, Tempo, 571428
1, 794611, Tempo, 697674
1, 794779, Tempo, 689655
1, 794863, Tempo, 681818
1, 794947, Tempo, 674157
1, 795031, Tempo, 666666
1, 795115, Tempo, 659340
1, 795136, Time_signature, 4, 2, 24, 8
1, 795199, Tempo, 652173
1, 795283, Tempo, 645161
1, 795367, Tempo, 638297
1, 795535, Tempo, 631578
1, 795619, Tempo, 625000
1, 795703, Tempo, 618556
1, 795787, Tempo, 612244
1, 795871, Tempo, 606060
1, 795955, Tempo, 600000
1, 796039, Tempo, 594059
1, 796123, Tempo, 588235
1, 796291, Tempo, 582524
1, 796375, Tempo, 576923
1, 797491, Tempo, 571428
1, 797575, Tempo, 576923
1, 797619, Tempo, 560747
1, 797703, Tempo, 566037
1, 797787, Tempo, 571428
1, 797871, Tempo, 576923
1, 797955, Tempo, 582524
1, 798039, Tempo, 588235
1, 798123, Tempo, 600000
1, 798207, Tempo, 606060
1, 798291, Tempo, 612244
1, 798375, Tempo, 618556
1, 798459, Tempo, 625000
1, 798543, Tempo, 631578
1, 798627, Tempo, 645161
1, 798711, Tempo, 652173
1, 798795, Tempo, 659340
1, 798879, Tempo, 666666
1, 798963, Tempo, 674157
1, 799047, Tempo, 681818
1, 799131, Tempo, 697674
1, 799215, Tempo, 705882
1, 799232, Time_signature, 3, 2, 24, 8
1, 799299, Tempo, 714285
1, 802396, Tempo, 697674
1, 802648, Tempo, 705882
1, 802816, Tempo, 714285
1, 802984, Tempo, 722891
1, 803152, Tempo, 731707
1, 803320, Tempo, 740740
1, 803488, Tempo, 750000
1, 803656, Tempo, 759493
1, 803824, Tempo, 769230
1, 803992, Tempo, 779220
1, 804160, Tempo, 789473
1, 804328, Tempo, 800000
1, 804496, Tempo, 810810
1, 804664, Tempo, 821917
1, 804832, Tempo, 833333
1, 805000, Tempo, 845070
1, 805168, Tempo, 857142
1, 805336, Tempo, 869565
1, 805504, Tempo, 882352
1, 805672, Tempo, 895522
1, 805840, Tempo, 909090
1, 806008, Tempo, 923076
1, 806172, Tempo, 1016949
1, 806676, Tempo, 1034482
1, 806940, Tempo, 697674
1, 813292, Tempo, 789473
1, 813544, Tempo, 800000
1, 813880, Tempo, 810810
1, 814132, Tempo, 821917
1, 814468, Tempo, 833333
1, 814720, Tempo, 845070
1, 815056, Tempo, 857142
1, 815308, Tempo, 869565
1, 815324, Tempo, 857142
1, 815492, Tempo, 845070
1, 815576, Tempo, 833333
1, 815744, Tempo, 821917
1, 815828, Tempo, 810810
1, 815912, Tempo, 800000
1, 816080, Tempo, 789473
1, 816164, Tempo, 779220
1, 816248, Tempo, 769230
1, 816416, Tempo, 759493
1, 816500, Tempo, 750000
1, 816668, Tempo, 740740
1, 816752, Tempo, 731707
1, 816836, Tempo, 722891
1, 817004, Tempo, 714285
1, 817088, Tempo, 705882
1, 817172, Tempo, 697674
1, 817340, Tempo, 689655
1, 817424, Tempo, 681818
1, 817592, Tempo, 674157
1, 817756, Tempo, 1111111
1, 818140, Tempo, 882352
1, 818308, Tempo, 869565
1, 818476, Tempo, 857142
1, 818560, Tempo, 845070
1, 818728, Tempo, 833333
1, 818812, Tempo, 821917
1, 818980, Tempo, 810810
1, 819064, Tempo, 800000
1, 819232, Tempo, 789473
1, 819316, Tempo, 779220
1, 819484, Tempo, 769230
1, 819568, Tempo, 759493
1, 819736, Tempo, 750000
1, 819820, Tempo, 740740
1, 819988, Tempo, 731707
1, 820072, Tempo, 722891
1, 820240, Tempo, 714285
1, 820324, Tempo, 705882
1, 820492, Tempo, 697674
1, 820576, Tempo, 689655
1, 822300, Tempo, 800000
1, 822384, Tempo, 810810
1, 822468, Tempo, 821917
1, 822552, Tempo, 833333
1, 822636, Tempo, 845070
1, 822720, Tempo, 857142
1, 822804, Tempo, 869565
1, 822888, Tempo, 882352
1, 822972, Tempo, 895522
1, 823056, Tempo, 909090
1, 823140, Tempo, 923076
1, 823224, Tempo, 937500
1, 823308, Tempo, 952380
1, 823392, Tempo, 967741
1, 823476, Tempo, 1000000
1, 823560, Tempo, 1016949
1, 823644, Tempo, 1034482
1, 823776, Tempo, 1000000
1, 823836, Tempo, 705882
1, 825628, Tempo, 560747
1, 825692, Tempo, 582524
1, 826880, Key_signature, 2, "major"
1, 828700, Tempo, 1071428
1, 828828, Tempo, 759493
1, 831065, Tempo, 740740
1, 831317, Tempo, 731707
1, 831485, Tempo, 722891
1, 831653, Tempo, 714285
1, 831821, Tempo, 705882
1, 831989, Tempo, 697674
1, 832157, Tempo, 689655
1, 832325, Tempo, 681818
1, 832493, Tempo, 674157
1, 832661, Tempo, 666666
1, 832829, Tempo, 659340
1, 832997, Tempo, 652173
1, 833165, Tempo, 645161
1, 833333, Tempo, 638297
1, 833585, Tempo, 631578
1, 833753, Tempo, 625000
1, 833921, Tempo, 618556
1, 834089, Tempo, 612244
1, 834257, Tempo, 606060
1, 834425, Tempo, 600000
1, 834593, Tempo, 594059
1, 834761, Tempo, 588235
1, 834929, Tempo, 582524
1, 835097, Tempo, 576923
1, 835265, Tempo, 571428
1, 835433, Tempo, 566037
1, 835601, Tempo, 560747
1, 835853, Tempo, 555555
1, 836021, Tempo, 550458
1, 836121, Tempo, 545454
1, 836205, Tempo, 550458
1, 836289, Tempo, 555555
1, 836373, Tempo, 560747
1, 836457, Tempo, 566037
1, 836541, Tempo, 571428
1, 836625, Tempo, 582524
1, 836709, Tempo, 588235
1, 836793, Tempo, 594059
1, 836877, Tempo, 600000
1, 836961, Tempo, 606060
1, 837045, Tempo, 618556
1, 837129, Tempo, 625000
1, 837213, Tempo, 631578
1, 837297, Tempo, 638297
1, 837381, Tempo, 645161
1, 837465, Tempo, 659340
1, 837549, Tempo, 666666
1, 837633, Tempo, 674157
1, 837717, Tempo, 681818
1, 837801, Tempo, 689655
1, 837885, Tempo, 705882
1, 837969, Tempo, 714285
1, 838053, Tempo, 722891
1, 838137, Tempo, 731707
1, 838221, Tempo, 740740
1, 838305, Tempo, 750000
1, 838389, Tempo, 769230
1, 838473, Tempo, 779220
1, 838557, Tempo, 789473
1, 838641, Tempo, 800000
1, 838725, Tempo, 810810
1, 838809, Tempo, 833333
1, 838893, Tempo, 845070
1, 838977, Tempo, 857142
1, 839061, Tempo, 869565
1, 839145, Tempo, 882352
1, 839229, Tempo, 909090
1, 839313, Tempo, 923076
1, 839397, Tempo, 937500
1, 839481, Tempo, 952380
1, 839565, Tempo, 967741
1, 839580, Tempo, 1052631
1, 839836, Tempo, 2727272
1, 839868, Tempo, 1428571
1, 840028, Tempo, 652173
1, 843097, Tempo, 666666
1, 843181, Tempo, 674157
1, 843265, Tempo, 681818
1, 843324, Tempo, 810810
1, 843492, Tempo, 821917
1, 843660, Tempo, 833333
1, 843828, Tempo, 845070
1, 843996, Tempo, 857142
1, 844164, Tempo, 869565
1, 844332, Tempo, 882352
1, 844500, Tempo, 895522
1, 844668, Tempo, 909090
1, 844836, Tempo, 923076
1, 845004, Tempo, 937500
1, 845172, Tempo, 952380
1, 845340, Tempo, 967741
1, 845508, Tempo, 983606
1, 845676, Tempo, 1000000
1, 845844, Tempo, 1016949
1, 846012, Tempo, 1034482
1, 846180, Tempo, 1276595
1, 846600, Tempo, 1304347
1, 846961, Tempo, 1395348
1, 847045, Tempo, 1428571
1, 847068, Tempo, 2500000
1, 847213, Tempo, 612244
1, 848384, Time_signature, 1, 3, 12, 8
1, 848444, Tempo, 2068965
1, 848476, Tempo, 1276595
1, 848896, Time_signature, 4, 2, 24, 8
1, 848896, Tempo, 379746
1, 1016803, Tempo, 382165
1, 1017727, Tempo, 379746
1, 1018651, Tempo, 377358
1, 1019575, Tempo, 375000
1, 1020499, Tempo, 372670
1, 1021423, Tempo, 370370
1, 1022347, Tempo, 368098
1, 1023187, Tempo, 365853
1, 1024111, Tempo, 363636
1, 1027907, Tempo, 419580
1, 1028067, Tempo, 375000
1, 1184778, Tempo, 370370
1, 1185870, Tempo, 368098
1, 1186878, Tempo, 365853
1, 1187886, Tempo, 363636
1, 1225718, Tempo, 405405
1, 1225817, Tempo, 397350
1, 1225913, Tempo, 400000
1, 1226009, Tempo, 402684
1, 1226105, Tempo, 408163
1, 1226201, Tempo, 410958
1, 1226297, Tempo, 416666
1, 1226393, Tempo, 419580
1, 1226489, Tempo, 425531
1, 1226585, Tempo, 428571
1, 1226681, Tempo, 434782
1, 1226777, Tempo, 437956
1, 1226873, Tempo, 444444
1, 1226969, Tempo, 447761
1, 1227065, Tempo, 454545
1, 1227161, Tempo, 458015
1, 1227257, Tempo, 465116
1, 1227353, Tempo, 468750
1, 1227449, Tempo, 476190
1, 1227545, Tempo, 480000
1, 1227641, Tempo, 487804
1, 1227737, Tempo, 491803
1, 1227833, Tempo, 495867
1, 1227929, Tempo, 504201
1, 1228025, Tempo, 508474
1, 1228121, Tempo, 517241
1, 1228217, Tempo, 521739
1, 1228313, Tempo, 530973
1, 1228409, Tempo, 535714
1, 1228505, Tempo, 545454
1, 1228601, Tempo, 550458
1, 1228697, Tempo, 560747
1, 1228793, Tempo, 566037
1, 1228889, Tempo, 576923
1, 1228985, Tempo, 582524
1, 1229081, Tempo, 594059
1, 1229177, Tempo, 600000
1, 1229273, Tempo, 612244
1, 1229369, Tempo, 618556
1, 1229465, Tempo, 631578
1, 1229561, Tempo, 638297
1, 1229657, Tempo, 652173
1, 1229824, Time_signature, 4, 1, 48, 8
1, 1229824, Tempo, 705882
1, 1238016, Time_signature, 1, 2, 24, 8
1, 1239040, Time_signature, 6, 3, 36, 8
1, 1239040, Key_signature, -2, "major"
1, 1239040, Tempo, 307692
1, 1239066, Tempo, 320855
1, 1540067, Tempo, 320855
1, 1540571, Tempo, 319148
1, 1541075, Tempo, 317460
1, 1541495, Tempo, 315789
1, 1541999, Tempo, 314136
1, 1542503, Tempo, 312500
1, 1542923, Tempo, 310880
1, 1543427, Tempo, 309278
1, 1543931, Tempo, 307692
1, 1544351, Tempo, 306122
1, 1544855, Tempo, 304568
1, 1545275, Tempo, 303030
1, 1545779, Tempo, 301507
1, 1546240, Tempo, 297029
1, 1736704, Key_signature, 2, "major"
1, 1792035, Tempo, 297029
1, 1798167, Tempo, 295566
1, 1804299, Tempo, 294117
1, 1810403, Tempo, 300000
1, 1835067, Tempo, 309278
1, 1847291, Tempo, 320855
1, 1865723, Tempo, 329670
1, 1884155, Tempo, 326086
1, 1884191, Tempo, 314136
1, 1884443, Tempo, 312500
1, 1884695, Tempo, 310880
1, 1884947, Tempo, 309278
1, 1885199, Tempo, 307692
1, 1885451, Tempo, 306122
1, 1885703, Tempo, 304568
1, 1885955, Tempo, 303030
1, 1886207, Tempo, 301507
1, 1886459, Tempo, 300000
1, 1886711, Tempo, 298507
1, 1886963, Tempo, 297029
1, 1887215, Tempo, 295566
1, 1887467, Tempo, 294117
1, 1887719, Tempo, 292682
1, 1887971, Tempo, 291262
1, 1888223, Tempo, 289855
1, 1888475, Tempo, 288461
1, 1888727, Tempo, 287081
1, 1888979, Tempo, 285714
1, 1889231, Tempo, 284360
1, 1889483, Tempo, 283018
1, 1889735, Tempo, 281690
1, 1889987, Tempo, 280373
1, 1890239, Tempo, 279069
1, 2043878, Tempo, 289855
1, 2044130, Tempo, 291262
1, 2044298, Tempo, 292682
1, 2044466, Tempo, 294117
1, 2044634, Tempo, 295566
1, 2044802, Tempo, 297029
1, 2044970, Tempo, 298507
1, 2045138, Tempo, 300000
1, 2045306, Tempo, 301507
1, 2045474, Tempo, 303030
1, 2045642, Tempo, 304568
1, 2045810, Tempo, 306122
1, 2045978, Tempo, 307692
1, 2046146, Tempo, 309278
1, 2046398, Tempo, 310880
1, 2046566, Tempo, 312500
1, 2046734, Tempo, 314136
1, 2046902, Tempo, 315789
1, 2050048, End_track
2, 0, Start_track
2, 0, Title_t, "Piccolo"
2, 0, Program_c, 0, 73
2, 2050048, End_track
3, 0, Start_track
3, 0, Title_t, "Flute"
3, 0, Program_c, 0, 73
3, 0, Control_c, 0, 121, 127
3, 0, Control_c, 0, 91, 127
3, 0, Control_c, 0, 1, 10
3, 0, Control_c, 0, 10, 20
3, 0, Control_c, 0, 11, 80
3, 2048, Note_on_c, 0, 70, 105
3, 2048, Note_on_c, 0, 82, 105
3, 4301, Note_on_c, 0, 70, 0
3, 4301, Note_on_c, 0, 82, 0
3, 4608, Note_on_c, 0, 69, 94
3, 4608, Note_on_c, 0, 81, 94
3, 4864, Note_on_c, 0, 69, 0
3, 4864, Note_on_c, 0, 81, 0
3, 5120, Note_on_c, 0, 69, 95
3, 5120, Note_on_c, 0, 81, 95
3, 5376, Note_on_c, 0, 69, 0
3, 5376, Note_on_c, 0, 81, 0
3, 5632, Note_on_c, 0, 74, 95
3, 5632, Note_on_c, 0, 86, 95
3, 5888, Note_on_c, 0, 74, 0
3, 5888, Note_on_c, 0, 86, 0
3, 6144, Note_on_c, 0, 74, 95
3, 6144, Note_on_c, 0, 86, 95
3, 6400, Note_on_c, 0, 74, 0
3, 6400, Note_on_c, 0, 86, 0
3, 6656, Note_on_c, 0, 77, 96
3, 6656, Note_on_c, 0, 89, 96
3, 6912, Note_on_c, 0, 77, 0
3, 6912, Note_on_c, 0, 89, 0
3, 7168, Note_on_c, 0, 77, 96
3, 7168, Note_on_c, 0, 89, 96
3, 7424, Note_on_c, 0, 77, 0
3, 7424, Note_on_c, 0, 89, 0
3, 7680, Note_on_c, 0, 81, 97
3, 7680, Note_on_c, 0, 93, 97
3, 7936, Note_on_c, 0, 81, 0
3, 7936, Note_on_c, 0, 93, 0
3, 8192, Note_on_c, 0, 81, 97
3, 8192, Note_on_c, 0, 93, 97
3, 8448, Note_on_c, 0, 81, 0
3, 8448, Note_on_c, 0, 93, 0
3, 8704, Note_on_c, 0, 74, 97
3, 8704, Note_on_c, 0, 86, 97
3, 8960, Note_on_c, 0, 74, 0
3, 8960, Note_on_c, 0, 86, 0
3, 9216, Note_on_c, 0, 74, 98
3, 9216, Note_on_c, 0, 86, 98
3, 9472, Note_on_c, 0, 74, 0
3, 9472, Note_on_c, 0, 86, 0
3, 9728, Note_on_c, 0, 77, 98
3, 9728, Note_on_c, 0, 89, 98
3, 9984, Note_on_c, 0, 77, 0
3, 9984, Note_on_c, 0, 89, 0
3, 10240, Note_on_c, 0, 77, 99
3, 10240, Note_on_c, 0, 89, 99
3, 10496, Note_on_c, 0, 77, 0
3, 10496, Note_on_c, 0, 89, 0
3, 10752, Note_on_c, 0, 81, 99
3, 11008, Note_on_c, 0, 81, 0
3, 11264, Note_on_c, 0, 81, 99
3, 11520, Note_on_c, 0, 81, 0
3, 11776, Note_on_c, 0, 86, 100
3, 12032, Note_on_c, 0, 86, 0
3, 12288, Note_on_c, 0, 86, 100
3, 12544, Note_on_c, 0, 86, 0
3, 12800, Note_on_c, 0, 77, 101
3, 13056, Note_on_c, 0, 77, 0
3, 13312, Note_on_c, 0, 77, 101
3, 13568, Note_on_c, 0, 77, 0
3, 13824, Note_on_c, 0, 81, 101
3, 14080, Note_on_c, 0, 81, 0
3, 14336, Note_on_c, 0, 81, 102
3, 14592, Note_on_c, 0, 81, 0
3, 14848, Note_on_c, 0, 74, 102
3, 15104, Note_on_c, 0, 74, 0
3, 15360, Note_on_c, 0, 74, 99
3, 15616, Note_on_c, 0, 74, 0
3, 15872, Note_on_c, 0, 77, 100
3, 15872, Note_on_c, 0, 86, 100
3, 16128, Note_on_c, 0, 77, 0
3, 16128, Note_on_c, 0, 86, 0
3, 16384, Note_on_c, 0, 77, 102
3, 16384, Note_on_c, 0, 86, 102
3, 16640, Note_on_c, 0, 77, 0
3, 16640, Note_on_c, 0, 86, 0
3, 16896, Note_on_c, 0, 78, 104
3, 16896, Note_on_c, 0, 86, 104
3, 17152, Note_on_c, 0, 78, 0
3, 17152, Note_on_c, 0, 86, 0
3, 17408, Note_on_c, 0, 78, 105
3, 17408, Note_on_c, 0, 86, 105
3, 17664, Note_on_c, 0, 78, 0
3, 17664, Note_on_c, 0, 86, 0
3, 17920, Note_on_c, 0, 79, 107
3, 17920, Note_on_c, 0, 86, 107
3, 18176, Note_on_c, 0, 79, 0
3, 18176, Note_on_c, 0, 86, 0
3, 18432, Note_on_c, 0, 79, 109
3, 18432, Note_on_c, 0, 86, 109
3, 18688, Note_on_c, 0, 79, 0
3, 18688, Note_on_c, 0, 86, 0
3, 18944, Note_on_c, 0, 80, 111
3, 18944, Note_on_c, 0, 86, 111
3, 19200, Note_on_c, 0, 80, 0
3, 19200, Note_on_c, 0, 86, 0
3, 19456, Note_on_c, 0, 80, 112
3, 19456, Note_on_c, 0, 86, 112
3, 19712, Note_on_c, 0, 80, 0
3, 19712, Note_on_c, 0, 86, 0
3, 19968, Note_on_c, 0, 86, 114
3, 20224, Note_on_c, 0, 86, 0
3, 20480, Note_on_c, 0, 86, 116
3, 20736, Note_on_c, 0, 86, 0
3, 20992, Note_on_c, 0, 86, 117
3, 20992, Note_on_c, 0, 89, 117
3, 21248, Note_on_c, 0, 86, 0
3, 21248, Note_on_c, 0, 89, 0
3, 21504, Note_on_c, 0, 86, 119
3, 21504, Note_on_c, 0, 89, 119
3, 22016, Note_on_c, 0, 86, 0
3, 22016, Note_on_c, 0, 89, 0
3, 22528, Note_on_c, 0, 81, 118
3, 22528, Note_on_c, 0, 93, 118
3, 23040, Note_on_c, 0, 81, 0
3, 23040, Note_on_c, 0, 93, 0
3, 54272, Note_on_c, 0, 87, 104
3, 56525, Note_on_c, 0, 87, 0
3, 56832, Note_on_c, 0, 81, 94
3, 57088, Note_on_c, 0, 81, 0
3, 57344, Note_on_c, 0, 81, 94
3, 57600, Note_on_c, 0, 81, 0
3, 57856, Note_on_c, 0, 84, 94
3, 58112, Note_on_c, 0, 84, 0
3, 58368, Note_on_c, 0, 84, 94
3, 58624, Note_on_c, 0, 84, 0
3, 58880, Note_on_c, 0, 78, 94
3, 58880, Note_on_c, 0, 90, 94
3, 59136, Note_on_c, 0, 78, 0
3, 59136, Note_on_c, 0, 90, 0
3, 59392, Note_on_c, 0, 78, 93
3, 59392, Note_on_c, 0, 90, 93
3, 59648, Note_on_c, 0, 78, 0
3, 59648, Note_on_c, 0, 90, 0
3, 59904, Note_on_c, 0, 81, 93
3, 59904, Note_on_c, 0, 93, 93
3, 60160, Note_on_c, 0, 81, 0
3, 60160, Note_on_c, 0, 93, 0
3, 60416, Note_on_c, 0, 81, 94
3, 60416, Note_on_c, 0, 93, 94
3, 60672, Note_on_c, 0, 81, 0
3, 60672, Note_on_c, 0, 93, 0
3, 60928, Note_on_c, 0, 72, 94
3, 60928, Note_on_c, 0, 84, 94
3, 61184, Note_on_c, 0, 72, 0
3, 61184, Note_on_c, 0, 84, 0
3, 61440, Note_on_c, 0, 72, 95
3, 61440, Note_on_c, 0, 84, 95
3, 61696, Note_on_c, 0, 72, 0
3, 61696, Note_on_c, 0, 84, 0
3, 61952, Note_on_c, 0, 87, 95
3, 62208, Note_on_c, 0, 87, 0
3, 62464, Note_on_c, 0, 87, 96
3, 62720, Note_on_c, 0, 87, 0
3, 62976, Note_on_c, 0, 81, 96
3, 63232, Note_on_c, 0, 81, 0
3, 63488, Note_on_c, 0, 81, 97
3, 63744, Note_on_c, 0, 81, 0
3, 64000, Note_on_c, 0, 84, 97
3, 64256, Note_on_c, 0, 84, 0
3, 64512, Note_on_c, 0, 84, 98
3, 64768, Note_on_c, 0, 84, 0
3, 65024, Note_on_c, 0, 78, 98
3, 65280, Note_on_c, 0, 78, 0
3, 65536, Note_on_c, 0, 78, 99
3, 65792, Note_on_c, 0, 78, 0
3, 66048, Note_on_c, 0, 81, 99
3, 66304, Note_on_c, 0, 81, 0
3, 66560, Note_on_c, 0, 81, 99
3, 66816, Note_on_c, 0, 81, 0
3, 67072, Note_on_c, 0, 66, 100
3, 67328, Note_on_c, 0, 66, 0
3, 67584, Note_on_c, 0, 66, 100
3, 67840, Note_on_c, 0, 66, 0
3, 68096, Note_on_c, 0, 81, 101
3, 68352, Note_on_c, 0, 81, 0
3, 68608, Note_on_c, 0, 81, 102
3, 68864, Note_on_c, 0, 81, 0
3, 69120, Note_on_c, 0, 82, 104
3, 69376, Note_on_c, 0, 82, 0
3, 69632, Note_on_c, 0, 82, 106
3, 69888, Note_on_c, 0, 82, 0
3, 70144, Note_on_c, 0, 84, 107
3, 70400, Note_on_c, 0, 84, 0
3, 70656, Note_on_c, 0, 84, 109
3, 70912, Note_on_c, 0, 84, 0
3, 71168, Note_on_c, 0, 86, 110
3, 71424, Note_on_c, 0, 86, 0
3, 71680, Note_on_c, 0, 86, 112
3, 71936, Note_on_c, 0, 86, 0
3, 72192, Note_on_c, 0, 87, 113
3, 72448, Note_on_c, 0, 87, 0
3, 72704, Note_on_c, 0, 84, 115
3, 72704, Note_on_c, 0, 87, 115
3, 72960, Note_on_c, 0, 84, 0
3, 72960, Note_on_c, 0, 87, 0
3, 73216, Note_on_c, 0, 84, 117
3, 73216, Note_on_c, 0, 87, 117
3, 73472, Note_on_c, 0, 84, 0
3, 73472, Note_on_c, 0, 87, 0
3, 73728, Note_on_c, 0, 84, 118
3, 73728, Note_on_c, 0, 87, 118
3, 74240, Note_on_c, 0, 84, 0
3, 74240, Note_on_c, 0, 87, 0
3, 76288, Note_on_c, 0, 84, 110
3, 76288, Note_on_c, 0, 87, 110
3, 76544, Note_on_c, 0, 84, 0
3, 76544, Note_on_c, 0, 87, 0
3, 76800, Note_on_c, 0, 84, 110
3, 76800, Note_on_c, 0, 87, 110
3, 77210, Note_on_c, 0, 84, 0
3, 77210, Note_on_c, 0, 87, 0
3, 90112, Note_on_c, 0, 86, 90
3, 90112, Note_on_c, 0, 89, 90
3, 90368, Note_on_c, 0, 86, 0
3, 90368, Note_on_c, 0, 89, 0
3, 91136, Note_on_c, 0, 86, 74
3, 91136, Note_on_c, 0, 91, 74
3, 91392, Note_on_c, 0, 86, 0
3, 91392, Note_on_c, 0, 91, 0
3, 92160, Note_on_c, 0, 81, 28
3, 92160, Note_on_c, 0, 93, 28
3, 108954, Note_on_c, 0, 81, 0
3, 108954, Note_on_c, 0, 93, 0
3, 139264, Note_on_c, 0, 88, 45
3, 140032, Note_on_c, 0, 88, 0
3, 140800, Note_on_c, 0, 76, 37
3, 141056, Note_on_c, 0, 76, 0
3, 141312, Note_on_c, 0, 76, 37
3, 141824, Note_on_c, 0, 76, 0
3, 142336, Note_on_c, 0, 81, 45
3, 142848, Note_on_c, 0, 81, 0
3, 143360, Note_on_c, 0, 83, 37
3, 143872, Note_on_c, 0, 83, 0
3, 144384, Note_on_c, 0, 84, 37
3, 144896, Note_on_c, 0, 84, 0
3, 145408, Note_on_c, 0, 83, 44
3, 145920, Note_on_c, 0, 83, 0
3, 146432, Note_on_c, 0, 84, 37
3, 146944, Note_on_c, 0, 84, 0
3, 147456, Note_on_c, 0, 86, 37
3, 147968, Note_on_c, 0, 86, 0
3, 148480, Note_on_c, 0, 84, 44
3, 148992, Note_on_c, 0, 84, 0
3, 149504, Note_on_c, 0, 83, 37
3, 150016, Note_on_c, 0, 83, 0
3, 150528, Note_on_c, 0, 81, 37
3, 151040, Note_on_c, 0, 81, 0
3, 151552, Note_on_c, 0, 82, 44
3, 152064, Note_on_c, 0, 82, 0
3, 152576, Note_on_c, 0, 81, 37
3, 153088, Note_on_c, 0, 81, 0
3, 153600, Note_on_c, 0, 79, 37
3, 154112, Note_on_c, 0, 79, 0
3, 154624, Note_on_c, 0, 81, 44
3, 155136, Note_on_c, 0, 81, 0
3, 155648, Note_on_c, 0, 82, 37
3, 156160, Note_on_c, 0, 82, 0
3, 156672, Note_on_c, 0, 84, 37
3, 157184, Note_on_c, 0, 84, 0
3, 157696, Note_on_c, 0, 88, 44
3, 158208, Note_on_c, 0, 88, 0
3, 158720, Note_on_c, 0, 89, 37
3, 159232, Note_on_c, 0, 89, 0
3, 159744, Note_on_c, 0, 91, 37
3, 160256, Note_on_c, 0, 91, 0
3, 160768, Note_on_c, 0, 89, 42
3, 161280, Note_on_c, 0, 89, 0
3, 161792, Note_on_c, 0, 91, 35
3, 162304, Note_on_c, 0, 91, 0
3, 162816, Note_on_c, 0, 93, 28
3, 163328, Note_on_c, 0, 93, 0
3, 186368, Note_on_c, 0, 86, 44
3, 188416, Note_on_c, 0, 86, 0
3, 188416, Note_on_c, 0, 81, 44
3, 190464, Note_on_c, 0, 81, 0
3, 190464, Note_on_c, 0, 82, 43
3, 191488, Note_on_c, 0, 82, 0
3, 206848, Note_on_c, 0, 73, 34
3, 212992, Note_on_c, 0, 73, 0
3, 212992, Note_on_c, 0, 73, 58
3, 215040, Note_on_c, 0, 73, 0
3, 215040, Note_on_c, 0, 78, 62
3, 217702, Note_on_c, 0, 78, 0
3, 248832, Note_on_c, 0, 85, 100
3, 249344, Note_on_c, 0, 85, 0
3, 251904, Note_on_c, 0, 79, 96
3, 251904, Note_on_c, 0, 88, 96
3, 252416, Note_on_c, 0, 79, 0
3, 252416, Note_on_c, 0, 88, 0
3, 254976, Note_on_c, 0, 85, 93
3, 254976, Note_on_c, 0, 88, 93
3, 255488, Note_on_c, 0, 85, 0
3, 255488, Note_on_c, 0, 88, 0
3, 258048, Note_on_c, 0, 81, 99
3, 258048, Note_on_c, 0, 86, 99
3, 258560, Note_on_c, 0, 81, 0
3, 258560, Note_on_c, 0, 86, 0
3, 270336, Note_on_c, 0, 83, 107
3, 271155, Note_on_c, 0, 83, 0
3, 271360, Note_on_c, 0, 83, 101
3, 271360, Note_on_c, 0, 91, 101
3, 271616, Note_on_c, 0, 83, 0
3, 271616, Note_on_c, 0, 91, 0
3, 278528, Note_on_c, 0, 85, 101
3, 278528, Note_on_c, 0, 88, 101
3, 279040, Note_on_c, 0, 85, 0
3, 279040, Note_on_c, 0, 88, 0
3, 280576, Note_on_c, 0, 86, 103
3, 280576, Note_on_c, 0, 90, 103
3, 281088, Note_on_c, 0, 86, 0
3, 281088, Note_on_c, 0, 90, 0
3, 577536, Note_on_c, 0, 86, 98
3, 577536, Note_on_c, 0, 90, 98
3, 579584, Note_on_c, 0, 86, 0
3, 579584, Note_on_c, 0, 90, 0
3, 579584, Note_on_c, 0, 88, 99
3, 579584, Note_on_c, 0, 91, 99
3, 580608, Note_on_c, 0, 88, 0
3, 580608, Note_on_c, 0, 91, 0
3, 580608, Note_on_c, 0, 90, 99
3, 580608, Note_on_c, 0, 93, 99
3, 581427, Note_on_c, 0, 90, 0
3, 581427, Note_on_c, 0, 93, 0
3, 581632, Note_on_c, 0, 90, 99
3, 581632, Note_on_c, 0, 93, 99
3, 582656, Note_on_c, 0, 90, 0
3, 582656, Note_on_c, 0, 93, 0
3, 582656, Note_on_c, 0, 88, 99
3, 582656, Note_on_c, 0, 91, 99
3, 583680, Note_on_c, 0, 88, 0
3, 583680, Note_on_c, 0, 91, 0
3, 583680, Note_on_c, 0, 86, 99
3, 583680, Note_on_c, 0, 90, 99
3, 584428, Note_on_c, 0, 86, 0
3, 584428, Note_on_c, 0, 90, 0
3, 584704, Note_on_c, 0, 81, 99
3, 584704, Note_on_c, 0, 88, 99
3, 585452, Note_on_c, 0, 81, 0
3, 585452, Note_on_c, 0, 88, 0
3, 585728, Note_on_c, 0, 78, 99
3, 585728, Note_on_c, 0, 86, 99
3, 586476, Note_on_c, 0, 78, 0
3, 586476, Note_on_c, 0, 86, 0
3, 586752, Note_on_c, 0, 78, 99
3, 586752, Note_on_c, 0, 86, 99
3, 587776, Note_on_c, 0, 78, 0
3, 587776, Note_on_c, 0, 86, 0
3, 587776, Note_on_c, 0, 81, 99
3, 587776, Note_on_c, 0, 88, 99
3, 588800, Note_on_c, 0, 81, 0
3, 588800, Note_on_c, 0, 88, 0
3, 588800, Note_on_c, 0, 86, 99
3, 588800, Note_on_c, 0, 90, 99
3, 589619, Note_on_c, 0, 86, 0
3, 589619, Note_on_c, 0, 90, 0
3, 589824, Note_on_c, 0, 86, 99
3, 589824, Note_on_c, 0, 90, 99
3, 591360, Note_on_c, 0, 86, 0
3, 591360, Note_on_c, 0, 90, 0
3, 591360, Note_on_c, 0, 81, 99
3, 591360, Note_on_c, 0, 88, 99
3, 591770, Note_on_c, 0, 81, 0
3, 591770, Note_on_c, 0, 88, 0
3, 591872, Note_on_c, 0, 81, 99
3, 591872, Note_on_c, 0, 88, 99
3, 593510, Note_on_c, 0, 81, 0
3, 593510, Note_on_c, 0, 88, 0
3, 593920, Note_on_c, 0, 86, 99
3, 593920, Note_on_c, 0, 90, 99
3, 595968, Note_on_c, 0, 86, 0
3, 595968, Note_on_c, 0, 90, 0
3, 595968, Note_on_c, 0, 88, 99
3, 595968, Note_on_c, 0, 91, 99
3, 596992, Note_on_c, 0, 88, 0
3, 596992, Note_on_c, 0, 91, 0
3, 596992, Note_on_c, 0, 90, 99
3, 596992, Note_on_c, 0, 93, 99
3, 597811, Note_on_c, 0, 90, 0
3, 597811, Note_on_c, 0, 93, 0
3, 598016, Note_on_c, 0, 90, 99
3, 598016, Note_on_c, 0, 93, 99
3, 599040, Note_on_c, 0, 90, 0
3, 599040, Note_on_c, 0, 93, 0
3, 599040, Note_on_c, 0, 88, 99
3, 599040, Note_on_c, 0, 91, 99
3, 600064, Note_on_c, 0, 88, 0
3, 600064, Note_on_c, 0, 91, 0
3, 600064, Note_on_c, 0, 86, 99
3, 600064, Note_on_c, 0, 90, 99
3, 600812, Note_on_c, 0, 86, 0
3, 600812, Note_on_c, 0, 90, 0
3, 601088, Note_on_c, 0, 81, 99
3, 601088, Note_on_c, 0, 88, 99
3, 601836, Note_on_c, 0, 81, 0
3, 601836, Note_on_c, 0, 88, 0
3, 602112, Note_on_c, 0, 78, 99
3, 602112, Note_on_c, 0, 86, 99
3, 602860, Note_on_c, 0, 78, 0
3, 602860, Note_on_c, 0, 86, 0
3, 603136, Note_on_c, 0, 78, 99
3, 603136, Note_on_c, 0, 86, 99
3, 603884, Note_on_c, 0, 78, 0
3, 603884, Note_on_c, 0, 86, 0
3, 604160, Note_on_c, 0, 81, 99
3, 604160, Note_on_c, 0, 88, 99
3, 604908, Note_on_c, 0, 81, 0
3, 604908, Note_on_c, 0, 88, 0
3, 605184, Note_on_c, 0, 86, 99
3, 605184, Note_on_c, 0, 90, 99
3, 605932, Note_on_c, 0, 86, 0
3, 605932, Note_on_c, 0, 90, 0
3, 606208, Note_on_c, 0, 81, 99
3, 606208, Note_on_c, 0, 88, 99
3, 607744, Note_on_c, 0, 81, 0
3, 607744, Note_on_c, 0, 88, 0
3, 607744, Note_on_c, 0, 78, 99
3, 607744, Note_on_c, 0, 86, 99
3, 608154, Note_on_c, 0, 78, 0
3, 608154, Note_on_c, 0, 86, 0
3, 608256, Note_on_c, 0, 78, 99
3, 608256, Note_on_c, 0, 86, 99
3, 609894, Note_on_c, 0, 78, 0
3, 609894, Note_on_c, 0, 86, 0
3, 610304, Note_on_c, 0, 85, 98
3, 610304, Note_on_c, 0, 88, 98
3, 612352, Note_on_c, 0, 85, 0
3, 612352, Note_on_c, 0, 88, 0
3, 612352, Note_on_c, 0, 86, 98
3, 612352, Note_on_c, 0, 90, 98
3, 613376, Note_on_c, 0, 86, 0
3, 613376, Note_on_c, 0, 90, 0
3, 613376, Note_on_c, 0, 86, 98
3, 614195, Note_on_c, 0, 86, 0
3, 614400, Note_on_c, 0, 85, 98
3, 614400, Note_on_c, 0, 88, 98
3, 615424, Note_on_c, 0, 85, 0
3, 615424, Note_on_c, 0, 88, 0
3, 615424, Note_on_c, 0, 86, 98
3, 615424, Note_on_c, 0, 90, 98
3, 615936, Note_on_c, 0, 86, 0
3, 615936, Note_on_c, 0, 90, 0
3, 615936, Note_on_c, 0, 88, 98
3, 615936, Note_on_c, 0, 91, 98
3, 616448, Note_on_c, 0, 88, 0
3, 616448, Note_on_c, 0, 91, 0
3, 616448, Note_on_c, 0, 86, 97
3, 616448, Note_on_c, 0, 90, 97
3, 617196, Note_on_c, 0, 86, 0
3, 617196, Note_on_c, 0, 90, 0
3, 617472, Note_on_c, 0, 86, 97
3, 618220, Note_on_c, 0, 86, 0
3, 618496, Note_on_c, 0, 85, 97
3, 618496, Note_on_c, 0, 88, 97
3, 619520, Note_on_c, 0, 85, 0
3, 619520, Note_on_c, 0, 88, 0
3, 619520, Note_on_c, 0, 86, 97
3, 619520, Note_on_c, 0, 90, 97
3, 620032, Note_on_c, 0, 86, 0
3, 620032, Note_on_c, 0, 90, 0
3, 620032, Note_on_c, 0, 88, 97
3, 620032, Note_on_c, 0, 91, 97
3, 620544, Note_on_c, 0, 88, 0
3, 620544, Note_on_c, 0, 91, 0
3, 620544, Note_on_c, 0, 85, 97
3, 620544, Note_on_c, 0, 90, 97
3, 621568, Note_on_c, 0, 85, 0
3, 621568, Note_on_c, 0, 90, 0
3, 621568, Note_on_c, 0, 85, 100
3, 621568, Note_on_c, 0, 88, 100
3, 622316, Note_on_c, 0, 85, 0
3, 622316, Note_on_c, 0, 88, 0
3, 622592, Note_on_c, 0, 83, 101
3, 622592, Note_on_c, 0, 86, 101
3, 623104, Note_on_c, 0, 83, 0
3, 623104, Note_on_c, 0, 86, 0
3, 623616, Note_on_c, 0, 80, 103
3, 623616, Note_on_c, 0, 88, 103
3, 624128, Note_on_c, 0, 80, 0
3, 624128, Note_on_c, 0, 88, 0
3, 624640, Note_on_c, 0, 81, 104
3, 625152, Note_on_c, 0, 81, 0
3, 625664, Note_on_c, 0, 86, 101
3, 625664, Note_on_c, 0, 90, 101
3, 627507, Note_on_c, 0, 86, 0
3, 627507, Note_on_c, 0, 90, 0
3, 627712, Note_on_c, 0, 86, 101
3, 627712, Note_on_c, 0, 90, 101
3, 628460, Note_on_c, 0, 86, 0
3, 628460, Note_on_c, 0, 90, 0
3, 628736, Note_on_c, 0, 88, 101
3, 628736, Note_on_c, 0, 91, 101
3, 629484, Note_on_c, 0, 88, 0
3, 629484, Note_on_c, 0, 91, 0
3, 629760, Note_on_c, 0, 90, 101
3, 629760, Note_on_c, 0, 93, 101
3, 630508, Note_on_c, 0, 90, 0
3, 630508, Note_on_c, 0, 93, 0
3, 630784, Note_on_c, 0, 90, 101
3, 630784, Note_on_c, 0, 93, 101
3, 631808, Note_on_c, 0, 90, 0
3, 631808, Note_on_c, 0, 93, 0
3, 631808, Note_on_c, 0, 88, 101
3, 631808, Note_on_c, 0, 91, 101
3, 632832, Note_on_c, 0, 88, 0
3, 632832, Note_on_c, 0, 91, 0
3, 632832, Note_on_c, 0, 86, 101
3, 632832, Note_on_c, 0, 90, 101
3, 633580, Note_on_c, 0, 86, 0
3, 633580, Note_on_c, 0, 90, 0
3, 633856, Note_on_c, 0, 81, 101
3, 633856, Note_on_c, 0, 88, 101
3, 634604, Note_on_c, 0, 81, 0
3, 634604, Note_on_c, 0, 88, 0
3, 634880, Note_on_c, 0, 78, 101
3, 634880, Note_on_c, 0, 86, 101
3, 635628, Note_on_c, 0, 78, 0
3, 635628, Note_on_c, 0, 86, 0
3, 635904, Note_on_c, 0, 78, 101
3, 635904, Note_on_c, 0, 86, 101
3, 636652, Note_on_c, 0, 78, 0
3, 636652, Note_on_c, 0, 86, 0
3, 636928, Note_on_c, 0, 81, 101
3, 636928, Note_on_c, 0, 88, 101
3, 637676, Note_on_c, 0, 81, 0
3, 637676, Note_on_c, 0, 88, 0
3, 637952, Note_on_c, 0, 86, 101
3, 637952, Note_on_c, 0, 90, 101
3, 638700, Note_on_c, 0, 86, 0
3, 638700, Note_on_c, 0, 90, 0
3, 638976, Note_on_c, 0, 81, 101
3, 638976, Note_on_c, 0, 88, 101
3, 640512, Note_on_c, 0, 81, 0
3, 640512, Note_on_c, 0, 88, 0
3, 640512, Note_on_c, 0, 78, 101
3, 640512, Note_on_c, 0, 86, 101
3, 640768, Note_on_c, 0, 78, 0
3, 640768, Note_on_c, 0, 86, 0
3, 641024, Note_on_c, 0, 78, 101
3, 641024, Note_on_c, 0, 86, 101
3, 641280, Note_on_c, 0, 78, 0
3, 641280, Note_on_c, 0, 86, 0
3, 641536, Note_on_c, 0, 90, 101
3, 641536, Note_on_c, 0, 93, 101
3, 642048, Note_on_c, 0, 90, 0
3, 642048, Note_on_c, 0, 93, 0
3, 642048, Note_on_c, 0, 88, 101
3, 642048, Note_on_c, 0, 91, 101
3, 642560, Note_on_c, 0, 88, 0
3, 642560, Note_on_c, 0, 91, 0
3, 642560, Note_on_c, 0, 86, 101
3, 642560, Note_on_c, 0, 90, 101
3, 643072, Note_on_c, 0, 86, 0
3, 643072, Note_on_c, 0, 90, 0
3, 643072, Note_on_c, 0, 85, 98
3, 643072, Note_on_c, 0, 88, 98
3, 645120, Note_on_c, 0, 85, 0
3, 645120, Note_on_c, 0, 88, 0
3, 645120, Note_on_c, 0, 86, 98
3, 645120, Note_on_c, 0, 90, 98
3, 646144, Note_on_c, 0, 86, 0
3, 646144, Note_on_c, 0, 90, 0
3, 646144, Note_on_c, 0, 78, 98
3, 646144, Note_on_c, 0, 86, 98
3, 646963, Note_on_c, 0, 78, 0
3, 646963, Note_on_c, 0, 86, 0
3, 647168, Note_on_c, 0, 85, 99
3, 647168, Note_on_c, 0, 88, 99
3, 648192, Note_on_c, 0, 85, 0
3, 648192, Note_on_c, 0, 88, 0
3, 648192, Note_on_c, 0, 86, 99
3, 648192, Note_on_c, 0, 90, 99
3, 648704, Note_on_c, 0, 86, 0
3, 648704, Note_on_c, 0, 90, 0
3, 648704, Note_on_c, 0, 88, 99
3, 648704, Note_on_c, 0, 91, 99
3, 649216, Note_on_c, 0, 88, 0
3, 649216, Note_on_c, 0, 91, 0
3, 649216, Note_on_c, 0, 86, 99
3, 649216, Note_on_c, 0, 90, 99
3, 649728, Note_on_c, 0, 86, 0
3, 649728, Note_on_c, 0, 90, 0
3, 650240, Note_on_c, 0, 86, 100
3, 650752, Note_on_c, 0, 86, 0
3, 651264, Note_on_c, 0, 85, 100
3, 651264, Note_on_c, 0, 88, 100
3, 652288, Note_on_c, 0, 85, 0
3, 652288, Note_on_c, 0, 88, 0
3, 652288, Note_on_c, 0, 86, 100
3, 652288, Note_on_c, 0, 90, 100
3, 652800, Note_on_c, 0, 86, 0
3, 652800, Note_on_c, 0, 90, 0
3, 652800, Note_on_c, 0, 88, 100
3, 652800, Note_on_c, 0, 91, 100
3, 653312, Note_on_c, 0, 88, 0
3, 653312, Note_on_c, 0, 91, 0
3, 653312, Note_on_c, 0, 85, 100
3, 653312, Note_on_c, 0, 90, 100
3, 654336, Note_on_c, 0, 85, 0
3, 654336, Note_on_c, 0, 90, 0
3, 654336, Note_on_c, 0, 85, 100
3, 654336, Note_on_c, 0, 88, 100
3, 655155, Note_on_c, 0, 85, 0
3, 655155, Note_on_c, 0, 88, 0
3, 655360, Note_on_c, 0, 83, 101
3, 655360, Note_on_c, 0, 86, 101
3, 655872, Note_on_c, 0, 83, 0
3, 655872, Note_on_c, 0, 86, 0
3, 656384, Note_on_c, 0, 80, 102
3, 656384, Note_on_c, 0, 88, 102
3, 656896, Note_on_c, 0, 80, 0
3, 656896, Note_on_c, 0, 88, 0
3, 657408, Note_on_c, 0, 81, 103
3, 657920, Note_on_c, 0, 81, 0
3, 658432, Note_on_c, 0, 86, 101
3, 658432, Note_on_c, 0, 90, 101
3, 660275, Note_on_c, 0, 86, 0
3, 660275, Note_on_c, 0, 90, 0
3, 660480, Note_on_c, 0, 86, 101
3, 660480, Note_on_c, 0, 90, 101
3, 661228, Note_on_c, 0, 86, 0
3, 661228, Note_on_c, 0, 90, 0
3, 661504, Note_on_c, 0, 88, 101
3, 661504, Note_on_c, 0, 91, 101
3, 662252, Note_on_c, 0, 88, 0
3, 662252, Note_on_c, 0, 91, 0
3, 662528, Note_on_c, 0, 90, 101
3, 662528, Note_on_c, 0, 93, 101
3, 663276, Note_on_c, 0, 90, 0
3, 663276, Note_on_c, 0, 93, 0
3, 663552, Note_on_c, 0, 90, 100
3, 663552, Note_on_c, 0, 93, 100
3, 664576, Note_on_c, 0, 90, 0
3, 664576, Note_on_c, 0, 93, 0
3, 664576, Note_on_c, 0, 88, 100
3, 664576, Note_on_c, 0, 91, 100
3, 665600, Note_on_c, 0, 88, 0
3, 665600, Note_on_c, 0, 91, 0
3, 665600, Note_on_c, 0, 86, 100
3, 665600, Note_on_c, 0, 90, 100
3, 666348, Note_on_c, 0, 86, 0
3, 666348, Note_on_c, 0, 90, 0
3, 666624, Note_on_c, 0, 81, 100
3, 666624, Note_on_c, 0, 88, 100
3, 667372, Note_on_c, 0, 81, 0
3, 667372, Note_on_c, 0, 88, 0
3, 667648, Note_on_c, 0, 78, 99
3, 667648, Note_on_c, 0, 86, 99
3, 668396, Note_on_c, 0, 78, 0
3, 668396, Note_on_c, 0, 86, 0
3, 668672, Note_on_c, 0, 78, 99
3, 668672, Note_on_c, 0, 86, 99
3, 669420, Note_on_c, 0, 78, 0
3, 669420, Note_on_c, 0, 86, 0
3, 669696, Note_on_c, 0, 81, 99
3, 669696, Note_on_c, 0, 88, 99
3, 670444, Note_on_c, 0, 81, 0
3, 670444, Note_on_c, 0, 88, 0
3, 670720, Note_on_c, 0, 86, 99
3, 670720, Note_on_c, 0, 90, 99
3, 671468, Note_on_c, 0, 86, 0
3, 671468, Note_on_c, 0, 90, 0
3, 671744, Note_on_c, 0, 81, 99
3, 671744, Note_on_c, 0, 88, 99
3, 673280, Note_on_c, 0, 81, 0
3, 673280, Note_on_c, 0, 88, 0
3, 673280, Note_on_c, 0, 78, 88
3, 673280, Note_on_c, 0, 86, 88
3, 673654, Note_on_c, 0, 78, 0
3, 673654, Note_on_c, 0, 86, 0
3, 673792, Note_on_c, 0, 78, 83
3, 673792, Note_on_c, 0, 86, 83
3, 674540, Note_on_c, 0, 78, 0
3, 674540, Note_on_c, 0, 86, 0
3, 674816, Note_on_c, 0, 90, 83
3, 674816, Note_on_c, 0, 93, 83
3, 675840, Note_on_c, 0, 90, 0
3, 675840, Note_on_c, 0, 93, 0
3, 675840, Note_on_c, 0, 88, 83
3, 675840, Note_on_c, 0, 91, 83
3, 677376, Note_on_c, 0, 88, 0
3, 677376, Note_on_c, 0, 91, 0
3, 677376, Note_on_c, 0, 86, 83
3, 677376, Note_on_c, 0, 90, 83
3, 677632, Note_on_c, 0, 86, 0
3, 677632, Note_on_c, 0, 90, 0
3, 677888, Note_on_c, 0, 86, 83
3, 677888, Note_on_c, 0, 90, 83
3, 678400, Note_on_c, 0, 86, 0
3, 678400, Note_on_c, 0, 90, 0
3, 678912, Note_on_c, 0, 86, 83
3, 679936, Note_on_c, 0, 86, 0
3, 679936, Note_on_c, 0, 86, 83
3, 679936, Note_on_c, 0, 90, 83
3, 681472, Note_on_c, 0, 86, 0
3, 681472, Note_on_c, 0, 90, 0
3, 681472, Note_on_c, 0, 86, 83
3, 681472, Note_on_c, 0, 91, 83
3, 681728, Note_on_c, 0, 86, 0
3, 681728, Note_on_c, 0, 91, 0
3, 681984, Note_on_c, 0, 86, 83
3, 681984, Note_on_c, 0, 91, 83
3, 682496, Note_on_c, 0, 86, 0
3, 682496, Note_on_c, 0, 91, 0
3, 683008, Note_on_c, 0, 83, 83
3, 683008, Note_on_c, 0, 91, 83
3, 684032, Note_on_c, 0, 83, 0
3, 684032, Note_on_c, 0, 91, 0
3, 684032, Note_on_c, 0, 90, 83
3, 684032, Note_on_c, 0, 83, 83
3, 685568, Note_on_c, 0, 90, 0
3, 685568, Note_on_c, 0, 88, 83
3, 685824, Note_on_c, 0, 88, 0
3, 686080, Note_on_c, 0, 88, 83
3, 686080, Note_on_c, 0, 83, 0
3, 686080, Note_on_c, 0, 85, 83
3, 686592, Note_on_c, 0, 88, 0
3, 686592, Note_on_c, 0, 85, 0
3, 687104, Note_on_c, 0, 79, 83
3, 687104, Note_on_c, 0, 88, 83
3, 687616, Note_on_c, 0, 79, 0
3, 687616, Note_on_c, 0, 88, 0
3, 687616, Note_on_c, 0, 81, 83
3, 687616, Note_on_c, 0, 90, 83
3, 688128, Note_on_c, 0, 81, 0
3, 688128, Note_on_c, 0, 90, 0
3, 688128, Note_on_c, 0, 88, 83
3, 688128, Note_on_c, 0, 79, 83
3, 689664, Note_on_c, 0, 88, 0
3, 689664, Note_on_c, 0, 86, 83
3, 689664, Note_on_c, 0, 79, 0
3, 689664, Note_on_c, 0, 78, 83
3, 690074, Note_on_c, 0, 86, 0
3, 690074, Note_on_c, 0, 78, 0
3, 690176, Note_on_c, 0, 86, 83
3, 690176, Note_on_c, 0, 81, 83
3, 690688, Note_on_c, 0, 86, 0
3, 690688, Note_on_c, 0, 81, 83
3, 691200, Note_on_c, 0, 81, 0
3, 691200, Note_on_c, 0, 93, 83
3, 691200, Note_on_c, 0, 81, 0
3, 691200, Note_on_c, 0, 86, 83
3, 691712, Note_on_c, 0, 93, 0
3, 691712, Note_on_c, 0, 90, 83
3, 692224, Note_on_c, 0, 90, 0
3, 692224, Note_on_c, 0, 86, 0
3, 692224, Note_on_c, 0, 90, 83
3, 692224, Note_on_c, 0, 86, 83
3, 693760, Note_on_c, 0, 90, 0
3, 693760, Note_on_c, 0, 88, 83
3, 694016, Note_on_c, 0, 88, 0
3, 694272, Note_on_c, 0, 88, 83
3, 694272, Note_on_c, 0, 86, 0
3, 694272, Note_on_c, 0, 85, 83
3, 694784, Note_on_c, 0, 88, 0
3, 695296, Note_on_c, 0, 88, 83
3, 696320, Note_on_c, 0, 88, 0
3, 696320, Note_on_c, 0, 91, 83
3, 697856, Note_on_c, 0, 91, 0
3, 697856, Note_on_c, 0, 90, 83
3, 698112, Note_on_c, 0, 90, 0
3, 698368, Note_on_c, 0, 90, 83
3, 698368, Note_on_c, 0, 85, 0
3, 698368, Note_on_c, 0, 86, 83
3, 698880, Note_on_c, 0, 90, 0
3, 699392, Note_on_c, 0, 90, 83
3, 700416, Note_on_c, 0, 90, 0
3, 700416, Note_on_c, 0, 86, 0
3, 700416, Note_on_c, 0, 93, 82
3, 700416, Note_on_c, 0, 87, 82
3, 701440, Note_on_c, 0, 87, 0
3, 701440, Note_on_c, 0, 90, 83
3, 701952, Note_on_c, 0, 93, 0
3, 701952, Note_on_c, 0, 92, 84
3, 702362, Note_on_c, 0, 92, 0
3, 702464, Note_on_c, 0, 92, 85
3, 702464, Note_on_c, 0, 90, 0
3, 702464, Note_on_c, 0, 89, 85
3, 703283, Note_on_c, 0, 92, 0
3, 703283, Note_on_c, 0, 89, 0
3, 703488, Note_on_c, 0, 92, 87
3, 703488, Note_on_c, 0, 89, 87
3, 704512, Note_on_c, 0, 92, 0
3, 704512, Note_on_c, 0, 89, 0
3, 704512, Note_on_c, 0, 91, 88
3, 704512, Note_on_c, 0, 88, 88
3, 705536, Note_on_c, 0, 88, 0
3, 705536, Note_on_c, 0, 76, 90
3, 706048, Note_on_c, 0, 91, 0
3, 706048, Note_on_c, 0, 82, 91
3, 706458, Note_on_c, 0, 82, 0
3, 706560, Note_on_c, 0, 85, 92
3, 706560, Note_on_c, 0, 76, 0
3, 707584, Note_on_c, 0, 78, 94
3, 708096, Note_on_c, 0, 85, 0
3, 708096, Note_on_c, 0, 83, 94
3, 708096, Note_on_c, 0, 78, 0
3, 708096, Note_on_c, 0, 83, 94
3, 708506, Note_on_c, 0, 83, 0
3, 708506, Note_on_c, 0, 83, 0
3, 708608, Note_on_c, 0, 86, 95
3, 708608, Note_on_c, 0, 83, 95
3, 709632, Note_on_c, 0, 83, 0
3, 709632, Note_on_c, 0, 80, 97
3, 710144, Note_on_c, 0, 86, 0
3, 710144, Note_on_c, 0, 85, 98
3, 710554, Note_on_c, 0, 85, 0
3, 710656, Note_on_c, 0, 88, 99
3, 710656, Note_on_c, 0, 80, 0
3, 710656, Note_on_c, 0, 85, 99
3, 711680, Note_on_c, 0, 85, 0
3, 711680, Note_on_c, 0, 81, 101
3, 712192, Note_on_c, 0, 88, 0
3, 712192, Note_on_c, 0, 86, 101
3, 712602, Note_on_c, 0, 86, 0
3, 712704, Note_on_c, 0, 81, 0
3, 712704, Note_on_c, 0, 90, 102
3, 712704, Note_on_c, 0, 86, 102
3, 713728, Note_on_c, 0, 86, 0
3, 713728, Note_on_c, 0, 83, 103
3, 714240, Note_on_c, 0, 90, 0
3, 714240, Note_on_c, 0, 88, 103
3, 714650, Note_on_c, 0, 88, 0
3, 714752, Note_on_c, 0, 88, 103
3, 715776, Note_on_c, 0, 83, 0
3, 715776, Note_on_c, 0, 83, 103
3, 716288, Note_on_c, 0, 88, 0
3, 716288, Note_on_c, 0, 86, 103
3, 716698, Note_on_c, 0, 86, 0
3, 716800, Note_on_c, 0, 90, 103
3, 717824, Note_on_c, 0, 83, 0
3, 717824, Note_on_c, 0, 83, 103
3, 718336, Note_on_c, 0, 90, 0
3, 718336, Note_on_c, 0, 88, 103
3, 719360, Note_on_c, 0, 88, 0
3, 719360, Note_on_c, 0, 86, 103
3, 719360, Note_on_c, 0, 83, 0
3, 719872, Note_on_c, 0, 86, 0
3, 719872, Note_on_c, 0, 83, 103
3, 720384, Note_on_c, 0, 83, 0
3, 720384, Note_on_c, 0, 88, 103
3, 721920, Note_on_c, 0, 88, 0
3, 721920, Note_on_c, 0, 85, 103
3, 722944, Note_on_c, 0, 85, 0
3, 722944, Note_on_c, 0, 81, 103
3, 723968, Note_on_c, 0, 81, 0
3, 723968, Note_on_c, 0, 90, 103
3, 724992, Note_on_c, 0, 90, 0
3, 724992, Note_on_c, 0, 88, 103
3, 725811, Note_on_c, 0, 88, 0
3, 726016, Note_on_c, 0, 81, 103
3, 726016, Note_on_c, 0, 93, 103
3, 727654, Note_on_c, 0, 81, 0
3, 727654, Note_on_c, 0, 93, 0
3, 728064, Note_on_c, 0, 80, 109
3, 728064, Note_on_c, 0, 92, 109
3, 728883, Note_on_c, 0, 80, 0
3, 728883, Note_on_c, 0, 92, 0
3, 729088, Note_on_c, 0, 81, 113
3, 729088, Note_on_c, 0, 93, 113
3, 729344, Note_on_c, 0, 81, 0
3, 729344, Note_on_c, 0, 93, 0
3, 729600, Note_on_c, 0, 69, 114
3, 729600, Note_on_c, 0, 81, 114
3, 729856, Note_on_c, 0, 69, 0
3, 729856, Note_on_c, 0, 81, 0
3, 729856, Note_on_c, 0, 71, 114
3, 729856, Note_on_c, 0, 83, 114
3, 730112, Note_on_c, 0, 71, 0
3, 730112, Note_on_c, 0, 83, 0
3, 730112, Note_on_c, 0, 73, 114
3, 730112, Note_on_c, 0, 85, 114
3, 730368, Note_on_c, 0, 73, 0
3, 730368, Note_on_c, 0, 85, 0
3, 730624, Note_on_c, 0, 73, 114
3, 730624, Note_on_c, 0, 85, 114
3, 730880, Note_on_c, 0, 73, 0
3, 730880, Note_on_c, 0, 85, 0
3, 730880, Note_on_c, 0, 74, 114
3, 730880, Note_on_c, 0, 86, 114
3, 731136, Note_on_c, 0, 74, 0
3, 731136, Note_on_c, 0, 86, 0
3, 731136, Note_on_c, 0, 76, 114
3, 731136, Note_on_c, 0, 88, 114
3, 731392, Note_on_c, 0, 76, 0
3, 731392, Note_on_c, 0, 88, 0
3, 731648, Note_on_c, 0, 76, 114
3, 731648, Note_on_c, 0, 88, 114
3, 731904, Note_on_c, 0, 76, 0
3, 731904, Note_on_c, 0, 88, 0
3, 731904, Note_on_c, 0, 78, 114
3, 731904, Note_on_c, 0, 90, 114
3, 732160, Note_on_c, 0, 78, 0
3, 732160, Note_on_c, 0, 90, 0
3, 732160, Note_on_c, 0, 80, 114
3, 732160, Note_on_c, 0, 92, 114
3, 732416, Note_on_c, 0, 80, 0
3, 732416, Note_on_c, 0, 92, 0
3, 732672, Note_on_c, 0, 76, 114
3, 732672, Note_on_c, 0, 88, 114
3, 732843, Note_on_c, 0, 76, 0
3, 732843, Note_on_c, 0, 88, 0
3, 732843, Note_on_c, 0, 78, 114
3, 732843, Note_on_c, 0, 90, 114
3, 733013, Note_on_c, 0, 78, 0
3, 733013, Note_on_c, 0, 90, 0
3, 733013, Note_on_c, 0, 80, 114
3, 733013, Note_on_c, 0, 92, 114
3, 733184, Note_on_c, 0, 80, 0
3, 733184, Note_on_c, 0, 92, 0
3, 733184, Note_on_c, 0, 81, 114
3, 733184, Note_on_c, 0, 93, 114
3, 734822, Note_on_c, 0, 81, 0
3, 734822, Note_on_c, 0, 93, 0
3, 735232, Note_on_c, 0, 76, 114
3, 735232, Note_on_c, 0, 88, 114
3, 735744, Note_on_c, 0, 76, 0
3, 735744, Note_on_c, 0, 88, 0
3, 736256, Note_on_c, 0, 76, 114
3, 736256, Note_on_c, 0, 88, 114
3, 736768, Note_on_c, 0, 76, 0
3, 736768, Note_on_c, 0, 88, 0
3, 737792, Note_on_c, 0, 88, 45
3, 738304, Note_on_c, 0, 88, 0
3, 738304, Note_on_c, 0, 85, 43
3, 738560, Note_on_c, 0, 85, 0
3, 738816, Note_on_c, 0, 81, 42
3, 739072, Note_on_c, 0, 81, 0
3, 739328, Note_on_c, 0, 83, 40
3, 739584, Note_on_c, 0, 83, 0
3, 739840, Note_on_c, 0, 85, 38
3, 740864, Note_on_c, 0, 85, 0
3, 740864, Note_on_c, 0, 83, 42
3, 741683, Note_on_c, 0, 83, 0
3, 741888, Note_on_c, 0, 90, 40
3, 742400, Note_on_c, 0, 90, 0
3, 742400, Note_on_c, 0, 86, 39
3, 742656, Note_on_c, 0, 86, 0
3, 742912, Note_on_c, 0, 83, 38
3, 743168, Note_on_c, 0, 83, 0
3, 743424, Note_on_c, 0, 85, 37
3, 743680, Note_on_c, 0, 85, 0
3, 743936, Note_on_c, 0, 86, 36
3, 744960, Note_on_c, 0, 86, 0
3, 744960, Note_on_c, 0, 85, 43
3, 745370, Note_on_c, 0, 85, 0
3, 749568, Note_on_c, 0, 88, 98
3, 750592, Note_on_c, 0, 88, 0
3, 750592, Note_on_c, 0, 85, 105
3, 750848, Note_on_c, 0, 85, 0
3, 751104, Note_on_c, 0, 81, 105
3, 751360, Note_on_c, 0, 81, 0
3, 751616, Note_on_c, 0, 83, 105
3, 751872, Note_on_c, 0, 83, 0
3, 752128, Note_on_c, 0, 81, 105
3, 752128, Note_on_c, 0, 85, 105
3, 753152, Note_on_c, 0, 81, 0
3, 753152, Note_on_c, 0, 85, 0
3, 753152, Note_on_c, 0, 80, 105
3, 753152, Note_on_c, 0, 83, 105
3, 753664, Note_on_c, 0, 80, 0
3, 753664, Note_on_c, 0, 83, 0
3, 755200, Note_on_c, 0, 88, 105
3, 755200, Note_on_c, 0, 92, 105
3, 755712, Note_on_c, 0, 88, 0
3, 755712, Note_on_c, 0, 92, 0
3, 757248, Note_on_c, 0, 88, 116
3, 757248, Note_on_c, 0, 93, 116
3, 757760, Note_on_c, 0, 88, 0
3, 757760, Note_on_c, 0, 93, 0
3, 760320, Note_on_c, 0, 82, 116
3, 762573, Note_on_c, 0, 82, 0
3, 762880, Note_on_c, 0, 81, 108
3, 763136, Note_on_c, 0, 81, 0
3, 763392, Note_on_c, 0, 81, 106
3, 763648, Note_on_c, 0, 81, 0
3, 763904, Note_on_c, 0, 86, 104
3, 764160, Note_on_c, 0, 86, 0
3, 764416, Note_on_c, 0, 86, 102
3, 764672, Note_on_c, 0, 86, 0
3, 764928, Note_on_c, 0, 77, 101
3, 764928, Note_on_c, 0, 89, 101
3, 765184, Note_on_c, 0, 77, 0
3, 765184, Note_on_c, 0, 89, 0
3, 765440, Note_on_c, 0, 77, 102
3, 765440, Note_on_c, 0, 89, 102
3, 765696, Note_on_c, 0, 77, 0
3, 765696, Note_on_c, 0, 89, 0
3, 765952, Note_on_c, 0, 81, 102
3, 765952, Note_on_c, 0, 93, 102
3, 766208, Note_on_c, 0, 81, 0
3, 766208, Note_on_c, 0, 93, 0
3, 766464, Note_on_c, 0, 81, 103
3, 766464, Note_on_c, 0, 93, 103
3, 766720, Note_on_c, 0, 81, 0
3, 766720, Note_on_c, 0, 93, 0
3, 766976, Note_on_c, 0, 74, 103
3, 766976, Note_on_c, 0, 86, 103
3, 767232, Note_on_c, 0, 74, 0
3, 767232, Note_on_c, 0, 86, 0
3, 767488, Note_on_c, 0, 74, 104
3, 767488, Note_on_c, 0, 86, 104
3, 767744, Note_on_c, 0, 74, 0
3, 767744, Note_on_c, 0, 86, 0
3, 768000, Note_on_c, 0, 89, 104
3, 768256, Note_on_c, 0, 89, 0
3, 768512, Note_on_c, 0, 89, 105
3, 768768, Note_on_c, 0, 89, 0
3, 769024, Note_on_c, 0, 81, 106
3, 769280, Note_on_c, 0, 81, 0
3, 769536, Note_on_c, 0, 81, 106
3, 769792, Note_on_c, 0, 81, 0
3, 770048, Note_on_c, 0, 86, 107
3, 770304, Note_on_c, 0, 86, 0
3, 770560, Note_on_c, 0, 86, 107
3, 770816, Note_on_c, 0, 86, 0
3, 771072, Note_on_c, 0, 77, 108
3, 771328, Note_on_c, 0, 77, 0
3, 771584, Note_on_c, 0, 77, 109
3, 771840, Note_on_c, 0, 77, 0
3, 772096, Note_on_c, 0, 81, 109
3, 772352, Note_on_c, 0, 81, 0
3, 772608, Note_on_c, 0, 81, 110
3, 772864, Note_on_c, 0, 81, 0
3, 773120, Note_on_c, 0, 74, 110
3, 773376, Note_on_c, 0, 74, 0
3, 773632, Note_on_c, 0, 74, 111
3, 773888, Note_on_c, 0, 74, 0
3, 774144, Note_on_c, 0, 86, 112
3, 774144, Note_on_c, 0, 89, 112
3, 774400, Note_on_c, 0, 86, 0
3, 774400, Note_on_c, 0, 89, 0
3, 774656, Note_on_c, 0, 86, 112
3, 774656, Note_on_c, 0, 89, 112
3, 774912, Note_on_c, 0, 86, 0
3, 774912, Note_on_c, 0, 89, 0
3, 775168, Note_on_c, 0, 86, 113
3, 775168, Note_on_c, 0, 90, 113
3, 775424, Note_on_c, 0, 86, 0
3, 775424, Note_on_c, 0, 90, 0
3, 775680, Note_on_c, 0, 86, 113
3, 775680, Note_on_c, 0, 90, 113
3, 775936, Note_on_c, 0, 86, 0
3, 775936, Note_on_c, 0, 90, 0
3, 776192, Note_on_c, 0, 86, 114
3, 776192, Note_on_c, 0, 91, 114
3, 776448, Note_on_c, 0, 86, 0
3, 776448, Note_on_c, 0, 91, 0
3, 776704, Note_on_c, 0, 86, 115
3, 776704, Note_on_c, 0, 91, 115
3, 776960, Note_on_c, 0, 86, 0
3, 776960, Note_on_c, 0, 91, 0
3, 777216, Note_on_c, 0, 86, 115
3, 777216, Note_on_c, 0, 92, 115
3, 777472, Note_on_c, 0, 86, 0
3, 777472, Note_on_c, 0, 92, 0
3, 777728, Note_on_c, 0, 86, 116
3, 777728, Note_on_c, 0, 92, 116
3, 777984, Note_on_c, 0, 86, 0
3, 777984, Note_on_c, 0, 92, 0
3, 778240, Note_on_c, 0, 86, 116
3, 778496, Note_on_c, 0, 86, 0
3, 778752, Note_on_c, 0, 86, 117
3, 779008, Note_on_c, 0, 86, 0
3, 779264, Note_on_c, 0, 86, 117
3, 779264, Note_on_c, 0, 89, 117
3, 779520, Note_on_c, 0, 86, 0
3, 779520, Note_on_c, 0, 89, 0
3, 779776, Note_on_c, 0, 86, 118
3, 779776, Note_on_c, 0, 89, 118
3, 780288, Note_on_c, 0, 86, 0
3, 780288, Note_on_c, 0, 89, 0
3, 780800, Note_on_c, 0, 81, 120
3, 780800, Note_on_c, 0, 93, 120
3, 781312, Note_on_c, 0, 81, 0
3, 781312, Note_on_c, 0, 93, 0
3, 825856, Note_on_c, 0, 85, 100
3, 825856, Note_on_c, 0, 88, 100
3, 826368, Note_on_c, 0, 85, 0
3, 826368, Note_on_c, 0, 88, 0
3, 826880, Note_on_c, 0, 86, 102
3, 826880, Note_on_c, 0, 93, 102
3, 827136, Note_on_c, 0, 86, 0
3, 827136, Note_on_c, 0, 93, 0
3, 827392, Note_on_c, 0, 86, 102
3, 827392, Note_on_c, 0, 93, 102
3, 827648, Note_on_c, 0, 86, 0
3, 827648, Note_on_c, 0, 93, 0
3, 827904, Note_on_c, 0, 81, 103
3, 827904, Note_on_c, 0, 86, 103
3, 828416, Note_on_c, 0, 81, 0
3, 828416, Note_on_c, 0, 86, 0
3, 840192, Note_on_c, 0, 83, 53
3, 840192, Note_on_c, 0, 86, 53
3, 840602, Note_on_c, 0, 83, 0
3, 840602, Note_on_c, 0, 86, 0
3, 841216, Note_on_c, 0, 83, 88
3, 841216, Note_on_c, 0, 91, 88
3, 841626, Note_on_c, 0, 83, 0
3, 841626, Note_on_c, 0, 91, 0
3, 847360, Note_on_c, 0, 85, 106
3, 847872, Note_on_c, 0, 85, 0
3, 929280, Note_on_c, 0, 78, 56
3, 929280, Note_on_c, 0, 86, 56
3, 929792, Note_on_c, 0, 78, 0
3, 929792, Note_on_c, 0, 86, 0
3, 929792, Note_on_c, 0, 79, 68
3, 929792, Note_on_c, 0, 88, 68
3, 930304, Note_on_c, 0, 79, 0
3, 930304, Note_on_c, 0, 88, 0
3, 930304, Note_on_c, 0, 81, 81
3, 930304, Note_on_c, 0, 90, 81
3, 930816, Note_on_c, 0, 81, 0
3, 930816, Note_on_c, 0, 90, 0
3, 930816, Note_on_c, 0, 91, 96
3, 930816, Note_on_c, 0, 81, 96
3, 931328, Note_on_c, 0, 81, 0
3, 931840, Note_on_c, 0, 91, 0
3, 931840, Note_on_c, 0, 85, 96
3, 932352, Note_on_c, 0, 81, 96
3, 932608, Note_on_c, 0, 81, 0
3, 932864, Note_on_c, 0, 85, 0
3, 932864, Note_on_c, 0, 86, 96
3, 932864, Note_on_c, 0, 81, 96
3, 933376, Note_on_c, 0, 81, 0
3, 933888, Note_on_c, 0, 86, 0
3, 933888, Note_on_c, 0, 88, 96
3, 934400, Note_on_c, 0, 88, 0
3, 934400, Note_on_c, 0, 90, 96
3, 934400, Note_on_c, 0, 81, 96
3, 934656, Note_on_c, 0, 81, 0
3, 934912, Note_on_c, 0, 90, 0
3, 934912, Note_on_c, 0, 91, 96
3, 934912, Note_on_c, 0, 81, 96
3, 935424, Note_on_c, 0, 91, 0
3, 935424, Note_on_c, 0, 85, 96
3, 935424, Note_on_c, 0, 81, 0
3, 935936, Note_on_c, 0, 85, 0
3, 935936, Note_on_c, 0, 86, 96
3, 936448, Note_on_c, 0, 86, 0
3, 936448, Note_on_c, 0, 88, 96
3, 936448, Note_on_c, 0, 81, 96
3, 936704, Note_on_c, 0, 81, 0
3, 936960, Note_on_c, 0, 88, 0
3, 936960, Note_on_c, 0, 86, 96
3, 936960, Note_on_c, 0, 81, 96
3, 937472, Note_on_c, 0, 81, 0
3, 937984, Note_on_c, 0, 86, 0
3, 937984, Note_on_c, 0, 88, 96
3, 938496, Note_on_c, 0, 88, 0
3, 938496, Note_on_c, 0, 90, 96
3, 938496, Note_on_c, 0, 81, 96
3, 938752, Note_on_c, 0, 81, 0
3, 939008, Note_on_c, 0, 90, 0
3, 939008, Note_on_c, 0, 91, 96
3, 939008, Note_on_c, 0, 81, 96
3, 939520, Note_on_c, 0, 91, 0
3, 939520, Note_on_c, 0, 85, 96
3, 939520, Note_on_c, 0, 81, 0
3, 940032, Note_on_c, 0, 85, 0
3, 940032, Note_on_c, 0, 86, 96
3, 940544, Note_on_c, 0, 86, 0
3, 940544, Note_on_c, 0, 88, 96
3, 940544, Note_on_c, 0, 81, 96
3, 940800, Note_on_c, 0, 81, 0
3, 941056, Note_on_c, 0, 88, 0
3, 941056, Note_on_c, 0, 86, 96
3, 941056, Note_on_c, 0, 81, 96
3, 941568, Note_on_c, 0, 86, 0
3, 941568, Note_on_c, 0, 88, 96
3, 941568, Note_on_c, 0, 81, 0
3, 942080, Note_on_c, 0, 88, 0
3, 942080, Note_on_c, 0, 90, 96
3, 942592, Note_on_c, 0, 90, 0
3, 942592, Note_on_c, 0, 91, 96
3, 942592, Note_on_c, 0, 79, 96
3, 943616, Note_on_c, 0, 91, 0
3, 943616, Note_on_c, 0, 90, 97
3, 943616, Note_on_c, 0, 79, 0
3, 943616, Note_on_c, 0, 78, 97
3, 944128, Note_on_c, 0, 90, 0
3, 944128, Note_on_c, 0, 91, 98
3, 944128, Note_on_c, 0, 78, 0
3, 944128, Note_on_c, 0, 79, 98
3, 944640, Note_on_c, 0, 91, 0
3, 944640, Note_on_c, 0, 88, 100
3, 944640, Note_on_c, 0, 79, 0
3, 944640, Note_on_c, 0, 76, 100
3, 945152, Note_on_c, 0, 88, 0
3, 945152, Note_on_c, 0, 86, 101
3, 945152, Note_on_c, 0, 76, 0
3, 945152, Note_on_c, 0, 74, 101
3, 945664, Note_on_c, 0, 86, 0
3, 945664, Note_on_c, 0, 85, 102
3, 945664, Note_on_c, 0, 74, 0
3, 945664, Note_on_c, 0, 73, 102
3, 946176, Note_on_c, 0, 85, 0
3, 946176, Note_on_c, 0, 88, 103
3, 946176, Note_on_c, 0, 73, 0
3, 946176, Note_on_c, 0, 76, 103
3, 946688, Note_on_c, 0, 88, 0
3, 946688, Note_on_c, 0, 86, 103
3, 946688, Note_on_c, 0, 76, 0
3, 946688, Note_on_c, 0, 74, 103
3, 947200, Note_on_c, 0, 86, 0
3, 947200, Note_on_c, 0, 74, 0
3, 947200, Note_on_c, 0, 93, 103
3, 947200, Note_on_c, 0, 86, 103
3, 947712, Note_on_c, 0, 93, 0
3, 948224, Note_on_c, 0, 86, 0
3, 948224, Note_on_c, 0, 87, 102
3, 948736, Note_on_c, 0, 93, 101
3, 948992, Note_on_c, 0, 93, 0
3, 949248, Note_on_c, 0, 93, 100
3, 949248, Note_on_c, 0, 87, 0
3, 949248, Note_on_c, 0, 88, 100
3, 949760, Note_on_c, 0, 93, 0
3, 950272, Note_on_c, 0, 88, 0
3, 950272, Note_on_c, 0, 90, 98
3, 950784, Note_on_c, 0, 93, 97
3, 951040, Note_on_c, 0, 93, 0
3, 951296, Note_on_c, 0, 90, 0
3, 951296, Note_on_c, 0, 83, 96
3, 951808, Note_on_c, 0, 83, 0
3, 952832, Note_on_c, 0, 83, 96
3, 953088, Note_on_c, 0, 83, 0
3, 953344, Note_on_c, 0, 83, 96
3, 953856, Note_on_c, 0, 83, 0
3, 954880, Note_on_c, 0, 85, 96
3, 955392, Note_on_c, 0, 85, 0
3, 955392, Note_on_c, 0, 86, 96
3, 955392, Note_on_c, 0, 86, 96
3, 955904, Note_on_c, 0, 86, 0
3, 955904, Note_on_c, 0, 81, 96
3, 955904, Note_on_c, 0, 86, 0
3, 955904, Note_on_c, 0, 81, 96
3, 956416, Note_on_c, 0, 81, 0
3, 956416, Note_on_c, 0, 83, 96
3, 956416, Note_on_c, 0, 81, 0
3, 956416, Note_on_c, 0, 83, 96
3, 956928, Note_on_c, 0, 83, 0
3, 956928, Note_on_c, 0, 93, 95
3, 956928, Note_on_c, 0, 83, 0
3, 956928, Note_on_c, 0, 78, 95
3, 957440, Note_on_c, 0, 93, 0
3, 957440, Note_on_c, 0, 91, 95
3, 957440, Note_on_c, 0, 78, 0
3, 957440, Note_on_c, 0, 79, 95
3, 957952, Note_on_c, 0, 91, 0
3, 957952, Note_on_c, 0, 90, 95
3, 958464, Note_on_c, 0, 90, 0
3, 958464, Note_on_c, 0, 88, 95
3, 958464, Note_on_c, 0, 79, 0
3, 958464, Note_on_c, 0, 81, 95
3, 958976, Note_on_c, 0, 88, 0
3, 958976, Note_on_c, 0, 86, 95
3, 958976, Note_on_c, 0, 81, 0
3, 958976, Note_on_c, 0, 74, 95
3, 959488, Note_on_c, 0, 86, 0
3, 959488, Note_on_c, 0, 74, 0
3, 959488, Note_on_c, 0, 91, 95
3, 959488, Note_on_c, 0, 73, 95
3, 960512, Note_on_c, 0, 73, 0
3, 960512, Note_on_c, 0, 85, 95
3, 961024, Note_on_c, 0, 91, 0
3, 961024, Note_on_c, 0, 90, 95
3, 961024, Note_on_c, 0, 85, 0
3, 961024, Note_on_c, 0, 86, 95
3, 961536, Note_on_c, 0, 90, 0
3, 961536, Note_on_c, 0, 86, 95
3, 961536, Note_on_c, 0, 90, 95
3, 961536, Note_on_c, 0, 86, 0
3, 962048, Note_on_c, 0, 86, 0
3, 962048, Note_on_c, 0, 90, 0
3, 963072, Note_on_c, 0, 86, 94
3, 963072, Note_on_c, 0, 90, 94
3, 963482, Note_on_c, 0, 86, 0
3, 963482, Note_on_c, 0, 90, 0
3, 963584, Note_on_c, 0, 88, 94
3, 963584, Note_on_c, 0, 93, 94
3, 964096, Note_on_c, 0, 88, 0
3, 964096, Note_on_c, 0, 93, 0
3, 965120, Note_on_c, 0, 86, 94
3, 965120, Note_on_c, 0, 93, 94
3, 965530, Note_on_c, 0, 86, 0
3, 965530, Note_on_c, 0, 93, 0
3, 965632, Note_on_c, 0, 86, 94
3, 965632, Note_on_c, 0, 93, 94
3, 966144, Note_on_c, 0, 86, 0
3, 966144, Note_on_c, 0, 93, 0
3, 967168, Note_on_c, 0, 86, 94
3, 967168, Note_on_c, 0, 90, 94
3, 967578, Note_on_c, 0, 86, 0
3, 967578, Note_on_c, 0, 90, 0
3, 967680, Note_on_c, 0, 86, 98
3, 967680, Note_on_c, 0, 90, 98
3, 968192, Note_on_c, 0, 86, 0
3, 968192, Note_on_c, 0, 90, 0
3, 969216, Note_on_c, 0, 86, 95
3, 969216, Note_on_c, 0, 91, 95
3, 969626, Note_on_c, 0, 86, 0
3, 969626, Note_on_c, 0, 91, 0
3, 969728, Note_on_c, 0, 86, 94
3, 969728, Note_on_c, 0, 91, 94
3, 970240, Note_on_c, 0, 86, 0
3, 970240, Note_on_c, 0, 91, 0
3, 971264, Note_on_c, 0, 88, 97
3, 971264, Note_on_c, 0, 91, 97
3, 971674, Note_on_c, 0, 88, 0
3, 971674, Note_on_c, 0, 91, 0
3, 971776, Note_on_c, 0, 88, 101
3, 971776, Note_on_c, 0, 91, 101
3, 972288, Note_on_c, 0, 88, 0
3, 972288, Note_on_c, 0, 91, 0
3, 973312, Note_on_c, 0, 88, 99
3, 973312, Note_on_c, 0, 91, 99
3, 973722, Note_on_c, 0, 88, 0
3, 973722, Note_on_c, 0, 91, 0
3, 973824, Note_on_c, 0, 88, 97
3, 973824, Note_on_c, 0, 91, 97
3, 974336, Note_on_c, 0, 88, 0
3, 974336, Note_on_c, 0, 91, 0
3, 975360, Note_on_c, 0, 88, 99
3, 975360, Note_on_c, 0, 91, 99
3, 975770, Note_on_c, 0, 88, 0
3, 975770, Note_on_c, 0, 91, 0
3, 975872, Note_on_c, 0, 86, 101
3, 975872, Note_on_c, 0, 90, 101
3, 976384, Note_on_c, 0, 86, 0
3, 976384, Note_on_c, 0, 90, 0
3, 977408, Note_on_c, 0, 81, 94
3, 977408, Note_on_c, 0, 93, 94
3, 977818, Note_on_c, 0, 81, 0
3, 977818, Note_on_c, 0, 93, 0
3, 977920, Note_on_c, 0, 74, 90
3, 977920, Note_on_c, 0, 86, 90
3, 978432, Note_on_c, 0, 74, 0
3, 978432, Note_on_c, 0, 86, 0
3, 988160, Note_on_c, 0, 86, 40
3, 991232, Note_on_c, 0, 86, 0
3, 991232, Note_on_c, 0, 85, 46
3, 991744, Note_on_c, 0, 85, 0
3, 991744, Note_on_c, 0, 83, 47
3, 992256, Note_on_c, 0, 83, 0
3, 992256, Note_on_c, 0, 81, 48
3, 992768, Note_on_c, 0, 81, 0
3, 992768, Note_on_c, 0, 86, 49
3, 993280, Note_on_c, 0, 86, 0
3, 993280, Note_on_c, 0, 90, 49
3, 993792, Note_on_c, 0, 90, 0
3, 993792, Note_on_c, 0, 88, 48
3, 994166, Note_on_c, 0, 88, 0
3, 994304, Note_on_c, 0, 88, 46
3, 994816, Note_on_c, 0, 88, 0
3, 994816, Note_on_c, 0, 93, 45
3, 995328, Note_on_c, 0, 93, 0
3, 995328, Note_on_c, 0, 91, 43
3, 995840, Note_on_c, 0, 91, 0
3, 995840, Note_on_c, 0, 88, 42
3, 996352, Note_on_c, 0, 88, 0
3, 996352, Note_on_c, 0, 86, 40
3, 997376, Note_on_c, 0, 86, 0
3, 1004544, Note_on_c, 0, 86, 39
3, 1007616, Note_on_c, 0, 86, 0
3, 1007616, Note_on_c, 0, 85, 44
3, 1008128, Note_on_c, 0, 85, 0
3, 1008128, Note_on_c, 0, 83, 45
3, 1008640, Note_on_c, 0, 83, 0
3, 1008640, Note_on_c, 0, 85, 46
3, 1009152, Note_on_c, 0, 85, 0
3, 1009152, Note_on_c, 0, 88, 47
3, 1009664, Note_on_c, 0, 88, 0
3, 1009664, Note_on_c, 0, 91, 48
3, 1010176, Note_on_c, 0, 91, 0
3, 1010176, Note_on_c, 0, 90, 49
3, 1010550, Note_on_c, 0, 90, 0
3, 1010688, Note_on_c, 0, 90, 50
3, 1011200, Note_on_c, 0, 90, 0
3, 1011200, Note_on_c, 0, 86, 48
3, 1011712, Note_on_c, 0, 86, 0
3, 1011712, Note_on_c, 0, 85, 46
3, 1012224, Note_on_c, 0, 85, 0
3, 1012224, Note_on_c, 0, 86, 44
3, 1012736, Note_on_c, 0, 86, 0
3, 1012736, Note_on_c, 0, 88, 40
3, 1013760, Note_on_c, 0, 88, 0
3, 1015296, Note_on_c, 0, 81, 44
3, 1015808, Note_on_c, 0, 81, 0
3, 1015808, Note_on_c, 0, 90, 44
3, 1016182, Note_on_c, 0, 90, 0
3, 1016320, Note_on_c, 0, 86, 45
3, 1016832, Note_on_c, 0, 86, 0
3, 1016832, Note_on_c, 0, 91, 46
3, 1017344, Note_on_c, 0, 91, 0
3, 1019392, Note_on_c, 0, 81, 50
3, 1019904, Note_on_c, 0, 81, 0
3, 1019904, Note_on_c, 0, 90, 51
3, 1020278, Note_on_c, 0, 90, 0
3, 1020416, Note_on_c, 0, 86, 52
3, 1020928, Note_on_c, 0, 86, 0
3, 1020928, Note_on_c, 0, 91, 51
3, 1021440, Note_on_c, 0, 91, 0
3, 1022464, Note_on_c, 0, 85, 51
3, 1022976, Note_on_c, 0, 85, 0
3, 1022976, Note_on_c, 0, 90, 51
3, 1023488, Note_on_c, 0, 90, 0
3, 1024512, Note_on_c, 0, 78, 51
3, 1025024, Note_on_c, 0, 78, 0
3, 1025024, Note_on_c, 0, 86, 52
3, 1025536, Note_on_c, 0, 86, 0
3, 1026560, Note_on_c, 0, 88, 54
3, 1027072, Note_on_c, 0, 88, 0
3, 1027072, Note_on_c, 0, 81, 55
3, 1027584, Note_on_c, 0, 81, 0
3, 1037312, Note_on_c, 0, 86, 45
3, 1040384, Note_on_c, 0, 86, 0
3, 1040384, Note_on_c, 0, 85, 52
3, 1040896, Note_on_c, 0, 85, 0
3, 1040896, Note_on_c, 0, 83, 53
3, 1041408, Note_on_c, 0, 83, 0
3, 1041408, Note_on_c, 0, 85, 54
3, 1041920, Note_on_c, 0, 85, 0
3, 1041920, Note_on_c, 0, 88, 59
3, 1042432, Note_on_c, 0, 88, 0
3, 1042432, Note_on_c, 0, 91, 64
3, 1042944, Note_on_c, 0, 91, 0
3, 1042944, Note_on_c, 0, 90, 70
3, 1043318, Note_on_c, 0, 90, 0
3, 1043456, Note_on_c, 0, 90, 75
3, 1043968, Note_on_c, 0, 90, 0
3, 1043968, Note_on_c, 0, 86, 80
3, 1044480, Note_on_c, 0, 86, 0
3, 1044480, Note_on_c, 0, 85, 85
3, 1044992, Note_on_c, 0, 85, 0
3, 1044992, Note_on_c, 0, 86, 90
3, 1045504, Note_on_c, 0, 86, 0
3, 1045504, Note_on_c, 0, 85, 96
3, 1045504, Note_on_c, 0, 88, 96
3, 1046252, Note_on_c, 0, 85, 0
3, 1046252, Note_on_c, 0, 88, 0
3, 1048064, Note_on_c, 0, 81, 93
3, 1048576, Note_on_c, 0, 81, 0
3, 1048576, Note_on_c, 0, 90, 93
3, 1048950, Note_on_c, 0, 90, 0
3, 1049088, Note_on_c, 0, 86, 93
3, 1049600, Note_on_c, 0, 86, 0
3, 1049600, Note_on_c, 0, 91, 93
3, 1049974, Note_on_c, 0, 91, 0
3, 1052160, Note_on_c, 0, 81, 94
3, 1052672, Note_on_c, 0, 81, 0
3, 1052672, Note_on_c, 0, 88, 94
3, 1053046, Note_on_c, 0, 88, 0
3, 1053184, Note_on_c, 0, 90, 94
3, 1053696, Note_on_c, 0, 90, 0
3, 1053696, Note_on_c, 0, 91, 94
3, 1054444, Note_on_c, 0, 91, 0
3, 1055232, Note_on_c, 0, 85, 94
3, 1055744, Note_on_c, 0, 85, 0
3, 1055744, Note_on_c, 0, 90, 94
3, 1056492, Note_on_c, 0, 90, 0
3, 1057280, Note_on_c, 0, 78, 94
3, 1057792, Note_on_c, 0, 78, 0
3, 1057792, Note_on_c, 0, 86, 94
3, 1058540, Note_on_c, 0, 86, 0
3, 1059328, Note_on_c, 0, 88, 98
3, 1059840, Note_on_c, 0, 88, 0
3, 1059840, Note_on_c, 0, 81, 100
3, 1060588, Note_on_c, 0, 81, 0
3, 1061376, Note_on_c, 0, 81, 103
3, 1061888, Note_on_c, 0, 81, 0
3, 1061888, Note_on_c, 0, 90, 104
3, 1062400, Note_on_c, 0, 90, 0
3, 1062400, Note_on_c, 0, 81, 105
3, 1062912, Note_on_c, 0, 81, 0
3, 1062912, Note_on_c, 0, 90, 106
3, 1063286, Note_on_c, 0, 90, 0
3, 1064448, Note_on_c, 0, 81, 109
3, 1064960, Note_on_c, 0, 81, 0
3, 1064960, Note_on_c, 0, 93, 107
3, 1065334, Note_on_c, 0, 93, 0
3, 1066496, Note_on_c, 0, 81, 99
3, 1067008, Note_on_c, 0, 81, 0
3, 1067008, Note_on_c, 0, 91, 91
3, 1067756, Note_on_c, 0, 91, 0
3, 1068544, Note_on_c, 0, 81, 69
3, 1069056, Note_on_c, 0, 81, 0
3, 1069056, Note_on_c, 0, 88, 61
3, 1069804, Note_on_c, 0, 88, 0
3, 1070592, Note_on_c, 0, 81, 42
3, 1071104, Note_on_c, 0, 81, 0
3, 1071104, Note_on_c, 0, 86, 42
3, 1071576, Note_on_c, 0, 86, 0
3, 1072640, Note_on_c, 0, 81, 40
3, 1073152, Note_on_c, 0, 81, 0
3, 1073152, Note_on_c, 0, 90, 40
3, 1073900, Note_on_c, 0, 90, 0
3, 1074688, Note_on_c, 0, 81, 38
3, 1075200, Note_on_c, 0, 81, 0
3, 1075200, Note_on_c, 0, 88, 38
3, 1075948, Note_on_c, 0, 88, 0
3, 1076736, Note_on_c, 0, 81, 37
3, 1077248, Note_on_c, 0, 81, 0
3, 1077248, Note_on_c, 0, 90, 41
3, 1077248, Note_on_c, 0, 93, 41
3, 1078272, Note_on_c, 0, 90, 0
3, 1078272, Note_on_c, 0, 93, 0
3, 1078272, Note_on_c, 0, 88, 50
3, 1078272, Note_on_c, 0, 91, 50
3, 1079808, Note_on_c, 0, 88, 0
3, 1079808, Note_on_c, 0, 91, 0
3, 1079808, Note_on_c, 0, 86, 45
3, 1079808, Note_on_c, 0, 90, 45
3, 1080182, Note_on_c, 0, 86, 0
3, 1080182, Note_on_c, 0, 90, 0
3, 1080320, Note_on_c, 0, 86, 42
3, 1080320, Note_on_c, 0, 90, 42
3, 1081068, Note_on_c, 0, 86, 0
3, 1081068, Note_on_c, 0, 90, 0
3, 1081344, Note_on_c, 0, 74, 41
3, 1081344, Note_on_c, 0, 86, 41
3, 1082368, Note_on_c, 0, 74, 0
3, 1082368, Note_on_c, 0, 86, 0
3, 1082368, Note_on_c, 0, 78, 51
3, 1082368, Note_on_c, 0, 90, 51
3, 1083904, Note_on_c, 0, 78, 0
3, 1083904, Note_on_c, 0, 90, 0
3, 1083904, Note_on_c, 0, 79, 48
3, 1083904, Note_on_c, 0, 91, 48
3, 1084278, Note_on_c, 0, 79, 0
3, 1084278, Note_on_c, 0, 91, 0
3, 1084416, Note_on_c, 0, 79, 45
3, 1084416, Note_on_c, 0, 91, 45
3, 1085164, Note_on_c, 0, 79, 0
3, 1085164, Note_on_c, 0, 91, 0
3, 1085440, Note_on_c, 0, 83, 41
3, 1085440, Note_on_c, 0, 91, 41
3, 1085952, Note_on_c, 0, 83, 0
3, 1085952, Note_on_c, 0, 91, 0
3, 1085952, Note_on_c, 0, 79, 42
3, 1085952, Note_on_c, 0, 88, 42
3, 1086464, Note_on_c, 0, 79, 0
3, 1086464, Note_on_c, 0, 88, 0
3, 1086464, Note_on_c, 0, 78, 43
3, 1086464, Note_on_c, 0, 86, 43
3, 1086976, Note_on_c, 0, 78, 0
3, 1086976, Note_on_c, 0, 86, 0
3, 1086976, Note_on_c, 0, 76, 44
3, 1086976, Note_on_c, 0, 85, 44
3, 1087488, Note_on_c, 0, 76, 0
3, 1087488, Note_on_c, 0, 85, 0
3, 1087488, Note_on_c, 0, 79, 46
3, 1087488, Note_on_c, 0, 88, 46
3, 1088000, Note_on_c, 0, 79, 0
3, 1088000, Note_on_c, 0, 88, 0
3, 1088000, Note_on_c, 0, 76, 47
3, 1088000, Note_on_c, 0, 85, 47
3, 1088512, Note_on_c, 0, 76, 0
3, 1088512, Note_on_c, 0, 85, 0
3, 1088512, Note_on_c, 0, 74, 46
3, 1088512, Note_on_c, 0, 83, 46
3, 1089024, Note_on_c, 0, 74, 0
3, 1089024, Note_on_c, 0, 83, 0
3, 1089024, Note_on_c, 0, 73, 45
3, 1089024, Note_on_c, 0, 81, 45
3, 1089536, Note_on_c, 0, 73, 0
3, 1089536, Note_on_c, 0, 81, 0
3, 1089536, Note_on_c, 0, 74, 44
3, 1089536, Note_on_c, 0, 83, 44
3, 1090048, Note_on_c, 0, 74, 0
3, 1090048, Note_on_c, 0, 83, 0
3, 1090048, Note_on_c, 0, 76, 43
3, 1090048, Note_on_c, 0, 85, 43
3, 1090560, Note_on_c, 0, 76, 0
3, 1090560, Note_on_c, 0, 85, 0
3, 1090560, Note_on_c, 0, 78, 42
3, 1090560, Note_on_c, 0, 86, 42
3, 1091072, Note_on_c, 0, 78, 0
3, 1091072, Note_on_c, 0, 86, 0
3, 1091072, Note_on_c, 0, 81, 41
3, 1091072, Note_on_c, 0, 90, 41
3, 1091584, Note_on_c, 0, 81, 0
3, 1091584, Note_on_c, 0, 90, 0
3, 1091584, Note_on_c, 0, 79, 40
3, 1091584, Note_on_c, 0, 88, 40
3, 1092096, Note_on_c, 0, 79, 0
3, 1092096, Note_on_c, 0, 88, 0
3, 1092096, Note_on_c, 0, 76, 39
3, 1092096, Note_on_c, 0, 85, 39
3, 1092608, Note_on_c, 0, 76, 0
3, 1092608, Note_on_c, 0, 85, 0
3, 1092608, Note_on_c, 0, 78, 38
3, 1092608, Note_on_c, 0, 86, 38
3, 1093356, Note_on_c, 0, 78, 0
3, 1093356, Note_on_c, 0, 86, 0
3, 1119232, Note_on_c, 0, 74, 36
3, 1119744, Note_on_c, 0, 74, 0
3, 1119744, Note_on_c, 0, 76, 36
3, 1120118, Note_on_c, 0, 76, 0
3, 1120256, Note_on_c, 0, 78, 36
3, 1120768, Note_on_c, 0, 78, 0
3, 1120768, Note_on_c, 0, 79, 35
3, 1121142, Note_on_c, 0, 79, 0
3, 1121280, Note_on_c, 0, 81, 35
3, 1121792, Note_on_c, 0, 81, 0
3, 1121792, Note_on_c, 0, 83, 35
3, 1122166, Note_on_c, 0, 83, 0
3, 1122304, Note_on_c, 0, 85, 35
3, 1122816, Note_on_c, 0, 85, 0
3, 1122816, Note_on_c, 0, 86, 35
3, 1123190, Note_on_c, 0, 86, 0
3, 1123328, Note_on_c, 0, 86, 35
3, 1123840, Note_on_c, 0, 86, 0
3, 1123840, Note_on_c, 0, 85, 35
3, 1124214, Note_on_c, 0, 85, 0
3, 1124352, Note_on_c, 0, 83, 35
3, 1124864, Note_on_c, 0, 83, 0
3, 1124864, Note_on_c, 0, 85, 35
3, 1125238, Note_on_c, 0, 85, 0
3, 1125376, Note_on_c, 0, 86, 35
3, 1125888, Note_on_c, 0, 86, 0
3, 1125888, Note_on_c, 0, 81, 35
3, 1126262, Note_on_c, 0, 81, 0
3, 1126400, Note_on_c, 0, 85, 35
3, 1126912, Note_on_c, 0, 85, 0
3, 1126912, Note_on_c, 0, 86, 35
3, 1127286, Note_on_c, 0, 86, 0
3, 1127424, Note_on_c, 0, 90, 35
3, 1127936, Note_on_c, 0, 90, 0
3, 1127936, Note_on_c, 0, 88, 35
3, 1128310, Note_on_c, 0, 88, 0
3, 1128448, Note_on_c, 0, 86, 35
3, 1128960, Note_on_c, 0, 86, 0
3, 1128960, Note_on_c, 0, 88, 35
3, 1129334, Note_on_c, 0, 88, 0
3, 1131520, Note_on_c, 0, 90, 35
3, 1132032, Note_on_c, 0, 90, 0
3, 1132032, Note_on_c, 0, 88, 35
3, 1132406, Note_on_c, 0, 88, 0
3, 1132544, Note_on_c, 0, 86, 35
3, 1133056, Note_on_c, 0, 86, 0
3, 1133056, Note_on_c, 0, 88, 35
3, 1133430, Note_on_c, 0, 88, 0
3, 1136640, Note_on_c, 0, 86, 35
3, 1137152, Note_on_c, 0, 86, 0
3, 1137152, Note_on_c, 0, 88, 35
3, 1137526, Note_on_c, 0, 88, 0
3, 1138688, Note_on_c, 0, 90, 35
3, 1139200, Note_on_c, 0, 90, 0
3, 1139200, Note_on_c, 0, 88, 35
3, 1139456, Note_on_c, 0, 88, 0
3, 1140736, Note_on_c, 0, 86, 36
3, 1141248, Note_on_c, 0, 86, 0
3, 1141248, Note_on_c, 0, 88, 36
3, 1141504, Note_on_c, 0, 88, 0
3, 1142784, Note_on_c, 0, 81, 36
3, 1143296, Note_on_c, 0, 81, 0
3, 1143296, Note_on_c, 0, 90, 36
3, 1143552, Note_on_c, 0, 90, 0
3, 1143808, Note_on_c, 0, 90, 37
3, 1144556, Note_on_c, 0, 90, 0
3, 1144832, Note_on_c, 0, 88, 42
3, 1145344, Note_on_c, 0, 88, 0
3, 1145344, Note_on_c, 0, 90, 44
3, 1145718, Note_on_c, 0, 90, 0
3, 1146880, Note_on_c, 0, 86, 50
3, 1147628, Note_on_c, 0, 86, 0
3, 1148928, Note_on_c, 0, 86, 59
3, 1149676, Note_on_c, 0, 86, 0
3, 1150976, Note_on_c, 0, 91, 67
3, 1151488, Note_on_c, 0, 91, 0
3, 1151488, Note_on_c, 0, 88, 70
3, 1151862, Note_on_c, 0, 88, 0
3, 1153024, Note_on_c, 0, 85, 76
3, 1153536, Note_on_c, 0, 85, 0
3, 1153536, Note_on_c, 0, 86, 78
3, 1153910, Note_on_c, 0, 86, 0
3, 1159168, Note_on_c, 0, 88, 89
3, 1159168, Note_on_c, 0, 91, 89
3, 1159680, Note_on_c, 0, 88, 0
3, 1159680, Note_on_c, 0, 91, 0
3, 1159680, Note_on_c, 0, 86, 89
3, 1159680, Note_on_c, 0, 90, 89
3, 1160054, Note_on_c, 0, 86, 0
3, 1160054, Note_on_c, 0, 90, 0
3, 1160192, Note_on_c, 0, 86, 89
3, 1160192, Note_on_c, 0, 90, 89
3, 1160704, Note_on_c, 0, 86, 0
3, 1160704, Note_on_c, 0, 90, 0
3, 1160704, Note_on_c, 0, 85, 89
3, 1160704, Note_on_c, 0, 88, 89
3, 1161078, Note_on_c, 0, 85, 0
3, 1161078, Note_on_c, 0, 88, 0
3, 1161216, Note_on_c, 0, 83, 89
3, 1161216, Note_on_c, 0, 86, 89
3, 1161728, Note_on_c, 0, 83, 0
3, 1161728, Note_on_c, 0, 86, 0
3, 1161728, Note_on_c, 0, 85, 89
3, 1161728, Note_on_c, 0, 88, 89
3, 1162102, Note_on_c, 0, 85, 0
3, 1162102, Note_on_c, 0, 88, 0
3, 1162240, Note_on_c, 0, 88, 90
3, 1162240, Note_on_c, 0, 91, 90
3, 1162752, Note_on_c, 0, 88, 0
3, 1162752, Note_on_c, 0, 91, 0
3, 1162752, Note_on_c, 0, 86, 90
3, 1162752, Note_on_c, 0, 90, 90
3, 1163126, Note_on_c, 0, 86, 0
3, 1163126, Note_on_c, 0, 90, 0
3, 1163264, Note_on_c, 0, 79, 90
3, 1163264, Note_on_c, 0, 88, 90
3, 1163776, Note_on_c, 0, 79, 0
3, 1163776, Note_on_c, 0, 88, 0
3, 1163776, Note_on_c, 0, 78, 90
3, 1163776, Note_on_c, 0, 86, 90
3, 1164150, Note_on_c, 0, 78, 0
3, 1164150, Note_on_c, 0, 86, 0
3, 1164288, Note_on_c, 0, 86, 90
3, 1164288, Note_on_c, 0, 90, 90
3, 1164800, Note_on_c, 0, 86, 0
3, 1164800, Note_on_c, 0, 90, 0
3, 1164800, Note_on_c, 0, 85, 90
3, 1164800, Note_on_c, 0, 88, 90
3, 1165174, Note_on_c, 0, 85, 0
3, 1165174, Note_on_c, 0, 88, 0
3, 1165312, Note_on_c, 0, 83, 91
3, 1165312, Note_on_c, 0, 86, 91
3, 1165824, Note_on_c, 0, 83, 0
3, 1165824, Note_on_c, 0, 86, 0
3, 1165824, Note_on_c, 0, 85, 91
3, 1165824, Note_on_c, 0, 88, 91
3, 1166198, Note_on_c, 0, 85, 0
3, 1166198, Note_on_c, 0, 88, 0
3, 1166336, Note_on_c, 0, 88, 91
3, 1166336, Note_on_c, 0, 91, 91
3, 1166848, Note_on_c, 0, 88, 0
3, 1166848, Note_on_c, 0, 91, 0
3, 1166848, Note_on_c, 0, 86, 91
3, 1166848, Note_on_c, 0, 90, 91
3, 1167222, Note_on_c, 0, 86, 0
3, 1167222, Note_on_c, 0, 90, 0
3, 1167360, Note_on_c, 0, 79, 91
3, 1167360, Note_on_c, 0, 88, 91
3, 1167872, Note_on_c, 0, 79, 0
3, 1167872, Note_on_c, 0, 88, 0
3, 1167872, Note_on_c, 0, 78, 91
3, 1167872, Note_on_c, 0, 86, 91
3, 1168246, Note_on_c, 0, 78, 0
3, 1168246, Note_on_c, 0, 86, 0
3, 1168384, Note_on_c, 0, 86, 91
3, 1168384, Note_on_c, 0, 90, 91
3, 1168896, Note_on_c, 0, 86, 0
3, 1168896, Note_on_c, 0, 90, 0
3, 1168896, Note_on_c, 0, 85, 92
3, 1168896, Note_on_c, 0, 88, 92
3, 1169270, Note_on_c, 0, 85, 0
3, 1169270, Note_on_c, 0, 88, 0
3, 1169408, Note_on_c, 0, 83, 92
3, 1169408, Note_on_c, 0, 86, 92
3, 1169920, Note_on_c, 0, 83, 0
3, 1169920, Note_on_c, 0, 86, 0
3, 1169920, Note_on_c, 0, 85, 93
3, 1169920, Note_on_c, 0, 88, 93
3, 1170294, Note_on_c, 0, 85, 0
3, 1170294, Note_on_c, 0, 88, 0
3, 1170432, Note_on_c, 0, 88, 94
3, 1170432, Note_on_c, 0, 91, 94
3, 1170944, Note_on_c, 0, 88, 0
3, 1170944, Note_on_c, 0, 91, 0
3, 1170944, Note_on_c, 0, 86, 94
3, 1170944, Note_on_c, 0, 90, 94
3, 1171318, Note_on_c, 0, 86, 0
3, 1171318, Note_on_c, 0, 90, 0
3, 1171456, Note_on_c, 0, 86, 95
3, 1171456, Note_on_c, 0, 90, 95
3, 1171968, Note_on_c, 0, 86, 0
3, 1171968, Note_on_c, 0, 90, 0
3, 1171968, Note_on_c, 0, 85, 95
3, 1171968, Note_on_c, 0, 88, 95
3, 1172342, Note_on_c, 0, 85, 0
3, 1172342, Note_on_c, 0, 88, 0
3, 1172480, Note_on_c, 0, 85, 96
3, 1172480, Note_on_c, 0, 88, 96
3, 1172992, Note_on_c, 0, 85, 0
3, 1172992, Note_on_c, 0, 88, 0
3, 1172992, Note_on_c, 0, 83, 96
3, 1172992, Note_on_c, 0, 86, 96
3, 1173366, Note_on_c, 0, 83, 0
3, 1173366, Note_on_c, 0, 86, 0
3, 1173504, Note_on_c, 0, 83, 97
3, 1173504, Note_on_c, 0, 86, 97
3, 1174016, Note_on_c, 0, 83, 0
3, 1174016, Note_on_c, 0, 86, 0
3, 1174016, Note_on_c, 0, 80, 97
3, 1174016, Note_on_c, 0, 88, 97
3, 1174390, Note_on_c, 0, 80, 0
3, 1174390, Note_on_c, 0, 88, 0
3, 1174528, Note_on_c, 0, 81, 98
3, 1175040, Note_on_c, 0, 81, 0
3, 1175552, Note_on_c, 0, 86, 99
3, 1175552, Note_on_c, 0, 90, 99
3, 1177088, Note_on_c, 0, 86, 0
3, 1177088, Note_on_c, 0, 90, 0
3, 1177088, Note_on_c, 0, 88, 99
3, 1177088, Note_on_c, 0, 91, 99
3, 1177462, Note_on_c, 0, 88, 0
3, 1177462, Note_on_c, 0, 91, 0
3, 1177600, Note_on_c, 0, 85, 99
3, 1177600, Note_on_c, 0, 88, 99
3, 1178112, Note_on_c, 0, 85, 0
3, 1178112, Note_on_c, 0, 88, 0
3, 1178112, Note_on_c, 0, 86, 99
3, 1178112, Note_on_c, 0, 90, 99
3, 1178486, Note_on_c, 0, 86, 0
3, 1178486, Note_on_c, 0, 90, 0
3, 1178624, Note_on_c, 0, 88, 99
3, 1178624, Note_on_c, 0, 91, 99
3, 1179136, Note_on_c, 0, 88, 0
3, 1179136, Note_on_c, 0, 91, 0
3, 1179136, Note_on_c, 0, 90, 99
3, 1179136, Note_on_c, 0, 93, 99
3, 1179510, Note_on_c, 0, 90, 0
3, 1179510, Note_on_c, 0, 93, 0
3, 1179648, Note_on_c, 0, 83, 99
3, 1179648, Note_on_c, 0, 91, 99
3, 1180160, Note_on_c, 0, 83, 0
3, 1180160, Note_on_c, 0, 91, 0
3, 1180160, Note_on_c, 0, 81, 99
3, 1180160, Note_on_c, 0, 90, 99
3, 1180534, Note_on_c, 0, 81, 0
3, 1180534, Note_on_c, 0, 90, 0
3, 1180672, Note_on_c, 0, 81, 99
3, 1180672, Note_on_c, 0, 84, 99
3, 1181184, Note_on_c, 0, 81, 0
3, 1181184, Note_on_c, 0, 84, 0
3, 1181184, Note_on_c, 0, 79, 99
3, 1181184, Note_on_c, 0, 83, 99
3, 1181558, Note_on_c, 0, 79, 0
3, 1181558, Note_on_c, 0, 83, 0
3, 1181696, Note_on_c, 0, 83, 99
3, 1181696, Note_on_c, 0, 86, 99
3, 1182208, Note_on_c, 0, 83, 0
3, 1182208, Note_on_c, 0, 86, 0
3, 1182208, Note_on_c, 0, 79, 99
3, 1182208, Note_on_c, 0, 83, 99
3, 1182582, Note_on_c, 0, 79, 0
3, 1182582, Note_on_c, 0, 83, 0
3, 1182720, Note_on_c, 0, 86, 99
3, 1182720, Note_on_c, 0, 90, 99
3, 1183232, Note_on_c, 0, 86, 0
3, 1183232, Note_on_c, 0, 90, 0
3, 1183232, Note_on_c, 0, 85, 99
3, 1183232, Note_on_c, 0, 88, 99
3, 1183606, Note_on_c, 0, 85, 0
3, 1183606, Note_on_c, 0, 88, 0
3, 1183744, Note_on_c, 0, 88, 99
3, 1183744, Note_on_c, 0, 91, 99
3, 1184256, Note_on_c, 0, 88, 0
3, 1184256, Note_on_c, 0, 91, 0
3, 1184256, Note_on_c, 0, 85, 99
3, 1184256, Note_on_c, 0, 88, 99
3, 1184630, Note_on_c, 0, 85, 0
3, 1184630, Note_on_c, 0, 88, 0
3, 1184768, Note_on_c, 0, 79, 100
3, 1184768, Note_on_c, 0, 88, 100
3, 1185280, Note_on_c, 0, 79, 0
3, 1185280, Note_on_c, 0, 88, 0
3, 1185280, Note_on_c, 0, 78, 101
3, 1185280, Note_on_c, 0, 86, 101
3, 1185654, Note_on_c, 0, 78, 0
3, 1185654, Note_on_c, 0, 86, 0
3, 1185792, Note_on_c, 0, 76, 103
3, 1185792, Note_on_c, 0, 85, 103
3, 1186304, Note_on_c, 0, 76, 0
3, 1186304, Note_on_c, 0, 85, 0
3, 1186304, Note_on_c, 0, 78, 105
3, 1186304, Note_on_c, 0, 86, 105
3, 1186678, Note_on_c, 0, 78, 0
3, 1186678, Note_on_c, 0, 86, 0
3, 1186816, Note_on_c, 0, 86, 111
3, 1186816, Note_on_c, 0, 90, 111
3, 1187328, Note_on_c, 0, 86, 0
3, 1187328, Note_on_c, 0, 90, 0
3, 1187328, Note_on_c, 0, 85, 109
3, 1187328, Note_on_c, 0, 88, 109
3, 1187840, Note_on_c, 0, 85, 0
3, 1187840, Note_on_c, 0, 88, 0
3, 1187840, Note_on_c, 0, 88, 109
3, 1187840, Note_on_c, 0, 91, 109
3, 1188214, Note_on_c, 0, 88, 0
3, 1188214, Note_on_c, 0, 91, 0
3, 1188352, Note_on_c, 0, 86, 109
3, 1188352, Note_on_c, 0, 90, 109
3, 1188726, Note_on_c, 0, 86, 0
3, 1188726, Note_on_c, 0, 90, 0
3, 1188864, Note_on_c, 0, 86, 108
3, 1188864, Note_on_c, 0, 90, 108
3, 1189376, Note_on_c, 0, 86, 0
3, 1189376, Note_on_c, 0, 90, 0
3, 1189376, Note_on_c, 0, 85, 108
3, 1189376, Note_on_c, 0, 88, 108
3, 1190124, Note_on_c, 0, 85, 0
3, 1190124, Note_on_c, 0, 88, 0
3, 1190400, Note_on_c, 0, 81, 107
3, 1190774, Note_on_c, 0, 81, 0
3, 1190912, Note_on_c, 0, 86, 107
3, 1191660, Note_on_c, 0, 86, 0
3, 1191936, Note_on_c, 0, 90, 103
3, 1191936, Note_on_c, 0, 93, 103
3, 1192960, Note_on_c, 0, 90, 0
3, 1192960, Note_on_c, 0, 93, 0
3, 1192960, Note_on_c, 0, 88, 103
3, 1192960, Note_on_c, 0, 91, 103
3, 1194496, Note_on_c, 0, 88, 0
3, 1194496, Note_on_c, 0, 91, 0
3, 1194496, Note_on_c, 0, 86, 103
3, 1194496, Note_on_c, 0, 90, 103
3, 1194870, Note_on_c, 0, 86, 0
3, 1194870, Note_on_c, 0, 90, 0
3, 1195008, Note_on_c, 0, 86, 103
3, 1195008, Note_on_c, 0, 90, 103
3, 1195756, Note_on_c, 0, 86, 0
3, 1195756, Note_on_c, 0, 90, 0
3, 1196032, Note_on_c, 0, 86, 103
3, 1198080, Note_on_c, 0, 86, 0
3, 1198080, Note_on_c, 0, 84, 103
3, 1198080, Note_on_c, 0, 90, 103
3, 1198592, Note_on_c, 0, 84, 0
3, 1198592, Note_on_c, 0, 90, 0
3, 1198592, Note_on_c, 0, 83, 103
3, 1198592, Note_on_c, 0, 91, 103
3, 1198966, Note_on_c, 0, 83, 0
3, 1198966, Note_on_c, 0, 91, 0
3, 1199104, Note_on_c, 0, 83, 103
3, 1199104, Note_on_c, 0, 91, 103
3, 1199852, Note_on_c, 0, 83, 0
3, 1199852, Note_on_c, 0, 91, 0
3, 1200128, Note_on_c, 0, 91, 103
3, 1200640, Note_on_c, 0, 91, 0
3, 1200640, Note_on_c, 0, 88, 103
3, 1201152, Note_on_c, 0, 88, 0
3, 1201152, Note_on_c, 0, 86, 103
3, 1201664, Note_on_c, 0, 86, 0
3, 1201664, Note_on_c, 0, 85, 103
3, 1202176, Note_on_c, 0, 85, 0
3, 1202176, Note_on_c, 0, 88, 103
3, 1202688, Note_on_c, 0, 88, 0
3, 1202688, Note_on_c, 0, 85, 103
3, 1203200, Note_on_c, 0, 85, 0
3, 1203200, Note_on_c, 0, 83, 103
3, 1203712, Note_on_c, 0, 83, 0
3, 1203712, Note_on_c, 0, 81, 103
3, 1204224, Note_on_c, 0, 81, 0
3, 1204224, Note_on_c, 0, 83, 103
3, 1204736, Note_on_c, 0, 83, 0
3, 1204736, Note_on_c, 0, 85, 103
3, 1205248, Note_on_c, 0, 85, 0
3, 1205248, Note_on_c, 0, 88, 103
3, 1205760, Note_on_c, 0, 88, 0
3, 1205760, Note_on_c, 0, 86, 103
3, 1206272, Note_on_c, 0, 86, 0
3, 1206272, Note_on_c, 0, 90, 103
3, 1206784, Note_on_c, 0, 90, 0
3, 1206784, Note_on_c, 0, 86, 103
3, 1207296, Note_on_c, 0, 86, 0
3, 1207296, Note_on_c, 0, 85, 103
3, 1207808, Note_on_c, 0, 85, 0
3, 1207808, Note_on_c, 0, 83, 103
3, 1208320, Note_on_c, 0, 83, 0
3, 1208320, Note_on_c, 0, 86, 103
3, 1208832, Note_on_c, 0, 86, 0
3, 1208832, Note_on_c, 0, 83, 103
3, 1209344, Note_on_c, 0, 83, 0
3, 1209344, Note_on_c, 0, 81, 103
3, 1209856, Note_on_c, 0, 81, 0
3, 1209856, Note_on_c, 0, 80, 103
3, 1210368, Note_on_c, 0, 80, 0
3, 1210368, Note_on_c, 0, 83, 104
3, 1210880, Note_on_c, 0, 83, 0
3, 1210880, Note_on_c, 0, 80, 105
3, 1210880, Note_on_c, 0, 92, 105
3, 1211392, Note_on_c, 0, 80, 0
3, 1211392, Note_on_c, 0, 92, 0
3, 1211392, Note_on_c, 0, 78, 106
3, 1211392, Note_on_c, 0, 90, 106
3, 1211904, Note_on_c, 0, 78, 0
3, 1211904, Note_on_c, 0, 90, 0
3, 1211904, Note_on_c, 0, 76, 107
3, 1211904, Note_on_c, 0, 88, 107
3, 1212416, Note_on_c, 0, 76, 0
3, 1212416, Note_on_c, 0, 88, 0
3, 1212416, Note_on_c, 0, 78, 107
3, 1212416, Note_on_c, 0, 90, 107
3, 1212928, Note_on_c, 0, 78, 0
3, 1212928, Note_on_c, 0, 90, 0
3, 1212928, Note_on_c, 0, 80, 108
3, 1212928, Note_on_c, 0, 92, 108
3, 1213440, Note_on_c, 0, 80, 0
3, 1213440, Note_on_c, 0, 92, 0
3, 1213440, Note_on_c, 0, 81, 109
3, 1213440, Note_on_c, 0, 93, 109
3, 1218048, Note_on_c, 0, 81, 0
3, 1218048, Note_on_c, 0, 93, 0
3, 1218048, Note_on_c, 0, 80, 103
3, 1218048, Note_on_c, 0, 92, 103
3, 1218560, Note_on_c, 0, 80, 0
3, 1218560, Note_on_c, 0, 92, 0
3, 1218560, Note_on_c, 0, 83, 105
3, 1219072, Note_on_c, 0, 83, 0
3, 1219072, Note_on_c, 0, 80, 106
3, 1219072, Note_on_c, 0, 92, 106
3, 1219584, Note_on_c, 0, 80, 0
3, 1219584, Note_on_c, 0, 92, 0
3, 1219584, Note_on_c, 0, 78, 107
3, 1219584, Note_on_c, 0, 90, 107
3, 1220096, Note_on_c, 0, 78, 0
3, 1220096, Note_on_c, 0, 90, 0
3, 1220096, Note_on_c, 0, 76, 109
3, 1220096, Note_on_c, 0, 88, 109
3, 1220608, Note_on_c, 0, 76, 0
3, 1220608, Note_on_c, 0, 88, 0
3, 1220608, Note_on_c, 0, 78, 110
3, 1220608, Note_on_c, 0, 90, 110
3, 1221120, Note_on_c, 0, 78, 0
3, 1221120, Note_on_c, 0, 90, 0
3, 1221120, Note_on_c, 0, 80, 111
3, 1221120, Note_on_c, 0, 92, 111
3, 1221632, Note_on_c, 0, 80, 0
3, 1221632, Note_on_c, 0, 92, 0
3, 1221632, Note_on_c, 0, 81, 113
3, 1221632, Note_on_c, 0, 93, 113
3, 1224909, Note_on_c, 0, 81, 0
3, 1224909, Note_on_c, 0, 93, 0
3, 1225728, Note_on_c, 0, 81, 114
3, 1225728, Note_on_c, 0, 93, 114
3, 1226752, Note_on_c, 0, 81, 0
3, 1226752, Note_on_c, 0, 93, 0
3, 1227776, Note_on_c, 0, 81, 117
3, 1227776, Note_on_c, 0, 93, 117
3, 1228800, Note_on_c, 0, 81, 0
3, 1228800, Note_on_c, 0, 93, 0
3, 1229824, Note_on_c, 0, 81, 122
3, 1229824, Note_on_c, 0, 93, 122
3, 1238016, Note_on_c, 0, 81, 0
3, 1238016, Note_on_c, 0, 93, 0
3, 1276928, Note_on_c, 0, 74, 34
3, 1277302, Note_on_c, 0, 74, 0
3, 1277440, Note_on_c, 0, 74, 34
3, 1279724, Note_on_c, 0, 74, 0
3, 1280000, Note_on_c, 0, 75, 34
3, 1280374, Note_on_c, 0, 75, 0
3, 1280512, Note_on_c, 0, 77, 34
3, 1282796, Note_on_c, 0, 77, 0
3, 1283072, Note_on_c, 0, 77, 35
3, 1283446, Note_on_c, 0, 77, 0
3, 1283584, Note_on_c, 0, 75, 35
3, 1285868, Note_on_c, 0, 75, 0
3, 1286144, Note_on_c, 0, 74, 35
3, 1286518, Note_on_c, 0, 74, 0
3, 1286656, Note_on_c, 0, 72, 35
3, 1288940, Note_on_c, 0, 72, 0
3, 1289216, Note_on_c, 0, 70, 36
3, 1289590, Note_on_c, 0, 70, 0
3, 1289728, Note_on_c, 0, 70, 36
3, 1292012, Note_on_c, 0, 70, 0
3, 1292288, Note_on_c, 0, 72, 36
3, 1292662, Note_on_c, 0, 72, 0
3, 1292800, Note_on_c, 0, 74, 36
3, 1295084, Note_on_c, 0, 74, 0
3, 1295360, Note_on_c, 0, 74, 37
3, 1295734, Note_on_c, 0, 74, 0
3, 1295872, Note_on_c, 0, 72, 37
3, 1298156, Note_on_c, 0, 72, 0
3, 1298432, Note_on_c, 0, 70, 37
3, 1298806, Note_on_c, 0, 70, 0
3, 1298944, Note_on_c, 0, 72, 37
3, 1301228, Note_on_c, 0, 72, 0
3, 1301504, Note_on_c, 0, 74, 38
3, 1301878, Note_on_c, 0, 74, 0
3, 1302016, Note_on_c, 0, 86, 38
3, 1304300, Note_on_c, 0, 86, 0
3, 1304576, Note_on_c, 0, 87, 38
3, 1304950, Note_on_c, 0, 87, 0
3, 1305088, Note_on_c, 0, 89, 38
3, 1307372, Note_on_c, 0, 89, 0
3, 1307648, Note_on_c, 0, 89, 39
3, 1308022, Note_on_c, 0, 89, 0
3, 1308160, Note_on_c, 0, 87, 38
3, 1310444, Note_on_c, 0, 87, 0
3, 1310720, Note_on_c, 0, 86, 37
3, 1311094, Note_on_c, 0, 86, 0
3, 1311232, Note_on_c, 0, 84, 37
3, 1313516, Note_on_c, 0, 84, 0
3, 1313792, Note_on_c, 0, 82, 36
3, 1314166, Note_on_c, 0, 82, 0
3, 1314304, Note_on_c, 0, 82, 35
3, 1316588, Note_on_c, 0, 82, 0
3, 1316864, Note_on_c, 0, 84, 34
3, 1317238, Note_on_c, 0, 84, 0
3, 1317376, Note_on_c, 0, 86, 34
3, 1319660, Note_on_c, 0, 86, 0
3, 1319936, Note_on_c, 0, 84, 33
3, 1320310, Note_on_c, 0, 84, 0
3, 1320448, Note_on_c, 0, 84, 32
3, 1321196, Note_on_c, 0, 84, 0
3, 1321472, Note_on_c, 0, 82, 32
3, 1321846, Note_on_c, 0, 82, 0
3, 1321984, Note_on_c, 0, 82, 32
3, 1322732, Note_on_c, 0, 82, 0
3, 1326080, Note_on_c, 0, 84, 31
3, 1326454, Note_on_c, 0, 84, 0
3, 1326592, Note_on_c, 0, 84, 31
3, 1329664, Note_on_c, 0, 84, 0
3, 1329664, Note_on_c, 0, 86, 31
3, 1330412, Note_on_c, 0, 86, 0
3, 1330688, Note_on_c, 0, 82, 31
3, 1331062, Note_on_c, 0, 82, 0
3, 1331200, Note_on_c, 0, 84, 31
3, 1331948, Note_on_c, 0, 84, 0
3, 1332224, Note_on_c, 0, 84, 31
3, 1332598, Note_on_c, 0, 84, 0
3, 1332736, Note_on_c, 0, 84, 31
3, 1334784, Note_on_c, 0, 84, 0
3, 1334784, Note_on_c, 0, 86, 31
3, 1335296, Note_on_c, 0, 86, 0
3, 1335296, Note_on_c, 0, 87, 31
3, 1335670, Note_on_c, 0, 87, 0
3, 1335808, Note_on_c, 0, 86, 32
3, 1336556, Note_on_c, 0, 86, 0
3, 1336832, Note_on_c, 0, 82, 32
3, 1337206, Note_on_c, 0, 82, 0
3, 1337344, Note_on_c, 0, 84, 33
3, 1337856, Note_on_c, 0, 84, 0
3, 1337856, Note_on_c, 0, 86, 33
3, 1338368, Note_on_c, 0, 86, 0
3, 1338368, Note_on_c, 0, 87, 33
3, 1338742, Note_on_c, 0, 87, 0
3, 1338880, Note_on_c, 0, 86, 34
3, 1339628, Note_on_c, 0, 86, 0
3, 1339904, Note_on_c, 0, 82, 34
3, 1340278, Note_on_c, 0, 82, 0
3, 1340416, Note_on_c, 0, 84, 35
3, 1340928, Note_on_c, 0, 84, 0
3, 1340928, Note_on_c, 0, 86, 35
3, 1341440, Note_on_c, 0, 86, 0
3, 1341440, Note_on_c, 0, 87, 35
3, 1341814, Note_on_c, 0, 87, 0
3, 1341952, Note_on_c, 0, 86, 35
3, 1342700, Note_on_c, 0, 86, 0
3, 1342976, Note_on_c, 0, 84, 36
3, 1344000, Note_on_c, 0, 84, 0
3, 1344000, Note_on_c, 0, 82, 37
3, 1344512, Note_on_c, 0, 82, 0
3, 1344512, Note_on_c, 0, 81, 36
3, 1344886, Note_on_c, 0, 81, 0
3, 1345024, Note_on_c, 0, 82, 35
3, 1345772, Note_on_c, 0, 82, 0
3, 1346048, Note_on_c, 0, 84, 34
3, 1346422, Note_on_c, 0, 84, 0
3, 1346560, Note_on_c, 0, 77, 33
3, 1347072, Note_on_c, 0, 77, 0
3, 1347072, Note_on_c, 0, 79, 33
3, 1347584, Note_on_c, 0, 79, 0
3, 1347584, Note_on_c, 0, 81, 34
3, 1348096, Note_on_c, 0, 81, 0
3, 1348096, Note_on_c, 0, 82, 36
3, 1348608, Note_on_c, 0, 82, 0
3, 1348608, Note_on_c, 0, 84, 37
3, 1349120, Note_on_c, 0, 84, 0
3, 1349120, Note_on_c, 0, 86, 39
3, 1349632, Note_on_c, 0, 86, 0
3, 1349632, Note_on_c, 0, 86, 40
3, 1350380, Note_on_c, 0, 86, 0
3, 1350656, Note_on_c, 0, 86, 40
3, 1351030, Note_on_c, 0, 86, 0
3, 1351168, Note_on_c, 0, 86, 40
3, 1353452, Note_on_c, 0, 86, 0
3, 1353728, Note_on_c, 0, 87, 40
3, 1354102, Note_on_c, 0, 87, 0
3, 1354240, Note_on_c, 0, 89, 40
3, 1356524, Note_on_c, 0, 89, 0
3, 1356800, Note_on_c, 0, 89, 40
3, 1357174, Note_on_c, 0, 89, 0
3, 1357312, Note_on_c, 0, 87, 40
3, 1359596, Note_on_c, 0, 87, 0
3, 1359872, Note_on_c, 0, 86, 40
3, 1360246, Note_on_c, 0, 86, 0
3, 1360384, Note_on_c, 0, 84, 40
3, 1362668, Note_on_c, 0, 84, 0
3, 1362944, Note_on_c, 0, 82, 41
3, 1363318, Note_on_c, 0, 82, 0
3, 1363456, Note_on_c, 0, 82, 40
3, 1365740, Note_on_c, 0, 82, 0
3, 1366016, Note_on_c, 0, 84, 37
3, 1366390, Note_on_c, 0, 84, 0
3, 1366528, Note_on_c, 0, 86, 37
3, 1368812, Note_on_c, 0, 86, 0
3, 1369088, Note_on_c, 0, 84, 34
3, 1369462, Note_on_c, 0, 84, 0
3, 1369600, Note_on_c, 0, 84, 33
3, 1370348, Note_on_c, 0, 84, 0
3, 1370624, Note_on_c, 0, 82, 32
3, 1370998, Note_on_c, 0, 82, 0
3, 1371136, Note_on_c, 0, 82, 32
3, 1371884, Note_on_c, 0, 82, 0
3, 1375232, Note_on_c, 0, 74, 32
3, 1375606, Note_on_c, 0, 74, 0
3, 1375744, Note_on_c, 0, 74, 32
3, 1378028, Note_on_c, 0, 74, 0
3, 1378304, Note_on_c, 0, 75, 33
3, 1378678, Note_on_c, 0, 75, 0
3, 1378816, Note_on_c, 0, 77, 33
3, 1381100, Note_on_c, 0, 77, 0
3, 1381376, Note_on_c, 0, 77, 34
3, 1381750, Note_on_c, 0, 77, 0
3, 1381888, Note_on_c, 0, 75, 34
3, 1384172, Note_on_c, 0, 75, 0
3, 1384448, Note_on_c, 0, 74, 34
3, 1384822, Note_on_c, 0, 74, 0
3, 1384960, Note_on_c, 0, 72, 35
3, 1387244, Note_on_c, 0, 72, 0
3, 1387520, Note_on_c, 0, 70, 35
3, 1387894, Note_on_c, 0, 70, 0
3, 1388032, Note_on_c, 0, 70, 36
3, 1390316, Note_on_c, 0, 70, 0
3, 1390592, Note_on_c, 0, 72, 36
3, 1390966, Note_on_c, 0, 72, 0
3, 1391104, Note_on_c, 0, 74, 37
3, 1393388, Note_on_c, 0, 74, 0
3, 1393664, Note_on_c, 0, 74, 37
3, 1394038, Note_on_c, 0, 74, 0
3, 1394176, Note_on_c, 0, 72, 37
3, 1396460, Note_on_c, 0, 72, 0
3, 1396736, Note_on_c, 0, 70, 38
3, 1397110, Note_on_c, 0, 70, 0
3, 1397248, Note_on_c, 0, 72, 38
3, 1399532, Note_on_c, 0, 72, 0
3, 1399808, Note_on_c, 0, 74, 39
3, 1400182, Note_on_c, 0, 74, 0
3, 1400320, Note_on_c, 0, 86, 39
3, 1402604, Note_on_c, 0, 86, 0
3, 1402880, Note_on_c, 0, 87, 39
3, 1403254, Note_on_c, 0, 87, 0
3, 1403392, Note_on_c, 0, 89, 39
3, 1405676, Note_on_c, 0, 89, 0
3, 1405952, Note_on_c, 0, 89, 39
3, 1406326, Note_on_c, 0, 89, 0
3, 1406464, Note_on_c, 0, 87, 39
3, 1408748, Note_on_c, 0, 87, 0
3, 1409024, Note_on_c, 0, 86, 38
3, 1409398, Note_on_c, 0, 86, 0
3, 1409536, Note_on_c, 0, 84, 37
3, 1411820, Note_on_c, 0, 84, 0
3, 1412096, Note_on_c, 0, 82, 36
3, 1412470, Note_on_c, 0, 82, 0
3, 1412608, Note_on_c, 0, 82, 36
3, 1414892, Note_on_c, 0, 82, 0
3, 1415168, Note_on_c, 0, 84, 34
3, 1415542, Note_on_c, 0, 84, 0
3, 1415680, Note_on_c, 0, 86, 34
3, 1417964, Note_on_c, 0, 86, 0
3, 1418240, Note_on_c, 0, 84, 30
3, 1418614, Note_on_c, 0, 84, 0
3, 1418752, Note_on_c, 0, 84, 30
3, 1419500, Note_on_c, 0, 84, 0
3, 1419776, Note_on_c, 0, 82, 30
3, 1420150, Note_on_c, 0, 82, 0
3, 1420288, Note_on_c, 0, 82, 30
3, 1421036, Note_on_c, 0, 82, 0
3, 1424384, Note_on_c, 0, 84, 30
3, 1424758, Note_on_c, 0, 84, 0
3, 1424896, Note_on_c, 0, 84, 30
3, 1427968, Note_on_c, 0, 84, 0
3, 1427968, Note_on_c, 0, 86, 33
3, 1428716, Note_on_c, 0, 86, 0
3, 1428992, Note_on_c, 0, 82, 33
3, 1429366, Note_on_c, 0, 82, 0
3, 1429504, Note_on_c, 0, 84, 34
3, 1430252, Note_on_c, 0, 84, 0
3, 1430528, Note_on_c, 0, 84, 35
3, 1430902, Note_on_c, 0, 84, 0
3, 1431040, Note_on_c, 0, 84, 35
3, 1433088, Note_on_c, 0, 84, 0
3, 1433088, Note_on_c, 0, 86, 37
3, 1433600, Note_on_c, 0, 86, 0
3, 1433600, Note_on_c, 0, 87, 37
3, 1433974, Note_on_c, 0, 87, 0
3, 1434112, Note_on_c, 0, 86, 38
3, 1434860, Note_on_c, 0, 86, 0
3, 1435136, Note_on_c, 0, 82, 39
3, 1435510, Note_on_c, 0, 82, 0
3, 1435648, Note_on_c, 0, 84, 39
3, 1436160, Note_on_c, 0, 84, 0
3, 1436160, Note_on_c, 0, 86, 39
3, 1436672, Note_on_c, 0, 86, 0
3, 1436672, Note_on_c, 0, 87, 40
3, 1437046, Note_on_c, 0, 87, 0
3, 1437184, Note_on_c, 0, 86, 40
3, 1437932, Note_on_c, 0, 86, 0
3, 1438208, Note_on_c, 0, 82, 41
3, 1438582, Note_on_c, 0, 82, 0
3, 1438720, Note_on_c, 0, 84, 41
3, 1439232, Note_on_c, 0, 84, 0
3, 1439232, Note_on_c, 0, 86, 41
3, 1439744, Note_on_c, 0, 86, 0
3, 1439744, Note_on_c, 0, 87, 42
3, 1440118, Note_on_c, 0, 87, 0
3, 1440256, Note_on_c, 0, 86, 42
3, 1441004, Note_on_c, 0, 86, 0
3, 1441280, Note_on_c, 0, 84, 43
3, 1442304, Note_on_c, 0, 84, 0
3, 1442304, Note_on_c, 0, 82, 44
3, 1442816, Note_on_c, 0, 82, 0
3, 1442816, Note_on_c, 0, 81, 45
3, 1443328, Note_on_c, 0, 81, 0
3, 1443328, Note_on_c, 0, 82, 45
3, 1444076, Note_on_c, 0, 82, 0
3, 1444352, Note_on_c, 0, 84, 47
3, 1444726, Note_on_c, 0, 84, 0
3, 1444864, Note_on_c, 0, 77, 47
3, 1445376, Note_on_c, 0, 77, 0
3, 1445376, Note_on_c, 0, 79, 48
3, 1445888, Note_on_c, 0, 79, 0
3, 1445888, Note_on_c, 0, 81, 48
3, 1446400, Note_on_c, 0, 81, 0
3, 1446400, Note_on_c, 0, 82, 49
3, 1446912, Note_on_c, 0, 82, 0
3, 1446912, Note_on_c, 0, 84, 49
3, 1447424, Note_on_c, 0, 84, 0
3, 1447424, Note_on_c, 0, 86, 50
3, 1447936, Note_on_c, 0, 86, 0
3, 1447936, Note_on_c, 0, 86, 50
3, 1448684, Note_on_c, 0, 86, 0
3, 1448960, Note_on_c, 0, 86, 51
3, 1449334, Note_on_c, 0, 86, 0
3, 1449472, Note_on_c, 0, 86, 52
3, 1451756, Note_on_c, 0, 86, 0
3, 1452032, Note_on_c, 0, 87, 54
3, 1452406, Note_on_c, 0, 87, 0
3, 1452544, Note_on_c, 0, 89, 55
3, 1454828, Note_on_c, 0, 89, 0
3, 1455104, Note_on_c, 0, 89, 58
3, 1455478, Note_on_c, 0, 89, 0
3, 1455616, Note_on_c, 0, 87, 58
3, 1457900, Note_on_c, 0, 87, 0
3, 1458176, Note_on_c, 0, 86, 59
3, 1458550, Note_on_c, 0, 86, 0
3, 1458688, Note_on_c, 0, 84, 60
3, 1460972, Note_on_c, 0, 84, 0
3, 1461248, Note_on_c, 0, 82, 61
3, 1461622, Note_on_c, 0, 82, 0
3, 1461760, Note_on_c, 0, 82, 61
3, 1464044, Note_on_c, 0, 82, 0
3, 1464320, Note_on_c, 0, 84, 62
3, 1464694, Note_on_c, 0, 84, 0
3, 1464832, Note_on_c, 0, 86, 63
3, 1467116, Note_on_c, 0, 86, 0
3, 1467392, Note_on_c, 0, 84, 62
3, 1467766, Note_on_c, 0, 84, 0
3, 1467904, Note_on_c, 0, 84, 60
3, 1468652, Note_on_c, 0, 84, 0
3, 1468928, Note_on_c, 0, 82, 56
3, 1469302, Note_on_c, 0, 82, 0
3, 1469440, Note_on_c, 0, 82, 54
3, 1470188, Note_on_c, 0, 82, 0
3, 1473536, Note_on_c, 0, 84, 55
3, 1473910, Note_on_c, 0, 84, 0
3, 1474048, Note_on_c, 0, 84, 56
3, 1477120, Note_on_c, 0, 84, 0
3, 1477120, Note_on_c, 0, 86, 59
3, 1477868, Note_on_c, 0, 86, 0
3, 1478144, Note_on_c, 0, 82, 60
3, 1478518, Note_on_c, 0, 82, 0
3, 1478656, Note_on_c, 0, 84, 61
3, 1479404, Note_on_c, 0, 84, 0
3, 1479680, Note_on_c, 0, 84, 62
3, 1480054, Note_on_c, 0, 84, 0
3, 1480192, Note_on_c, 0, 84, 62
3, 1482240, Note_on_c, 0, 84, 0
3, 1482240, Note_on_c, 0, 86, 65
3, 1482752, Note_on_c, 0, 86, 0
3, 1482752, Note_on_c, 0, 87, 65
3, 1483126, Note_on_c, 0, 87, 0
3, 1483264, Note_on_c, 0, 86, 66
3, 1484012, Note_on_c, 0, 86, 0
3, 1484288, Note_on_c, 0, 82, 67
3, 1484662, Note_on_c, 0, 82, 0
3, 1484800, Note_on_c, 0, 84, 67
3, 1485312, Note_on_c, 0, 84, 0
3, 1485312, Note_on_c, 0, 86, 68
3, 1485824, Note_on_c, 0, 86, 0
3, 1485824, Note_on_c, 0, 87, 69
3, 1486198, Note_on_c, 0, 87, 0
3, 1486336, Note_on_c, 0, 86, 69
3, 1487084, Note_on_c, 0, 86, 0
3, 1487360, Note_on_c, 0, 82, 70
3, 1487734, Note_on_c, 0, 82, 0
3, 1487872, Note_on_c, 0, 84, 71
3, 1488384, Note_on_c, 0, 84, 0
3, 1488384, Note_on_c, 0, 86, 72
3, 1488896, Note_on_c, 0, 86, 0
3, 1488896, Note_on_c, 0, 87, 72
3, 1489270, Note_on_c, 0, 87, 0
3, 1489408, Note_on_c, 0, 86, 72
3, 1490156, Note_on_c, 0, 86, 0
3, 1490432, Note_on_c, 0, 84, 71
3, 1491456, Note_on_c, 0, 84, 0
3, 1491456, Note_on_c, 0, 82, 71
3, 1491968, Note_on_c, 0, 82, 0
3, 1491968, Note_on_c, 0, 81, 70
3, 1492342, Note_on_c, 0, 81, 0
3, 1492480, Note_on_c, 0, 82, 70
3, 1493228, Note_on_c, 0, 82, 0
3, 1493504, Note_on_c, 0, 84, 70
3, 1493878, Note_on_c, 0, 84, 0
3, 1494016, Note_on_c, 0, 77, 68
3, 1494528, Note_on_c, 0, 77, 0
3, 1494528, Note_on_c, 0, 79, 68
3, 1495040, Note_on_c, 0, 79, 0
3, 1495040, Note_on_c, 0, 81, 69
3, 1495552, Note_on_c, 0, 81, 0
3, 1495552, Note_on_c, 0, 82, 69
3, 1496064, Note_on_c, 0, 82, 0
3, 1496064, Note_on_c, 0, 84, 70
3, 1496576, Note_on_c, 0, 84, 0
3, 1496576, Note_on_c, 0, 86, 70
3, 1497088, Note_on_c, 0, 86, 0
3, 1497088, Note_on_c, 0, 86, 71
3, 1497836, Note_on_c, 0, 86, 0
3, 1498112, Note_on_c, 0, 86, 72
3, 1498486, Note_on_c, 0, 86, 0
3, 1498624, Note_on_c, 0, 86, 72
3, 1500908, Note_on_c, 0, 86, 0
3, 1501184, Note_on_c, 0, 87, 75
3, 1501558, Note_on_c, 0, 87, 0
3, 1501696, Note_on_c, 0, 89, 75
3, 1503980, Note_on_c, 0, 89, 0
3, 1504256, Note_on_c, 0, 89, 78
3, 1504630, Note_on_c, 0, 89, 0
3, 1504768, Note_on_c, 0, 87, 78
3, 1507052, Note_on_c, 0, 87, 0
3, 1507328, Note_on_c, 0, 86, 80
3, 1507702, Note_on_c, 0, 86, 0
3, 1507840, Note_on_c, 0, 84, 81
3, 1510124, Note_on_c, 0, 84, 0
3, 1510400, Note_on_c, 0, 82, 72
3, 1510774, Note_on_c, 0, 82, 0
3, 1510912, Note_on_c, 0, 82, 73
3, 1513196, Note_on_c, 0, 82, 0
3, 1513472, Note_on_c, 0, 84, 79
3, 1513846, Note_on_c, 0, 84, 0
3, 1513984, Note_on_c, 0, 86, 80
3, 1516268, Note_on_c, 0, 86, 0
3, 1516544, Note_on_c, 0, 84, 85
3, 1516918, Note_on_c, 0, 84, 0
3, 1517056, Note_on_c, 0, 84, 86
3, 1517804, Note_on_c, 0, 84, 0
3, 1518080, Note_on_c, 0, 82, 88
3, 1518454, Note_on_c, 0, 82, 0
3, 1518592, Note_on_c, 0, 82, 89
3, 1519340, Note_on_c, 0, 82, 0
3, 1519616, Note_on_c, 0, 89, 91
3, 1519990, Note_on_c, 0, 89, 0
3, 1520128, Note_on_c, 0, 89, 92
3, 1522412, Note_on_c, 0, 89, 0
3, 1522688, Note_on_c, 0, 87, 89
3, 1523062, Note_on_c, 0, 87, 0
3, 1523200, Note_on_c, 0, 86, 88
3, 1525484, Note_on_c, 0, 86, 0
3, 1525760, Note_on_c, 0, 82, 83
3, 1526134, Note_on_c, 0, 82, 0
3, 1526272, Note_on_c, 0, 82, 82
3, 1528556, Note_on_c, 0, 82, 0
3, 1528832, Note_on_c, 0, 80, 76
3, 1529206, Note_on_c, 0, 80, 0
3, 1529344, Note_on_c, 0, 79, 75
3, 1531628, Note_on_c, 0, 79, 0
3, 1531904, Note_on_c, 0, 87, 79
3, 1532278, Note_on_c, 0, 87, 0
3, 1532416, Note_on_c, 0, 87, 80
3, 1533164, Note_on_c, 0, 87, 0
3, 1533440, Note_on_c, 0, 84, 82
3, 1534464, Note_on_c, 0, 84, 0
3, 1534464, Note_on_c, 0, 82, 84
3, 1534976, Note_on_c, 0, 82, 0
3, 1534976, Note_on_c, 0, 81, 84
3, 1535350, Note_on_c, 0, 81, 0
3, 1535488, Note_on_c, 0, 84, 85
3, 1536236, Note_on_c, 0, 84, 0
3, 1536512, Note_on_c, 0, 81, 87
3, 1537536, Note_on_c, 0, 81, 0
3, 1537536, Note_on_c, 0, 79, 89
3, 1538048, Note_on_c, 0, 79, 0
3, 1538048, Note_on_c, 0, 77, 90
3, 1538422, Note_on_c, 0, 77, 0
3, 1538560, Note_on_c, 0, 79, 91
3, 1539308, Note_on_c, 0, 79, 0
3, 1539584, Note_on_c, 0, 81, 92
3, 1539958, Note_on_c, 0, 81, 0
3, 1540096, Note_on_c, 0, 82, 93
3, 1540608, Note_on_c, 0, 82, 0
3, 1540608, Note_on_c, 0, 84, 94
3, 1541120, Note_on_c, 0, 84, 0
3, 1541120, Note_on_c, 0, 86, 95
3, 1542144, Note_on_c, 0, 86, 0
3, 1542144, Note_on_c, 0, 84, 97
3, 1542656, Note_on_c, 0, 84, 0
3, 1542656, Note_on_c, 0, 81, 98
3, 1543030, Note_on_c, 0, 81, 0
3, 1543168, Note_on_c, 0, 82, 98
3, 1543680, Note_on_c, 0, 82, 0
3, 1543680, Note_on_c, 0, 84, 99
3, 1544192, Note_on_c, 0, 84, 0
3, 1544192, Note_on_c, 0, 86, 99
3, 1545216, Note_on_c, 0, 86, 0
3, 1545216, Note_on_c, 0, 84, 99
3, 1545728, Note_on_c, 0, 84, 0
3, 1545728, Note_on_c, 0, 81, 99
3, 1546102, Note_on_c, 0, 81, 0
3, 1546240, Note_on_c, 0, 82, 108
3, 1546988, Note_on_c, 0, 82, 0
3, 1577984, Note_on_c, 0, 83, 100
3, 1578358, Note_on_c, 0, 83, 0
3, 1578496, Note_on_c, 0, 83, 113
3, 1579617, Note_on_c, 0, 83, 0
3, 1581056, Note_on_c, 0, 84, 100
3, 1581430, Note_on_c, 0, 84, 0
3, 1581568, Note_on_c, 0, 84, 116
3, 1582689, Note_on_c, 0, 84, 0
3, 1584128, Note_on_c, 0, 86, 100
3, 1584640, Note_on_c, 0, 86, 0
3, 1584640, Note_on_c, 0, 86, 100
3, 1585152, Note_on_c, 0, 86, 0
3, 1585152, Note_on_c, 0, 84, 100
3, 1585664, Note_on_c, 0, 84, 0
3, 1585664, Note_on_c, 0, 83, 100
3, 1586176, Note_on_c, 0, 83, 0
3, 1586176, Note_on_c, 0, 86, 106
3, 1586432, Note_on_c, 0, 86, 0
3, 1586688, Note_on_c, 0, 88, 100
3, 1586944, Note_on_c, 0, 88, 0
3, 1587200, Note_on_c, 0, 90, 100
3, 1587456, Note_on_c, 0, 90, 0
3, 1587712, Note_on_c, 0, 91, 100
3, 1588460, Note_on_c, 0, 91, 0
3, 1588736, Note_on_c, 0, 86, 100
3, 1589110, Note_on_c, 0, 86, 0
3, 1589248, Note_on_c, 0, 91, 108
3, 1589996, Note_on_c, 0, 91, 0
3, 1590272, Note_on_c, 0, 86, 100
3, 1590646, Note_on_c, 0, 86, 0
3, 1590784, Note_on_c, 0, 91, 100
3, 1591532, Note_on_c, 0, 91, 0
3, 1591808, Note_on_c, 0, 89, 100
3, 1592182, Note_on_c, 0, 89, 0
3, 1592320, Note_on_c, 0, 87, 108
3, 1593068, Note_on_c, 0, 87, 0
3, 1593856, Note_on_c, 0, 86, 100
3, 1594604, Note_on_c, 0, 86, 0
3, 1595392, Note_on_c, 0, 86, 108
3, 1596140, Note_on_c, 0, 86, 0
3, 1596928, Note_on_c, 0, 84, 100
3, 1597676, Note_on_c, 0, 84, 0
3, 1598464, Note_on_c, 0, 84, 108
3, 1599212, Note_on_c, 0, 84, 0
3, 1600000, Note_on_c, 0, 83, 100
3, 1600748, Note_on_c, 0, 83, 0
3, 1602560, Note_on_c, 0, 84, 100
3, 1602934, Note_on_c, 0, 84, 0
3, 1603072, Note_on_c, 0, 84, 114
3, 1604193, Note_on_c, 0, 84, 0
3, 1605632, Note_on_c, 0, 86, 100
3, 1606006, Note_on_c, 0, 86, 0
3, 1606144, Note_on_c, 0, 86, 114
3, 1607265, Note_on_c, 0, 86, 0
3, 1608704, Note_on_c, 0, 87, 100
3, 1609078, Note_on_c, 0, 87, 0
3, 1609216, Note_on_c, 0, 92, 100
3, 1609964, Note_on_c, 0, 92, 0
3, 1610240, Note_on_c, 0, 91, 100
3, 1610614, Note_on_c, 0, 91, 0
3, 1610752, Note_on_c, 0, 89, 100
3, 1611500, Note_on_c, 0, 89, 0
3, 1612288, Note_on_c, 0, 87, 100
3, 1613036, Note_on_c, 0, 87, 0
3, 1614848, Note_on_c, 0, 89, 100
3, 1615222, Note_on_c, 0, 89, 0
3, 1615360, Note_on_c, 0, 86, 100
3, 1616108, Note_on_c, 0, 86, 0
3, 1616384, Note_on_c, 0, 92, 100
3, 1616758, Note_on_c, 0, 92, 0
3, 1616896, Note_on_c, 0, 91, 108
3, 1617644, Note_on_c, 0, 91, 0
3, 1617920, Note_on_c, 0, 86, 100
3, 1618294, Note_on_c, 0, 86, 0
3, 1618432, Note_on_c, 0, 91, 100
3, 1619180, Note_on_c, 0, 91, 0
3, 1619456, Note_on_c, 0, 89, 100
3, 1619830, Note_on_c, 0, 89, 0
3, 1619968, Note_on_c, 0, 87, 108
3, 1620716, Note_on_c, 0, 87, 0
3, 1620992, Note_on_c, 0, 79, 100
3, 1620992, Note_on_c, 0, 87, 100
3, 1621366, Note_on_c, 0, 79, 0
3, 1621366, Note_on_c, 0, 87, 0
3, 1621504, Note_on_c, 0, 79, 114
3, 1621504, Note_on_c, 0, 87, 114
3, 1622625, Note_on_c, 0, 79, 0
3, 1622625, Note_on_c, 0, 87, 0
3, 1624064, Note_on_c, 0, 86, 100
3, 1624064, Note_on_c, 0, 89, 100
3, 1624438, Note_on_c, 0, 86, 0
3, 1624438, Note_on_c, 0, 89, 0
3, 1624576, Note_on_c, 0, 86, 118
3, 1624576, Note_on_c, 0, 89, 118
3, 1625697, Note_on_c, 0, 86, 0
3, 1625697, Note_on_c, 0, 89, 0
3, 1627136, Note_on_c, 0, 79, 100
3, 1627136, Note_on_c, 0, 91, 100
3, 1627510, Note_on_c, 0, 79, 0
3, 1627510, Note_on_c, 0, 91, 0
3, 1627648, Note_on_c, 0, 84, 100
3, 1627648, Note_on_c, 0, 91, 100
3, 1628396, Note_on_c, 0, 84, 0
3, 1628396, Note_on_c, 0, 91, 0
3, 1628672, Note_on_c, 0, 84, 100
3, 1628672, Note_on_c, 0, 91, 100
3, 1629046, Note_on_c, 0, 84, 0
3, 1629046, Note_on_c, 0, 91, 0
3, 1629184, Note_on_c, 0, 84, 108
3, 1629184, Note_on_c, 0, 89, 108
3, 1629932, Note_on_c, 0, 84, 0
3, 1629932, Note_on_c, 0, 89, 0
3, 1630720, Note_on_c, 0, 84, 101
3, 1630720, Note_on_c, 0, 88, 101
3, 1631468, Note_on_c, 0, 84, 0
3, 1631468, Note_on_c, 0, 88, 0
3, 1633280, Note_on_c, 0, 77, 101
3, 1633280, Note_on_c, 0, 89, 101
3, 1633654, Note_on_c, 0, 77, 0
3, 1633654, Note_on_c, 0, 89, 0
3, 1633792, Note_on_c, 0, 77, 101
3, 1633792, Note_on_c, 0, 89, 101
3, 1634540, Note_on_c, 0, 77, 0
3, 1634540, Note_on_c, 0, 89, 0
3, 1634816, Note_on_c, 0, 77, 101
3, 1634816, Note_on_c, 0, 89, 101
3, 1635190, Note_on_c, 0, 77, 0
3, 1635190, Note_on_c, 0, 89, 0
3, 1635328, Note_on_c, 0, 77, 108
3, 1635328, Note_on_c, 0, 89, 108
3, 1636076, Note_on_c, 0, 77, 0
3, 1636076, Note_on_c, 0, 89, 0
3, 1636864, Note_on_c, 0, 77, 101
3, 1636864, Note_on_c, 0, 89, 101
3, 1637612, Note_on_c, 0, 77, 0
3, 1637612, Note_on_c, 0, 89, 0
3, 1639424, Note_on_c, 0, 77, 101
3, 1639424, Note_on_c, 0, 89, 101
3, 1639798, Note_on_c, 0, 77, 0
3, 1639798, Note_on_c, 0, 89, 0
3, 1639936, Note_on_c, 0, 75, 101
3, 1639936, Note_on_c, 0, 87, 101
3, 1640684, Note_on_c, 0, 75, 0
3, 1640684, Note_on_c, 0, 87, 0
3, 1640960, Note_on_c, 0, 75, 101
3, 1640960, Note_on_c, 0, 87, 101
3, 1641334, Note_on_c, 0, 75, 0
3, 1641334, Note_on_c, 0, 87, 0
3, 1641472, Note_on_c, 0, 75, 108
3, 1641472, Note_on_c, 0, 87, 108
3, 1642220, Note_on_c, 0, 75, 0
3, 1642220, Note_on_c, 0, 87, 0
3, 1643008, Note_on_c, 0, 75, 101
3, 1643008, Note_on_c, 0, 87, 101
3, 1643756, Note_on_c, 0, 75, 0
3, 1643756, Note_on_c, 0, 87, 0
3, 1645568, Note_on_c, 0, 81, 101
3, 1645568, Note_on_c, 0, 93, 101
3, 1645942, Note_on_c, 0, 81, 0
3, 1645942, Note_on_c, 0, 93, 0
3, 1646080, Note_on_c, 0, 81, 115
3, 1646080, Note_on_c, 0, 93, 115
3, 1647201, Note_on_c, 0, 81, 0
3, 1647201, Note_on_c, 0, 93, 0
3, 1648640, Note_on_c, 0, 81, 101
3, 1648640, Note_on_c, 0, 93, 101
3, 1649014, Note_on_c, 0, 81, 0
3, 1649014, Note_on_c, 0, 93, 0
3, 1649152, Note_on_c, 0, 81, 118
3, 1649152, Note_on_c, 0, 93, 118
3, 1650273, Note_on_c, 0, 81, 0
3, 1650273, Note_on_c, 0, 93, 0
3, 1651712, Note_on_c, 0, 70, 101
3, 1651712, Note_on_c, 0, 82, 101
3, 1652086, Note_on_c, 0, 70, 0
3, 1652086, Note_on_c, 0, 82, 0
3, 1652224, Note_on_c, 0, 70, 116
3, 1652224, Note_on_c, 0, 82, 116
3, 1653345, Note_on_c, 0, 70, 0
3, 1653345, Note_on_c, 0, 82, 0
3, 1654784, Note_on_c, 0, 70, 101
3, 1654784, Note_on_c, 0, 82, 101
3, 1655158, Note_on_c, 0, 70, 0
3, 1655158, Note_on_c, 0, 82, 0
3, 1655296, Note_on_c, 0, 70, 115
3, 1655296, Note_on_c, 0, 82, 115
3, 1656417, Note_on_c, 0, 70, 0
3, 1656417, Note_on_c, 0, 82, 0
3, 1656832, Note_on_c, 0, 87, 106
3, 1657088, Note_on_c, 0, 87, 0
3, 1657344, Note_on_c, 0, 87, 102
3, 1657600, Note_on_c, 0, 87, 0
3, 1657856, Note_on_c, 0, 87, 102
3, 1658112, Note_on_c, 0, 87, 0
3, 1658368, Note_on_c, 0, 87, 102
3, 1658624, Note_on_c, 0, 87, 0
3, 1658880, Note_on_c, 0, 89, 102
3, 1659136, Note_on_c, 0, 89, 0
3, 1659392, Note_on_c, 0, 90, 102
3, 1659648, Note_on_c, 0, 90, 0
3, 1659904, Note_on_c, 0, 90, 108
3, 1660160, Note_on_c, 0, 90, 0
3, 1660416, Note_on_c, 0, 90, 103
3, 1660672, Note_on_c, 0, 90, 0
3, 1660928, Note_on_c, 0, 90, 103
3, 1661184, Note_on_c, 0, 90, 0
3, 1661440, Note_on_c, 0, 90, 103
3, 1661696, Note_on_c, 0, 90, 0
3, 1661952, Note_on_c, 0, 89, 104
3, 1662208, Note_on_c, 0, 89, 0
3, 1662464, Note_on_c, 0, 87, 104
3, 1662720, Note_on_c, 0, 87, 0
3, 1662976, Note_on_c, 0, 85, 107
3, 1663724, Note_on_c, 0, 85, 0
3, 1664000, Note_on_c, 0, 77, 104
3, 1664000, Note_on_c, 0, 89, 104
3, 1664374, Note_on_c, 0, 77, 0
3, 1664374, Note_on_c, 0, 89, 0
3, 1664512, Note_on_c, 0, 77, 115
3, 1664512, Note_on_c, 0, 89, 115
3, 1665633, Note_on_c, 0, 77, 0
3, 1665633, Note_on_c, 0, 89, 0
3, 1667072, Note_on_c, 0, 77, 101
3, 1667072, Note_on_c, 0, 89, 101
3, 1667446, Note_on_c, 0, 77, 0
3, 1667446, Note_on_c, 0, 89, 0
3, 1667584, Note_on_c, 0, 77, 116
3, 1667584, Note_on_c, 0, 89, 116
3, 1668705, Note_on_c, 0, 77, 0
3, 1668705, Note_on_c, 0, 89, 0
3, 1670144, Note_on_c, 0, 77, 101
3, 1670144, Note_on_c, 0, 89, 101
3, 1670518, Note_on_c, 0, 77, 0
3, 1670518, Note_on_c, 0, 89, 0
3, 1670656, Note_on_c, 0, 82, 101
3, 1671404, Note_on_c, 0, 82, 0
3, 1671680, Note_on_c, 0, 82, 101
3, 1672054, Note_on_c, 0, 82, 0
3, 1672192, Note_on_c, 0, 78, 108
3, 1672192, Note_on_c, 0, 90, 108
3, 1672940, Note_on_c, 0, 78, 0
3, 1672940, Note_on_c, 0, 90, 0
3, 1676288, Note_on_c, 0, 80, 101
3, 1676288, Note_on_c, 0, 92, 101
3, 1676662, Note_on_c, 0, 80, 0
3, 1676662, Note_on_c, 0, 92, 0
3, 1676800, Note_on_c, 0, 85, 101
3, 1677548, Note_on_c, 0, 85, 0
3, 1677824, Note_on_c, 0, 85, 101
3, 1678198, Note_on_c, 0, 85, 0
3, 1678336, Note_on_c, 0, 82, 108
3, 1679084, Note_on_c, 0, 82, 0
3, 1682432, Note_on_c, 0, 71, 101
3, 1682432, Note_on_c, 0, 83, 101
3, 1682806, Note_on_c, 0, 71, 0
3, 1682806, Note_on_c, 0, 83, 0
3, 1682944, Note_on_c, 0, 65, 101
3, 1682944, Note_on_c, 0, 77, 101
3, 1683692, Note_on_c, 0, 65, 0
3, 1683692, Note_on_c, 0, 77, 0
3, 1683968, Note_on_c, 0, 85, 101
3, 1683968, Note_on_c, 0, 89, 101
3, 1684224, Note_on_c, 0, 85, 0
3, 1684224, Note_on_c, 0, 89, 0
3, 1684480, Note_on_c, 0, 85, 109
3, 1684480, Note_on_c, 0, 90, 109
3, 1684736, Note_on_c, 0, 85, 0
3, 1684736, Note_on_c, 0, 90, 0
3, 1684992, Note_on_c, 0, 85, 102
3, 1684992, Note_on_c, 0, 89, 102
3, 1685248, Note_on_c, 0, 85, 0
3, 1685248, Note_on_c, 0, 89, 0
3, 1685504, Note_on_c, 0, 85, 103
3, 1685504, Note_on_c, 0, 90, 103
3, 1685760, Note_on_c, 0, 85, 0
3, 1685760, Note_on_c, 0, 90, 0
3, 1686016, Note_on_c, 0, 85, 104
3, 1686016, Note_on_c, 0, 90, 104
3, 1686272, Note_on_c, 0, 85, 0
3, 1686272, Note_on_c, 0, 90, 0
3, 1686528, Note_on_c, 0, 85, 106
3, 1686528, Note_on_c, 0, 90, 106
3, 1686784, Note_on_c, 0, 85, 0
3, 1686784, Note_on_c, 0, 90, 0
3, 1687040, Note_on_c, 0, 85, 107
3, 1687040, Note_on_c, 0, 90, 107
3, 1687296, Note_on_c, 0, 85, 0
3, 1687296, Note_on_c, 0, 90, 0
3, 1687552, Note_on_c, 0, 85, 114
3, 1687552, Note_on_c, 0, 90, 114
3, 1688064, Note_on_c, 0, 85, 0
3, 1688064, Note_on_c, 0, 90, 0
3, 1698304, Note_on_c, 0, 87, 92
3, 1698560, Note_on_c, 0, 87, 0
3, 1698816, Note_on_c, 0, 87, 92
3, 1699072, Note_on_c, 0, 87, 0
3, 1699328, Note_on_c, 0, 87, 92
3, 1699584, Note_on_c, 0, 87, 0
3, 1699840, Note_on_c, 0, 87, 100
3, 1700096, Note_on_c, 0, 87, 0
3, 1700352, Note_on_c, 0, 89, 92
3, 1700608, Note_on_c, 0, 89, 0
3, 1700864, Note_on_c, 0, 90, 92
3, 1701120, Note_on_c, 0, 90, 0
3, 1701376, Note_on_c, 0, 90, 92
3, 1701632, Note_on_c, 0, 90, 0
3, 1701888, Note_on_c, 0, 92, 92
3, 1702144, Note_on_c, 0, 92, 0
3, 1702400, Note_on_c, 0, 90, 92
3, 1702656, Note_on_c, 0, 90, 0
3, 1702912, Note_on_c, 0, 89, 101
3, 1703168, Note_on_c, 0, 89, 0
3, 1703424, Note_on_c, 0, 87, 92
3, 1703680, Note_on_c, 0, 87, 0
3, 1703936, Note_on_c, 0, 85, 92
3, 1704192, Note_on_c, 0, 85, 0
3, 1704448, Note_on_c, 0, 84, 92
3, 1704704, Note_on_c, 0, 84, 0
3, 1704960, Note_on_c, 0, 90, 92
3, 1705216, Note_on_c, 0, 90, 0
3, 1705472, Note_on_c, 0, 89, 92
3, 1705728, Note_on_c, 0, 89, 0
3, 1705984, Note_on_c, 0, 87, 103
3, 1706240, Note_on_c, 0, 87, 0
3, 1706496, Note_on_c, 0, 85, 92
3, 1706752, Note_on_c, 0, 85, 0
3, 1707008, Note_on_c, 0, 84, 92
3, 1707264, Note_on_c, 0, 84, 0
3, 1707520, Note_on_c, 0, 82, 92
3, 1707776, Note_on_c, 0, 82, 0
3, 1708032, Note_on_c, 0, 89, 92
3, 1708288, Note_on_c, 0, 89, 0
3, 1708544, Note_on_c, 0, 87, 92
3, 1708800, Note_on_c, 0, 87, 0
3, 1709056, Note_on_c, 0, 85, 102
3, 1709312, Note_on_c, 0, 85, 0
3, 1709568, Note_on_c, 0, 84, 92
3, 1709824, Note_on_c, 0, 84, 0
3, 1710080, Note_on_c, 0, 82, 92
3, 1710336, Note_on_c, 0, 82, 0
3, 1710592, Note_on_c, 0, 81, 92
3, 1710848, Note_on_c, 0, 81, 0
3, 1711104, Note_on_c, 0, 85, 92
3, 1711360, Note_on_c, 0, 85, 0
3, 1711616, Note_on_c, 0, 84, 92
3, 1711872, Note_on_c, 0, 84, 0
3, 1712128, Note_on_c, 0, 82, 100
3, 1712640, Note_on_c, 0, 82, 0
3, 1713664, Note_on_c, 0, 82, 92
3, 1713920, Note_on_c, 0, 82, 0
3, 1714176, Note_on_c, 0, 82, 92
3, 1714432, Note_on_c, 0, 82, 0
3, 1714688, Note_on_c, 0, 82, 92
3, 1714944, Note_on_c, 0, 82, 0
3, 1715200, Note_on_c, 0, 82, 100
3, 1715456, Note_on_c, 0, 82, 0
3, 1715712, Note_on_c, 0, 84, 92
3, 1715968, Note_on_c, 0, 84, 0
3, 1716224, Note_on_c, 0, 85, 92
3, 1716480, Note_on_c, 0, 85, 0
3, 1716736, Note_on_c, 0, 85, 94
3, 1716992, Note_on_c, 0, 85, 0
3, 1717248, Note_on_c, 0, 84, 94
3, 1717504, Note_on_c, 0, 84, 0
3, 1717760, Note_on_c, 0, 82, 94
3, 1718016, Note_on_c, 0, 82, 0
3, 1719808, Note_on_c, 0, 82, 96
3, 1720064, Note_on_c, 0, 82, 0
3, 1720320, Note_on_c, 0, 82, 96
3, 1720576, Note_on_c, 0, 82, 0
3, 1720832, Note_on_c, 0, 82, 96
3, 1721088, Note_on_c, 0, 82, 0
3, 1721344, Note_on_c, 0, 82, 104
3, 1721600, Note_on_c, 0, 82, 0
3, 1721856, Note_on_c, 0, 83, 97
3, 1722112, Note_on_c, 0, 83, 0
3, 1722368, Note_on_c, 0, 85, 97
3, 1722624, Note_on_c, 0, 85, 0
3, 1722880, Note_on_c, 0, 85, 98
3, 1723136, Note_on_c, 0, 85, 0
3, 1723392, Note_on_c, 0, 83, 98
3, 1723648, Note_on_c, 0, 83, 0
3, 1723904, Note_on_c, 0, 82, 98
3, 1724160, Note_on_c, 0, 82, 0
3, 1725952, Note_on_c, 0, 85, 100
3, 1726208, Note_on_c, 0, 85, 0
3, 1726464, Note_on_c, 0, 85, 100
3, 1726720, Note_on_c, 0, 85, 0
3, 1726976, Note_on_c, 0, 85, 100
3, 1727232, Note_on_c, 0, 85, 0
3, 1727488, Note_on_c, 0, 85, 109
3, 1727744, Note_on_c, 0, 85, 0
3, 1728000, Note_on_c, 0, 86, 101
3, 1728256, Note_on_c, 0, 86, 0
3, 1728512, Note_on_c, 0, 88, 101
3, 1728768, Note_on_c, 0, 88, 0
3, 1729024, Note_on_c, 0, 85, 102
3, 1729024, Note_on_c, 0, 88, 102
3, 1729280, Note_on_c, 0, 85, 0
3, 1729280, Note_on_c, 0, 88, 0
3, 1729536, Note_on_c, 0, 86, 102
3, 1729536, Note_on_c, 0, 90, 102
3, 1729792, Note_on_c, 0, 86, 0
3, 1729792, Note_on_c, 0, 90, 0
3, 1730048, Note_on_c, 0, 88, 102
3, 1730048, Note_on_c, 0, 91, 102
3, 1730304, Note_on_c, 0, 88, 0
3, 1730304, Note_on_c, 0, 91, 0
3, 1730560, Note_on_c, 0, 83, 112
3, 1731308, Note_on_c, 0, 83, 0
3, 1731584, Note_on_c, 0, 83, 103
3, 1731958, Note_on_c, 0, 83, 0
3, 1732096, Note_on_c, 0, 83, 117
3, 1733217, Note_on_c, 0, 83, 0
3, 1734656, Note_on_c, 0, 85, 103
3, 1735030, Note_on_c, 0, 85, 0
3, 1735168, Note_on_c, 0, 85, 116
3, 1736289, Note_on_c, 0, 85, 0
3, 1736704, Note_on_c, 0, 87, 112
3, 1736960, Note_on_c, 0, 87, 0
3, 1737216, Note_on_c, 0, 88, 103
3, 1737472, Note_on_c, 0, 88, 0
3, 1737728, Note_on_c, 0, 90, 103
3, 1737856, Note_on_c, 0, 90, 0
3, 1737984, Note_on_c, 0, 91, 103
3, 1738112, Note_on_c, 0, 91, 0
3, 1738240, Note_on_c, 0, 91, 103
3, 1738496, Note_on_c, 0, 91, 0
3, 1738752, Note_on_c, 0, 91, 103
3, 1739008, Note_on_c, 0, 91, 0
3, 1739264, Note_on_c, 0, 91, 103
3, 1739520, Note_on_c, 0, 91, 0
3, 1739776, Note_on_c, 0, 91, 111
3, 1740032, Note_on_c, 0, 91, 0
3, 1740288, Note_on_c, 0, 93, 103
3, 1740544, Note_on_c, 0, 93, 0
3, 1740800, Note_on_c, 0, 91, 103
3, 1741056, Note_on_c, 0, 91, 0
3, 1741312, Note_on_c, 0, 90, 103
3, 1741568, Note_on_c, 0, 90, 0
3, 1741824, Note_on_c, 0, 88, 103
3, 1742080, Note_on_c, 0, 88, 0
3, 1742336, Note_on_c, 0, 87, 103
3, 1742592, Note_on_c, 0, 87, 0
3, 1742848, Note_on_c, 0, 93, 112
3, 1743104, Note_on_c, 0, 93, 0
3, 1743360, Note_on_c, 0, 93, 103
3, 1743616, Note_on_c, 0, 93, 0
3, 1743872, Note_on_c, 0, 93, 103
3, 1744128, Note_on_c, 0, 93, 0
3, 1744384, Note_on_c, 0, 93, 103
3, 1744640, Note_on_c, 0, 93, 0
3, 1744896, Note_on_c, 0, 91, 103
3, 1745152, Note_on_c, 0, 91, 0
3, 1745408, Note_on_c, 0, 90, 103
3, 1745664, Note_on_c, 0, 90, 0
3, 1745920, Note_on_c, 0, 87, 113
3, 1746176, Note_on_c, 0, 87, 0
3, 1746432, Note_on_c, 0, 87, 103
3, 1746688, Note_on_c, 0, 87, 0
3, 1746944, Note_on_c, 0, 88, 103
3, 1747200, Note_on_c, 0, 88, 0
3, 1747456, Note_on_c, 0, 88, 103
3, 1747712, Note_on_c, 0, 88, 0
3, 1747968, Note_on_c, 0, 90, 103
3, 1748224, Note_on_c, 0, 90, 0
3, 1748480, Note_on_c, 0, 91, 103
3, 1748736, Note_on_c, 0, 91, 0
3, 1748992, Note_on_c, 0, 91, 110
3, 1749248, Note_on_c, 0, 91, 0
3, 1749504, Note_on_c, 0, 91, 103
3, 1749760, Note_on_c, 0, 91, 0
3, 1750016, Note_on_c, 0, 93, 103
3, 1750272, Note_on_c, 0, 93, 0
3, 1750528, Note_on_c, 0, 93, 103
3, 1750784, Note_on_c, 0, 93, 0
3, 1751040, Note_on_c, 0, 91, 103
3, 1751296, Note_on_c, 0, 91, 0
3, 1751552, Note_on_c, 0, 90, 103
3, 1751808, Note_on_c, 0, 90, 0
3, 1752064, Note_on_c, 0, 93, 110
3, 1752320, Note_on_c, 0, 93, 0
3, 1752576, Note_on_c, 0, 93, 103
3, 1752832, Note_on_c, 0, 93, 0
3, 1753088, Note_on_c, 0, 93, 103
3, 1753344, Note_on_c, 0, 93, 0
3, 1753600, Note_on_c, 0, 91, 103
3, 1753856, Note_on_c, 0, 91, 0
3, 1754112, Note_on_c, 0, 90, 103
3, 1754368, Note_on_c, 0, 90, 0
3, 1754624, Note_on_c, 0, 88, 103
3, 1754880, Note_on_c, 0, 88, 0
3, 1755136, Note_on_c, 0, 91, 111
3, 1755392, Note_on_c, 0, 91, 0
3, 1755648, Note_on_c, 0, 93, 103
3, 1755904, Note_on_c, 0, 93, 0
3, 1756160, Note_on_c, 0, 91, 103
3, 1756416, Note_on_c, 0, 91, 0
3, 1756672, Note_on_c, 0, 90, 103
3, 1756928, Note_on_c, 0, 90, 0
3, 1757184, Note_on_c, 0, 88, 103
3, 1757440, Note_on_c, 0, 88, 0
3, 1757696, Note_on_c, 0, 86, 103
3, 1757952, Note_on_c, 0, 86, 0
3, 1758208, Note_on_c, 0, 90, 111
3, 1758464, Note_on_c, 0, 90, 0
3, 1758720, Note_on_c, 0, 91, 103
3, 1758976, Note_on_c, 0, 91, 0
3, 1759232, Note_on_c, 0, 90, 103
3, 1759488, Note_on_c, 0, 90, 0
3, 1759744, Note_on_c, 0, 88, 103
3, 1760000, Note_on_c, 0, 88, 0
3, 1760256, Note_on_c, 0, 86, 103
3, 1760512, Note_on_c, 0, 86, 0
3, 1760768, Note_on_c, 0, 85, 103
3, 1761024, Note_on_c, 0, 85, 0
3, 1761280, Note_on_c, 0, 88, 111
3, 1761536, Note_on_c, 0, 88, 0
3, 1761792, Note_on_c, 0, 90, 103
3, 1762048, Note_on_c, 0, 90, 0
3, 1762304, Note_on_c, 0, 88, 103
3, 1762560, Note_on_c, 0, 88, 0
3, 1762816, Note_on_c, 0, 86, 103
3, 1763072, Note_on_c, 0, 86, 0
3, 1763328, Note_on_c, 0, 85, 103
3, 1763584, Note_on_c, 0, 85, 0
3, 1763840, Note_on_c, 0, 83, 103
3, 1764096, Note_on_c, 0, 83, 0
3, 1764352, Note_on_c, 0, 82, 111
3, 1764608, Note_on_c, 0, 82, 0
3, 1764864, Note_on_c, 0, 78, 103
3, 1764864, Note_on_c, 0, 90, 103
3, 1765120, Note_on_c, 0, 78, 0
3, 1765120, Note_on_c, 0, 90, 0
3, 1765376, Note_on_c, 0, 78, 103
3, 1765376, Note_on_c, 0, 90, 103
3, 1765632, Note_on_c, 0, 78, 0
3, 1765632, Note_on_c, 0, 90, 0
3, 1765888, Note_on_c, 0, 78, 103
3, 1765888, Note_on_c, 0, 90, 103
3, 1766144, Note_on_c, 0, 78, 0
3, 1766144, Note_on_c, 0, 90, 0
3, 1766400, Note_on_c, 0, 78, 103
3, 1766400, Note_on_c, 0, 90, 103
3, 1766656, Note_on_c, 0, 78, 0
3, 1766656, Note_on_c, 0, 90, 0
3, 1766912, Note_on_c, 0, 78, 103
3, 1766912, Note_on_c, 0, 90, 103
3, 1767168, Note_on_c, 0, 78, 0
3, 1767168, Note_on_c, 0, 90, 0
3, 1767424, Note_on_c, 0, 78, 111
3, 1767424, Note_on_c, 0, 90, 111
3, 1768172, Note_on_c, 0, 78, 0
3, 1768172, Note_on_c, 0, 90, 0
3, 1768448, Note_on_c, 0, 78, 103
3, 1768448, Note_on_c, 0, 90, 103
3, 1768822, Note_on_c, 0, 78, 0
3, 1768822, Note_on_c, 0, 90, 0
3, 1768960, Note_on_c, 0, 78, 119
3, 1768960, Note_on_c, 0, 90, 119
3, 1770081, Note_on_c, 0, 78, 0
3, 1770081, Note_on_c, 0, 90, 0
3, 1771520, Note_on_c, 0, 78, 103
3, 1771520, Note_on_c, 0, 90, 103
3, 1771894, Note_on_c, 0, 78, 0
3, 1771894, Note_on_c, 0, 90, 0
3, 1772032, Note_on_c, 0, 80, 118
3, 1772032, Note_on_c, 0, 92, 118
3, 1773153, Note_on_c, 0, 80, 0
3, 1773153, Note_on_c, 0, 92, 0
3, 1774592, Note_on_c, 0, 77, 103
3, 1774592, Note_on_c, 0, 89, 103
3, 1774966, Note_on_c, 0, 77, 0
3, 1774966, Note_on_c, 0, 89, 0
3, 1775104, Note_on_c, 0, 77, 118
3, 1775104, Note_on_c, 0, 89, 118
3, 1776225, Note_on_c, 0, 77, 0
3, 1776225, Note_on_c, 0, 89, 0
3, 1777664, Note_on_c, 0, 77, 103
3, 1777664, Note_on_c, 0, 89, 103
3, 1778038, Note_on_c, 0, 77, 0
3, 1778038, Note_on_c, 0, 89, 0
3, 1778176, Note_on_c, 0, 78, 119
3, 1778176, Note_on_c, 0, 90, 119
3, 1779297, Note_on_c, 0, 78, 0
3, 1779297, Note_on_c, 0, 90, 0
3, 1780736, Note_on_c, 0, 78, 103
3, 1780736, Note_on_c, 0, 90, 103
3, 1781110, Note_on_c, 0, 78, 0
3, 1781110, Note_on_c, 0, 90, 0
3, 1781248, Note_on_c, 0, 78, 118
3, 1781248, Note_on_c, 0, 90, 118
3, 1782369, Note_on_c, 0, 78, 0
3, 1782369, Note_on_c, 0, 90, 0
3, 1783808, Note_on_c, 0, 78, 103
3, 1783808, Note_on_c, 0, 90, 103
3, 1784182, Note_on_c, 0, 78, 0
3, 1784182, Note_on_c, 0, 90, 0
3, 1784320, Note_on_c, 0, 83, 119
3, 1784320, Note_on_c, 0, 89, 119
3, 1785441, Note_on_c, 0, 83, 0
3, 1785441, Note_on_c, 0, 89, 0
3, 1786880, Note_on_c, 0, 80, 95
3, 1787254, Note_on_c, 0, 80, 0
3, 1787392, Note_on_c, 0, 80, 110
3, 1788513, Note_on_c, 0, 80, 0
3, 1789952, Note_on_c, 0, 80, 97
3, 1790326, Note_on_c, 0, 80, 0
3, 1790464, Note_on_c, 0, 82, 114
3, 1791585, Note_on_c, 0, 82, 0
3, 1793024, Note_on_c, 0, 82, 99
3, 1793398, Note_on_c, 0, 82, 0
3, 1793536, Note_on_c, 0, 83, 119
3, 1794657, Note_on_c, 0, 83, 0
3, 1796096, Note_on_c, 0, 83, 101
3, 1796470, Note_on_c, 0, 83, 0
3, 1796608, Note_on_c, 0, 85, 119
3, 1797729, Note_on_c, 0, 85, 0
3, 1799168, Note_on_c, 0, 85, 103
3, 1799542, Note_on_c, 0, 85, 0
3, 1799680, Note_on_c, 0, 86, 116
3, 1800801, Note_on_c, 0, 86, 0
3, 1802240, Note_on_c, 0, 87, 104
3, 1802614, Note_on_c, 0, 87, 0
3, 1802752, Note_on_c, 0, 88, 120
3, 1803873, Note_on_c, 0, 88, 0
3, 1805312, Note_on_c, 0, 83, 106
3, 1805312, Note_on_c, 0, 88, 106
3, 1805686, Note_on_c, 0, 83, 0
3, 1805686, Note_on_c, 0, 88, 0
3, 1805824, Note_on_c, 0, 83, 119
3, 1805824, Note_on_c, 0, 89, 119
3, 1806945, Note_on_c, 0, 83, 0
3, 1806945, Note_on_c, 0, 89, 0
3, 1808384, Note_on_c, 0, 83, 108
3, 1808384, Note_on_c, 0, 89, 108
3, 1808758, Note_on_c, 0, 83, 0
3, 1808758, Note_on_c, 0, 89, 0
3, 1808896, Note_on_c, 0, 78, 108
3, 1808896, Note_on_c, 0, 90, 108
3, 1809644, Note_on_c, 0, 78, 0
3, 1809644, Note_on_c, 0, 90, 0
3, 1809920, Note_on_c, 0, 78, 109
3, 1809920, Note_on_c, 0, 90, 109
3, 1810294, Note_on_c, 0, 78, 0
3, 1810294, Note_on_c, 0, 90, 0
3, 1810432, Note_on_c, 0, 78, 121
3, 1810432, Note_on_c, 0, 90, 121
3, 1811180, Note_on_c, 0, 78, 0
3, 1811180, Note_on_c, 0, 90, 0
3, 1811456, Note_on_c, 0, 78, 109
3, 1811456, Note_on_c, 0, 90, 109
3, 1811830, Note_on_c, 0, 78, 0
3, 1811830, Note_on_c, 0, 90, 0
3, 1811968, Note_on_c, 0, 78, 122
3, 1811968, Note_on_c, 0, 90, 122
3, 1814252, Note_on_c, 0, 78, 0
3, 1814252, Note_on_c, 0, 90, 0
3, 1814528, Note_on_c, 0, 78, 109
3, 1814528, Note_on_c, 0, 90, 109
3, 1814902, Note_on_c, 0, 78, 0
3, 1814902, Note_on_c, 0, 90, 0
3, 1815040, Note_on_c, 0, 78, 124
3, 1815040, Note_on_c, 0, 90, 124
3, 1817324, Note_on_c, 0, 78, 0
3, 1817324, Note_on_c, 0, 90, 0
3, 1817600, Note_on_c, 0, 78, 109
3, 1817600, Note_on_c, 0, 90, 109
3, 1817974, Note_on_c, 0, 78, 0
3, 1817974, Note_on_c, 0, 90, 0
3, 1818112, Note_on_c, 0, 78, 124
3, 1818112, Note_on_c, 0, 90, 124
3, 1820396, Note_on_c, 0, 78, 0
3, 1820396, Note_on_c, 0, 90, 0
3, 1820672, Note_on_c, 0, 78, 108
3, 1820672, Note_on_c, 0, 90, 108
3, 1821046, Note_on_c, 0, 78, 0
3, 1821046, Note_on_c, 0, 90, 0
3, 1821184, Note_on_c, 0, 78, 124
3, 1821184, Note_on_c, 0, 90, 124
3, 1823468, Note_on_c, 0, 78, 0
3, 1823468, Note_on_c, 0, 90, 0
3, 1823744, Note_on_c, 0, 78, 108
3, 1823744, Note_on_c, 0, 90, 108
3, 1824118, Note_on_c, 0, 78, 0
3, 1824118, Note_on_c, 0, 90, 0
3, 1824256, Note_on_c, 0, 78, 123
3, 1824256, Note_on_c, 0, 90, 123
3, 1826540, Note_on_c, 0, 78, 0
3, 1826540, Note_on_c, 0, 90, 0
3, 1826816, Note_on_c, 0, 78, 107
3, 1826816, Note_on_c, 0, 90, 107
3, 1827190, Note_on_c, 0, 78, 0
3, 1827190, Note_on_c, 0, 90, 0
3, 1827328, Note_on_c, 0, 78, 123
3, 1827328, Note_on_c, 0, 90, 123
3, 1829612, Note_on_c, 0, 78, 0
3, 1829612, Note_on_c, 0, 90, 0
3, 1829888, Note_on_c, 0, 78, 107
3, 1829888, Note_on_c, 0, 90, 107
3, 1830262, Note_on_c, 0, 78, 0
3, 1830262, Note_on_c, 0, 90, 0
3, 1830400, Note_on_c, 0, 78, 123
3, 1830400, Note_on_c, 0, 90, 123
3, 1832684, Note_on_c, 0, 78, 0
3, 1832684, Note_on_c, 0, 90, 0
3, 1832960, Note_on_c, 0, 78, 107
3, 1832960, Note_on_c, 0, 90, 107
3, 1833334, Note_on_c, 0, 78, 0
3, 1833334, Note_on_c, 0, 90, 0
3, 1833472, Note_on_c, 0, 78, 123
3, 1833472, Note_on_c, 0, 90, 123
3, 1835756, Note_on_c, 0, 78, 0
3, 1835756, Note_on_c, 0, 90, 0
3, 1890304, Note_on_c, 0, 86, 105
3, 1890304, Note_on_c, 0, 90, 105
3, 1891052, Note_on_c, 0, 86, 0
3, 1891052, Note_on_c, 0, 90, 0
3, 1891840, Note_on_c, 0, 86, 105
3, 1891840, Note_on_c, 0, 90, 105
3, 1892588, Note_on_c, 0, 86, 0
3, 1892588, Note_on_c, 0, 90, 0
3, 1893376, Note_on_c, 0, 88, 105
3, 1893376, Note_on_c, 0, 91, 105
3, 1894124, Note_on_c, 0, 88, 0
3, 1894124, Note_on_c, 0, 91, 0
3, 1894912, Note_on_c, 0, 90, 105
3, 1894912, Note_on_c, 0, 93, 105
3, 1895660, Note_on_c, 0, 90, 0
3, 1895660, Note_on_c, 0, 93, 0
3, 1896448, Note_on_c, 0, 90, 105
3, 1896448, Note_on_c, 0, 93, 105
3, 1897196, Note_on_c, 0, 90, 0
3, 1897196, Note_on_c, 0, 93, 0
3, 1897984, Note_on_c, 0, 88, 105
3, 1897984, Note_on_c, 0, 91, 105
3, 1898732, Note_on_c, 0, 88, 0
3, 1898732, Note_on_c, 0, 91, 0
3, 1899520, Note_on_c, 0, 81, 105
3, 1899520, Note_on_c, 0, 90, 105
3, 1900268, Note_on_c, 0, 81, 0
3, 1900268, Note_on_c, 0, 90, 0
3, 1901056, Note_on_c, 0, 79, 105
3, 1901056, Note_on_c, 0, 88, 105
3, 1901804, Note_on_c, 0, 79, 0
3, 1901804, Note_on_c, 0, 88, 0
3, 1902592, Note_on_c, 0, 78, 105
3, 1902592, Note_on_c, 0, 86, 105
3, 1903340, Note_on_c, 0, 78, 0
3, 1903340, Note_on_c, 0, 86, 0
3, 1904128, Note_on_c, 0, 78, 105
3, 1904128, Note_on_c, 0, 86, 105
3, 1904876, Note_on_c, 0, 78, 0
3, 1904876, Note_on_c, 0, 86, 0
3, 1905664, Note_on_c, 0, 81, 105
3, 1905664, Note_on_c, 0, 88, 105
3, 1906412, Note_on_c, 0, 81, 0
3, 1906412, Note_on_c, 0, 88, 0
3, 1907200, Note_on_c, 0, 86, 105
3, 1907200, Note_on_c, 0, 90, 105
3, 1907948, Note_on_c, 0, 86, 0
3, 1907948, Note_on_c, 0, 90, 0
3, 1908736, Note_on_c, 0, 86, 105
3, 1908736, Note_on_c, 0, 90, 105
3, 1909484, Note_on_c, 0, 86, 0
3, 1909484, Note_on_c, 0, 90, 0
3, 1911296, Note_on_c, 0, 85, 105
3, 1911296, Note_on_c, 0, 88, 105
3, 1911552, Note_on_c, 0, 85, 0
3, 1911552, Note_on_c, 0, 88, 0
3, 1911808, Note_on_c, 0, 85, 105
3, 1911808, Note_on_c, 0, 88, 105
3, 1912556, Note_on_c, 0, 85, 0
3, 1912556, Note_on_c, 0, 88, 0
3, 1914880, Note_on_c, 0, 81, 105
3, 1914880, Note_on_c, 0, 90, 105
3, 1915628, Note_on_c, 0, 81, 0
3, 1915628, Note_on_c, 0, 90, 0
3, 1916416, Note_on_c, 0, 86, 105
3, 1916416, Note_on_c, 0, 90, 105
3, 1917164, Note_on_c, 0, 86, 0
3, 1917164, Note_on_c, 0, 90, 0
3, 1917952, Note_on_c, 0, 86, 105
3, 1917952, Note_on_c, 0, 91, 105
3, 1918700, Note_on_c, 0, 86, 0
3, 1918700, Note_on_c, 0, 91, 0
3, 1919488, Note_on_c, 0, 86, 105
3, 1919488, Note_on_c, 0, 93, 105
3, 1920236, Note_on_c, 0, 86, 0
3, 1920236, Note_on_c, 0, 93, 0
3, 1921024, Note_on_c, 0, 86, 105
3, 1921024, Note_on_c, 0, 93, 105
3, 1921772, Note_on_c, 0, 86, 0
3, 1921772, Note_on_c, 0, 93, 0
3, 1922560, Note_on_c, 0, 86, 105
3, 1922560, Note_on_c, 0, 91, 105
3, 1923308, Note_on_c, 0, 86, 0
3, 1923308, Note_on_c, 0, 91, 0
3, 1924096, Note_on_c, 0, 86, 105
3, 1924096, Note_on_c, 0, 90, 105
3, 1924844, Note_on_c, 0, 86, 0
3, 1924844, Note_on_c, 0, 90, 0
3, 1925632, Note_on_c, 0, 86, 105
3, 1925632, Note_on_c, 0, 88, 105
3, 1926380, Note_on_c, 0, 86, 0
3, 1926380, Note_on_c, 0, 88, 0
3, 1927168, Note_on_c, 0, 78, 105
3, 1927168, Note_on_c, 0, 86, 105
3, 1927916, Note_on_c, 0, 78, 0
3, 1927916, Note_on_c, 0, 86, 0
3, 1928704, Note_on_c, 0, 78, 105
3, 1928704, Note_on_c, 0, 86, 105
3, 1929452, Note_on_c, 0, 78, 0
3, 1929452, Note_on_c, 0, 86, 0
3, 1930240, Note_on_c, 0, 85, 105
3, 1930240, Note_on_c, 0, 88, 105
3, 1930988, Note_on_c, 0, 85, 0
3, 1930988, Note_on_c, 0, 88, 0
3, 1931776, Note_on_c, 0, 86, 105
3, 1931776, Note_on_c, 0, 90, 105
3, 1932524, Note_on_c, 0, 86, 0
3, 1932524, Note_on_c, 0, 90, 0
3, 1933312, Note_on_c, 0, 85, 105
3, 1933312, Note_on_c, 0, 88, 105
3, 1934060, Note_on_c, 0, 85, 0
3, 1934060, Note_on_c, 0, 88, 0
3, 1935872, Note_on_c, 0, 81, 105
3, 1935872, Note_on_c, 0, 86, 105
3, 1936128, Note_on_c, 0, 81, 0
3, 1936128, Note_on_c, 0, 86, 0
3, 1936384, Note_on_c, 0, 81, 105
3, 1936384, Note_on_c, 0, 86, 105
3, 1937132, Note_on_c, 0, 81, 0
3, 1937132, Note_on_c, 0, 86, 0
3, 1939456, Note_on_c, 0, 85, 99
3, 1939456, Note_on_c, 0, 88, 99
3, 1940204, Note_on_c, 0, 85, 0
3, 1940204, Note_on_c, 0, 88, 0
3, 1940992, Note_on_c, 0, 85, 99
3, 1940992, Note_on_c, 0, 88, 99
3, 1941740, Note_on_c, 0, 85, 0
3, 1941740, Note_on_c, 0, 88, 0
3, 1942528, Note_on_c, 0, 86, 100
3, 1942528, Note_on_c, 0, 90, 100
3, 1943276, Note_on_c, 0, 86, 0
3, 1943276, Note_on_c, 0, 90, 0
3, 1944064, Note_on_c, 0, 86, 101
3, 1944812, Note_on_c, 0, 86, 0
3, 1945600, Note_on_c, 0, 85, 102
3, 1945600, Note_on_c, 0, 88, 102
3, 1946348, Note_on_c, 0, 85, 0
3, 1946348, Note_on_c, 0, 88, 0
3, 1947136, Note_on_c, 0, 86, 102
3, 1947136, Note_on_c, 0, 90, 102
3, 1947884, Note_on_c, 0, 86, 0
3, 1947884, Note_on_c, 0, 90, 0
3, 1948160, Note_on_c, 0, 88, 103
3, 1948160, Note_on_c, 0, 91, 103
3, 1948416, Note_on_c, 0, 88, 0
3, 1948416, Note_on_c, 0, 91, 0
3, 1948672, Note_on_c, 0, 86, 103
3, 1948672, Note_on_c, 0, 90, 103
3, 1949420, Note_on_c, 0, 86, 0
3, 1949420, Note_on_c, 0, 90, 0
3, 1950208, Note_on_c, 0, 86, 104
3, 1950956, Note_on_c, 0, 86, 0
3, 1951744, Note_on_c, 0, 85, 105
3, 1951744, Note_on_c, 0, 88, 105
3, 1952492, Note_on_c, 0, 85, 0
3, 1952492, Note_on_c, 0, 88, 0
3, 1953280, Note_on_c, 0, 86, 106
3, 1953280, Note_on_c, 0, 90, 106
3, 1954028, Note_on_c, 0, 86, 0
3, 1954028, Note_on_c, 0, 90, 0
3, 1954304, Note_on_c, 0, 88, 106
3, 1954304, Note_on_c, 0, 91, 106
3, 1954560, Note_on_c, 0, 88, 0
3, 1954560, Note_on_c, 0, 91, 0
3, 1954816, Note_on_c, 0, 85, 106
3, 1954816, Note_on_c, 0, 90, 106
3, 1955564, Note_on_c, 0, 85, 0
3, 1955564, Note_on_c, 0, 90, 0
3, 1956352, Note_on_c, 0, 85, 107
3, 1956352, Note_on_c, 0, 88, 107
3, 1957100, Note_on_c, 0, 85, 0
3, 1957100, Note_on_c, 0, 88, 0
3, 1957888, Note_on_c, 0, 83, 108
3, 1957888, Note_on_c, 0, 86, 108
3, 1958636, Note_on_c, 0, 83, 0
3, 1958636, Note_on_c, 0, 86, 0
3, 1959424, Note_on_c, 0, 80, 109
3, 1959424, Note_on_c, 0, 88, 109
3, 1960172, Note_on_c, 0, 80, 0
3, 1960172, Note_on_c, 0, 88, 0
3, 1960960, Note_on_c, 0, 81, 109
3, 1961708, Note_on_c, 0, 81, 0
3, 1962496, Note_on_c, 0, 86, 110
3, 1962496, Note_on_c, 0, 90, 110
3, 1963244, Note_on_c, 0, 86, 0
3, 1963244, Note_on_c, 0, 90, 0
3, 1964032, Note_on_c, 0, 86, 111
3, 1964032, Note_on_c, 0, 90, 111
3, 1964780, Note_on_c, 0, 86, 0
3, 1964780, Note_on_c, 0, 90, 0
3, 1965568, Note_on_c, 0, 86, 111
3, 1965568, Note_on_c, 0, 90, 111
3, 1966316, Note_on_c, 0, 86, 0
3, 1966316, Note_on_c, 0, 90, 0
3, 1967104, Note_on_c, 0, 86, 111
3, 1967104, Note_on_c, 0, 91, 111
3, 1967852, Note_on_c, 0, 86, 0
3, 1967852, Note_on_c, 0, 91, 0
3, 1968640, Note_on_c, 0, 86, 111
3, 1968640, Note_on_c, 0, 93, 111
3, 1969388, Note_on_c, 0, 86, 0
3, 1969388, Note_on_c, 0, 93, 0
3, 1970176, Note_on_c, 0, 86, 111
3, 1970176, Note_on_c, 0, 93, 111
3, 1970924, Note_on_c, 0, 86, 0
3, 1970924, Note_on_c, 0, 93, 0
3, 1971712, Note_on_c, 0, 86, 111
3, 1971712, Note_on_c, 0, 91, 111
3, 1972460, Note_on_c, 0, 86, 0
3, 1972460, Note_on_c, 0, 91, 0
3, 1973248, Note_on_c, 0, 86, 111
3, 1973248, Note_on_c, 0, 90, 111
3, 1973996, Note_on_c, 0, 86, 0
3, 1973996, Note_on_c, 0, 90, 0
3, 1974784, Note_on_c, 0, 91, 111
3, 1974784, Note_on_c, 0, 79, 111
3, 1975040, Note_on_c, 0, 79, 0
3, 1975296, Note_on_c, 0, 81, 111
3, 1975532, Note_on_c, 0, 91, 0
3, 1975552, Note_on_c, 0, 81, 0
3, 1975808, Note_on_c, 0, 83, 111
3, 1975808, Note_on_c, 0, 88, 111
3, 1976064, Note_on_c, 0, 83, 0
3, 1976064, Note_on_c, 0, 88, 0
3, 1976320, Note_on_c, 0, 78, 111
3, 1976320, Note_on_c, 0, 86, 111
3, 1977068, Note_on_c, 0, 78, 0
3, 1977068, Note_on_c, 0, 86, 0
3, 1977856, Note_on_c, 0, 86, 111
3, 1978604, Note_on_c, 0, 86, 0
3, 1979392, Note_on_c, 0, 86, 111
3, 1979392, Note_on_c, 0, 88, 111
3, 1980140, Note_on_c, 0, 86, 0
3, 1980140, Note_on_c, 0, 88, 0
3, 1980928, Note_on_c, 0, 86, 111
3, 1980928, Note_on_c, 0, 90, 111
3, 1981676, Note_on_c, 0, 86, 0
3, 1981676, Note_on_c, 0, 90, 0
3, 1982464, Note_on_c, 0, 85, 111
3, 1982464, Note_on_c, 0, 88, 111
3, 1983212, Note_on_c, 0, 85, 0
3, 1983212, Note_on_c, 0, 88, 0
3, 1985024, Note_on_c, 0, 78, 111
3, 1985024, Note_on_c, 0, 86, 111
3, 1985280, Note_on_c, 0, 78, 0
3, 1985280, Note_on_c, 0, 86, 0
3, 1985536, Note_on_c, 0, 78, 111
3, 1985536, Note_on_c, 0, 86, 111
3, 1986284, Note_on_c, 0, 78, 0
3, 1986284, Note_on_c, 0, 86, 0
3, 1988608, Note_on_c, 0, 85, 105
3, 1988608, Note_on_c, 0, 88, 105
3, 1989356, Note_on_c, 0, 85, 0
3, 1989356, Note_on_c, 0, 88, 0
3, 1990144, Note_on_c, 0, 85, 104
3, 1990144, Note_on_c, 0, 88, 104
3, 1990892, Note_on_c, 0, 85, 0
3, 1990892, Note_on_c, 0, 88, 0
3, 1991680, Note_on_c, 0, 86, 105
3, 1991680, Note_on_c, 0, 90, 105
3, 1992428, Note_on_c, 0, 86, 0
3, 1992428, Note_on_c, 0, 90, 0
3, 1993216, Note_on_c, 0, 86, 106
3, 1993964, Note_on_c, 0, 86, 0
3, 1994752, Note_on_c, 0, 85, 106
3, 1994752, Note_on_c, 0, 88, 106
3, 1995500, Note_on_c, 0, 85, 0
3, 1995500, Note_on_c, 0, 88, 0
3, 1996288, Note_on_c, 0, 86, 107
3, 1996288, Note_on_c, 0, 90, 107
3, 1997036, Note_on_c, 0, 86, 0
3, 1997036, Note_on_c, 0, 90, 0
3, 1997312, Note_on_c, 0, 88, 108
3, 1997312, Note_on_c, 0, 91, 108
3, 1997568, Note_on_c, 0, 88, 0
3, 1997568, Note_on_c, 0, 91, 0
3, 1997824, Note_on_c, 0, 86, 108
3, 1997824, Note_on_c, 0, 90, 108
3, 1998572, Note_on_c, 0, 86, 0
3, 1998572, Note_on_c, 0, 90, 0
3, 1999360, Note_on_c, 0, 86, 109
3, 2000108, Note_on_c, 0, 86, 0
3, 2000896, Note_on_c, 0, 85, 109
3, 2000896, Note_on_c, 0, 88, 109
3, 2001644, Note_on_c, 0, 85, 0
3, 2001644, Note_on_c, 0, 88, 0
3, 2002432, Note_on_c, 0, 86, 110
3, 2002432, Note_on_c, 0, 90, 110
3, 2003180, Note_on_c, 0, 86, 0
3, 2003180, Note_on_c, 0, 90, 0
3, 2003456, Note_on_c, 0, 88, 110
3, 2003456, Note_on_c, 0, 91, 110
3, 2003712, Note_on_c, 0, 88, 0
3, 2003712, Note_on_c, 0, 91, 0
3, 2003968, Note_on_c, 0, 85, 111
3, 2003968, Note_on_c, 0, 90, 111
3, 2004716, Note_on_c, 0, 85, 0
3, 2004716, Note_on_c, 0, 90, 0
3, 2005504, Note_on_c, 0, 85, 111
3, 2005504, Note_on_c, 0, 88, 111
3, 2006252, Note_on_c, 0, 85, 0
3, 2006252, Note_on_c, 0, 88, 0
3, 2007040, Note_on_c, 0, 83, 112
3, 2007040, Note_on_c, 0, 86, 112
3, 2007788, Note_on_c, 0, 83, 0
3, 2007788, Note_on_c, 0, 86, 0
3, 2008576, Note_on_c, 0, 80, 113
3, 2008576, Note_on_c, 0, 88, 113
3, 2009324, Note_on_c, 0, 80, 0
3, 2009324, Note_on_c, 0, 88, 0
3, 2010112, Note_on_c, 0, 81, 114
3, 2010860, Note_on_c, 0, 81, 0
3, 2011648, Note_on_c, 0, 86, 114
3, 2011648, Note_on_c, 0, 90, 114
3, 2012396, Note_on_c, 0, 86, 0
3, 2012396, Note_on_c, 0, 90, 0
3, 2013184, Note_on_c, 0, 86, 114
3, 2013184, Note_on_c, 0, 90, 114
3, 2013932, Note_on_c, 0, 86, 0
3, 2013932, Note_on_c, 0, 90, 0
3, 2014720, Note_on_c, 0, 86, 113
3, 2014720, Note_on_c, 0, 90, 113
3, 2015468, Note_on_c, 0, 86, 0
3, 2015468, Note_on_c, 0, 90, 0
3, 2016256, Note_on_c, 0, 86, 112
3, 2016256, Note_on_c, 0, 91, 112
3, 2017004, Note_on_c, 0, 86, 0
3, 2017004, Note_on_c, 0, 91, 0
3, 2017792, Note_on_c, 0, 86, 112
3, 2017792, Note_on_c, 0, 93, 112
3, 2018540, Note_on_c, 0, 86, 0
3, 2018540, Note_on_c, 0, 93, 0
3, 2019328, Note_on_c, 0, 86, 111
3, 2019328, Note_on_c, 0, 93, 111
3, 2020076, Note_on_c, 0, 86, 0
3, 2020076, Note_on_c, 0, 93, 0
3, 2020864, Note_on_c, 0, 86, 110
3, 2020864, Note_on_c, 0, 91, 110
3, 2021612, Note_on_c, 0, 86, 0
3, 2021612, Note_on_c, 0, 91, 0
3, 2022400, Note_on_c, 0, 86, 109
3, 2022400, Note_on_c, 0, 90, 109
3, 2023148, Note_on_c, 0, 86, 0
3, 2023148, Note_on_c, 0, 90, 0
3, 2023936, Note_on_c, 0, 91, 109
3, 2023936, Note_on_c, 0, 79, 109
3, 2024192, Note_on_c, 0, 79, 0
3, 2024448, Note_on_c, 0, 81, 108
3, 2024684, Note_on_c, 0, 91, 0
3, 2024704, Note_on_c, 0, 81, 0
3, 2024960, Note_on_c, 0, 83, 108
3, 2024960, Note_on_c, 0, 88, 108
3, 2025216, Note_on_c, 0, 83, 0
3, 2025216, Note_on_c, 0, 88, 0
3, 2025472, Note_on_c, 0, 78, 108
3, 2025472, Note_on_c, 0, 86, 108
3, 2026220, Note_on_c, 0, 78, 0
3, 2026220, Note_on_c, 0, 86, 0
3, 2027008, Note_on_c, 0, 86, 107
3, 2027756, Note_on_c, 0, 86, 0
3, 2028544, Note_on_c, 0, 86, 106
3, 2028544, Note_on_c, 0, 88, 106
3, 2029292, Note_on_c, 0, 86, 0
3, 2029292, Note_on_c, 0, 88, 0
3, 2030080, Note_on_c, 0, 86, 106
3, 2030080, Note_on_c, 0, 90, 106
3, 2030828, Note_on_c, 0, 86, 0
3, 2030828, Note_on_c, 0, 90, 0
3, 2031616, Note_on_c, 0, 85, 105
3, 2031616, Note_on_c, 0, 88, 105
3, 2032364, Note_on_c, 0, 85, 0
3, 2032364, Note_on_c, 0, 88, 0
3, 2034176, Note_on_c, 0, 78, 104
3, 2034176, Note_on_c, 0, 86, 104
3, 2034432, Note_on_c, 0, 78, 0
3, 2034432, Note_on_c, 0, 86, 0
3, 2034688, Note_on_c, 0, 78, 104
3, 2034688, Note_on_c, 0, 86, 104
3, 2035436, Note_on_c, 0, 78, 0
3, 2035436, Note_on_c, 0, 86, 0
3, 2036224, Note_on_c, 0, 90, 104
3, 2036224, Note_on_c, 0, 93, 104
3, 2036972, Note_on_c, 0, 90, 0
3, 2036972, Note_on_c, 0, 93, 0
3, 2037760, Note_on_c, 0, 88, 118
3, 2037760, Note_on_c, 0, 91, 118
3, 2038508, Note_on_c, 0, 88, 0
3, 2038508, Note_on_c, 0, 91, 0
3, 2040320, Note_on_c, 0, 86, 104
3, 2040320, Note_on_c, 0, 90, 104
3, 2040576, Note_on_c, 0, 86, 0
3, 2040576, Note_on_c, 0, 90, 0
3, 2040832, Note_on_c, 0, 86, 104
3, 2040832, Note_on_c, 0, 90, 104
3, 2041580, Note_on_c, 0, 86, 0
3, 2041580, Note_on_c, 0, 90, 0
3, 2042368, Note_on_c, 0, 74, 104
3, 2042368, Note_on_c, 0, 86, 104
3, 2043116, Note_on_c, 0, 74, 0
3, 2043116, Note_on_c, 0, 86, 0
3, 2043904, Note_on_c, 0, 86, 118
3, 2043904, Note_on_c, 0, 90, 118
3, 2044652, Note_on_c, 0, 86, 0
3, 2044652, Note_on_c, 0, 90, 0
3, 2046464, Note_on_c, 0, 86, 111
3, 2046464, Note_on_c, 0, 91, 111
3, 2046720, Note_on_c, 0, 86, 0
3, 2046720, Note_on_c, 0, 91, 0
3, 2046976, Note_on_c, 0, 86, 113
3, 2046976, Note_on_c, 0, 91, 113
3, 2047724, Note_on_c, 0, 86, 0
3, 2047724, Note_on_c, 0, 91, 0
3, 2050048, Control_c, 0, 121, 127
3, 2050048, End_track
4, 0, Start_track
4, 0, Title_t, "Oboe"
4, 0, Program_c, 1, 68
4, 0, Control_c, 1, 121, 127
4, 0, Control_c, 1, 91, 127
4, 0, Control_c, 1, 1, 10
4, 0, Control_c, 1, 10, 50
4, 0, Control_c, 1, 11, 80
4, 2048, Note_on_c, 1, 70, 105
4, 2048, Note_on_c, 1, 82, 105
4, 4301, Note_on_c, 1, 70, 0
4, 4301, Note_on_c, 1, 82, 0
4, 4608, Note_on_c, 1, 69, 94
4, 4608, Note_on_c, 1, 81, 94
4, 4864, Note_on_c, 1, 69, 0
4, 4864, Note_on_c, 1, 81, 0
4, 5120, Note_on_c, 1, 69, 95
4, 5120, Note_on_c, 1, 81, 95
4, 5376, Note_on_c, 1, 69, 0
4, 5376, Note_on_c, 1, 81, 0
4, 5632, Note_on_c, 1, 74, 95
4, 5632, Note_on_c, 1, 86, 95
4, 5888, Note_on_c, 1, 74, 0
4, 5888, Note_on_c, 1, 86, 0
4, 6144, Note_on_c, 1, 74, 95
4, 6144, Note_on_c, 1, 86, 95
4, 6400, Note_on_c, 1, 74, 0
4, 6400, Note_on_c, 1, 86, 0
4, 6656, Note_on_c, 1, 65, 96
4, 6656, Note_on_c, 1, 77, 96
4, 6912, Note_on_c, 1, 65, 0
4, 6912, Note_on_c, 1, 77, 0
4, 7168, Note_on_c, 1, 65, 96
4, 7168, Note_on_c, 1, 77, 96
4, 7424, Note_on_c, 1, 65, 0
4, 7424, Note_on_c, 1, 77, 0
4, 7680, Note_on_c, 1, 69, 97
4, 7680, Note_on_c, 1, 81, 97
4, 7936, Note_on_c, 1, 69, 0
4, 7936, Note_on_c, 1, 81, 0
4, 8192, Note_on_c, 1, 69, 97
4, 8192, Note_on_c, 1, 81, 97
4, 8448, Note_on_c, 1, 69, 0
4, 8448, Note_on_c, 1, 81, 0
4, 8704, Note_on_c, 1, 62, 97
4, 8704, Note_on_c, 1, 74, 97
4, 8960, Note_on_c, 1, 62, 0
4, 8960, Note_on_c, 1, 74, 0
4, 9216, Note_on_c, 1, 62, 98
4, 9216, Note_on_c, 1, 74, 98
4, 9472, Note_on_c, 1, 62, 0
4, 9472, Note_on_c, 1, 74, 0
4, 9728, Note_on_c, 1, 77, 98
4, 9984, Note_on_c, 1, 77, 0
4, 10240, Note_on_c, 1, 77, 99
4, 10496, Note_on_c, 1, 77, 0
4, 10752, Note_on_c, 1, 69, 99
4, 11008, Note_on_c, 1, 69, 0
4, 11264, Note_on_c, 1, 69, 99
4, 11520, Note_on_c, 1, 69, 0
4, 11776, Note_on_c, 1, 74, 100
4, 11776, Note_on_c, 1, 86, 100
4, 12032, Note_on_c, 1, 74, 0
4, 12032, Note_on_c, 1, 86, 0
4, 12288, Note_on_c, 1, 74, 100
4, 12288, Note_on_c, 1, 86, 100
4, 12544, Note_on_c, 1, 74, 0
4, 12544, Note_on_c, 1, 86, 0
4, 12800, Note_on_c, 1, 65, 101
4, 12800, Note_on_c, 1, 77, 101
4, 13056, Note_on_c, 1, 65, 0
4, 13056, Note_on_c, 1, 77, 0
4, 13312, Note_on_c, 1, 65, 101
4, 13312, Note_on_c, 1, 77, 101
4, 13568, Note_on_c, 1, 65, 0
4, 13568, Note_on_c, 1, 77, 0
4, 13824, Note_on_c, 1, 69, 101
4, 13824, Note_on_c, 1, 81, 101
4, 14080, Note_on_c, 1, 69, 0
4, 14080, Note_on_c, 1, 81, 0
4, 14336, Note_on_c, 1, 69, 102
4, 14336, Note_on_c, 1, 81, 102
4, 14592, Note_on_c, 1, 69, 0
4, 14592, Note_on_c, 1, 81, 0
4, 14848, Note_on_c, 1, 62, 102
4, 14848, Note_on_c, 1, 74, 102
4, 15104, Note_on_c, 1, 62, 0
4, 15104, Note_on_c, 1, 74, 0
4, 15360, Note_on_c, 1, 74, 99
4, 15616, Note_on_c, 1, 74, 0
4, 15872, Note_on_c, 1, 77, 100
4, 16128, Note_on_c, 1, 77, 0
4, 16384, Note_on_c, 1, 77, 102
4, 16640, Note_on_c, 1, 77, 0
4, 16896, Note_on_c, 1, 78, 104
4, 17152, Note_on_c, 1, 78, 0
4, 17408, Note_on_c, 1, 78, 105
4, 17664, Note_on_c, 1, 78, 0
4, 17920, Note_on_c, 1, 79, 107
4, 18176, Note_on_c, 1, 79, 0
4, 18432, Note_on_c, 1, 79, 109
4, 18688, Note_on_c, 1, 79, 0
4, 18944, Note_on_c, 1, 80, 111
4, 19200, Note_on_c, 1, 80, 0
4, 19456, Note_on_c, 1, 80, 112
4, 19712, Note_on_c, 1, 80, 0
4, 19968, Note_on_c, 1, 80, 114
4, 20224, Note_on_c, 1, 80, 0
4, 20480, Note_on_c, 1, 74, 116
4, 20480, Note_on_c, 1, 80, 116
4, 20736, Note_on_c, 1, 74, 0
4, 20736, Note_on_c, 1, 80, 0
4, 20992, Note_on_c, 1, 74, 117
4, 20992, Note_on_c, 1, 77, 117
4, 21248, Note_on_c, 1, 74, 0
4, 21248, Note_on_c, 1, 77, 0
4, 21504, Note_on_c, 1, 74, 119
4, 21504, Note_on_c, 1, 77, 119
4, 22016, Note_on_c, 1, 74, 0
4, 22016, Note_on_c, 1, 77, 0
4, 22528, Note_on_c, 1, 69, 118
4, 22528, Note_on_c, 1, 81, 118
4, 23040, Note_on_c, 1, 69, 0
4, 23040, Note_on_c, 1, 81, 0
4, 54272, Note_on_c, 1, 63, 104
4, 54272, Note_on_c, 1, 75, 104
4, 56525, Note_on_c, 1, 63, 0
4, 56525, Note_on_c, 1, 75, 0
4, 56832, Note_on_c, 1, 69, 94
4, 57088, Note_on_c, 1, 69, 0
4, 57344, Note_on_c, 1, 69, 94
4, 57600, Note_on_c, 1, 69, 0
4, 57856, Note_on_c, 1, 72, 94
4, 58112, Note_on_c, 1, 72, 0
4, 58368, Note_on_c, 1, 72, 94
4, 58624, Note_on_c, 1, 72, 0
4, 58880, Note_on_c, 1, 78, 94
4, 59136, Note_on_c, 1, 78, 0
4, 59392, Note_on_c, 1, 78, 93
4, 59648, Note_on_c, 1, 78, 0
4, 59904, Note_on_c, 1, 81, 93
4, 60160, Note_on_c, 1, 81, 0
4, 60416, Note_on_c, 1, 81, 94
4, 60672, Note_on_c, 1, 81, 0
4, 60928, Note_on_c, 1, 84, 94
4, 61184, Note_on_c, 1, 84, 0
4, 61440, Note_on_c, 1, 84, 95
4, 61696, Note_on_c, 1, 84, 0
4, 61952, Note_on_c, 1, 75, 95
4, 62208, Note_on_c, 1, 75, 0
4, 62464, Note_on_c, 1, 75, 96
4, 62720, Note_on_c, 1, 75, 0
4, 62976, Note_on_c, 1, 69, 96
4, 63232, Note_on_c, 1, 69, 0
4, 63488, Note_on_c, 1, 69, 97
4, 63744, Note_on_c, 1, 69, 0
4, 64000, Note_on_c, 1, 72, 97
4, 64256, Note_on_c, 1, 72, 0
4, 64512, Note_on_c, 1, 72, 98
4, 64512, Note_on_c, 1, 84, 98
4, 64768, Note_on_c, 1, 72, 0
4, 64768, Note_on_c, 1, 84, 0
4, 65024, Note_on_c, 1, 78, 98
4, 65280, Note_on_c, 1, 78, 0
4, 65536, Note_on_c, 1, 78, 99
4, 65792, Note_on_c, 1, 78, 0
4, 66048, Note_on_c, 1, 81, 99
4, 66304, Note_on_c, 1, 81, 0
4, 66560, Note_on_c, 1, 81, 99
4, 66816, Note_on_c, 1, 81, 0
4, 67072, Note_on_c, 1, 66, 100
4, 67328, Note_on_c, 1, 66, 0
4, 67584, Note_on_c, 1, 66, 100
4, 67840, Note_on_c, 1, 66, 0
4, 68096, Note_on_c, 1, 69, 101
4, 68096, Note_on_c, 1, 78, 101
4, 68352, Note_on_c, 1, 69, 0
4, 68352, Note_on_c, 1, 78, 0
4, 68608, Note_on_c, 1, 69, 102
4, 68608, Note_on_c, 1, 78, 102
4, 68864, Note_on_c, 1, 69, 0
4, 68864, Note_on_c, 1, 78, 0
4, 69120, Note_on_c, 1, 70, 104
4, 69120, Note_on_c, 1, 79, 104
4, 69376, Note_on_c, 1, 70, 0
4, 69376, Note_on_c, 1, 79, 0
4, 69632, Note_on_c, 1, 70, 106
4, 69632, Note_on_c, 1, 79, 106
4, 69888, Note_on_c, 1, 70, 0
4, 69888, Note_on_c, 1, 79, 0
4, 70144, Note_on_c, 1, 72, 107
4, 70144, Note_on_c, 1, 81, 107
4, 70400, Note_on_c, 1, 72, 0
4, 70400, Note_on_c, 1, 81, 0
4, 70656, Note_on_c, 1, 72, 109
4, 70656, Note_on_c, 1, 81, 109
4, 70912, Note_on_c, 1, 72, 0
4, 70912, Note_on_c, 1, 81, 0
4, 71168, Note_on_c, 1, 74, 110
4, 71168, Note_on_c, 1, 82, 110
4, 71424, Note_on_c, 1, 74, 0
4, 71424, Note_on_c, 1, 82, 0
4, 71680, Note_on_c, 1, 75, 112
4, 71680, Note_on_c, 1, 84, 112
4, 71936, Note_on_c, 1, 75, 0
4, 71936, Note_on_c, 1, 84, 0
4, 72192, Note_on_c, 1, 75, 113
4, 72192, Note_on_c, 1, 84, 113
4, 72448, Note_on_c, 1, 75, 0
4, 72448, Note_on_c, 1, 84, 0
4, 72704, Note_on_c, 1, 75, 115
4, 72704, Note_on_c, 1, 84, 115
4, 72960, Note_on_c, 1, 75, 0
4, 72960, Note_on_c, 1, 84, 0
4, 73216, Note_on_c, 1, 75, 117
4, 73216, Note_on_c, 1, 84, 117
4, 73472, Note_on_c, 1, 75, 0
4, 73472, Note_on_c, 1, 84, 0
4, 73728, Note_on_c, 1, 75, 118
4, 73728, Note_on_c, 1, 84, 118
4, 74240, Note_on_c, 1, 75, 0
4, 74240, Note_on_c, 1, 84, 0
4, 76288, Note_on_c, 1, 75, 110
4, 76288, Note_on_c, 1, 84, 110
4, 76544, Note_on_c, 1, 75, 0
4, 76544, Note_on_c, 1, 84, 0
4, 76800, Note_on_c, 1, 75, 110
4, 76800, Note_on_c, 1, 84, 110
4, 77210, Note_on_c, 1, 75, 0
4, 77210, Note_on_c, 1, 84, 0
4, 90112, Note_on_c, 1, 74, 90
4, 90112, Note_on_c, 1, 77, 90
4, 90368, Note_on_c, 1, 74, 0
4, 90368, Note_on_c, 1, 77, 0
4, 91136, Note_on_c, 1, 74, 74
4, 91136, Note_on_c, 1, 79, 74
4, 91392, Note_on_c, 1, 74, 0
4, 91392, Note_on_c, 1, 79, 0
4, 92160, Note_on_c, 1, 69, 28
4, 92160, Note_on_c, 1, 76, 28
4, 108544, Note_on_c, 1, 76, 0
4, 108544, Note_on_c, 1, 75, 103
4, 108954, Note_on_c, 1, 69, 0
4, 108954, Note_on_c, 1, 75, 0
4, 139264, Note_on_c, 1, 76, 45
4, 140032, Note_on_c, 1, 76, 0
4, 140800, Note_on_c, 1, 64, 37
4, 141056, Note_on_c, 1, 64, 0
4, 141312, Note_on_c, 1, 64, 37
4, 141824, Note_on_c, 1, 64, 0
4, 142336, Note_on_c, 1, 69, 45
4, 142848, Note_on_c, 1, 69, 0
4, 143360, Note_on_c, 1, 71, 37
4, 143872, Note_on_c, 1, 71, 0
4, 144384, Note_on_c, 1, 72, 37
4, 144896, Note_on_c, 1, 72, 0
4, 145408, Note_on_c, 1, 80, 44
4, 145920, Note_on_c, 1, 80, 0
4, 146432, Note_on_c, 1, 81, 37
4, 146944, Note_on_c, 1, 81, 0
4, 147456, Note_on_c, 1, 83, 37
4, 147968, Note_on_c, 1, 83, 0
4, 148480, Note_on_c, 1, 81, 44
4, 148992, Note_on_c, 1, 81, 0
4, 149504, Note_on_c, 1, 80, 37
4, 150016, Note_on_c, 1, 80, 0
4, 150528, Note_on_c, 1, 81, 37
4, 151040, Note_on_c, 1, 81, 0
4, 151552, Note_on_c, 1, 79, 44
4, 152064, Note_on_c, 1, 79, 0
4, 152576, Note_on_c, 1, 77, 37
4, 153088, Note_on_c, 1, 77, 0
4, 153600, Note_on_c, 1, 76, 37
4, 154112, Note_on_c, 1, 76, 0
4, 154624, Note_on_c, 1, 77, 44
4, 155136, Note_on_c, 1, 77, 0
4, 155648, Note_on_c, 1, 77, 37
4, 156160, Note_on_c, 1, 77, 0
4, 156672, Note_on_c, 1, 77, 37
4, 157184, Note_on_c, 1, 77, 0
4, 157696, Note_on_c, 1, 84, 44
4, 158464, Note_on_c, 1, 84, 0
4, 159232, Note_on_c, 1, 72, 37
4, 159488, Note_on_c, 1, 72, 0
4, 159744, Note_on_c, 1, 72, 37
4, 160256, Note_on_c, 1, 72, 0
4, 160768, Note_on_c, 1, 77, 42
4, 161280, Note_on_c, 1, 77, 0
4, 161792, Note_on_c, 1, 79, 35
4, 162304, Note_on_c, 1, 79, 0
4, 162816, Note_on_c, 1, 81, 28
4, 163328, Note_on_c, 1, 81, 0
4, 190464, Note_on_c, 1, 82, 43
4, 192512, Note_on_c, 1, 82, 0
4, 192512, Note_on_c, 1, 77, 43
4, 192512, Note_on_c, 1, 72, 43
4, 194048, Note_on_c, 1, 77, 0
4, 194048, Note_on_c, 1, 75, 37
4, 194560, Note_on_c, 1, 75, 0
4, 194560, Note_on_c, 1, 72, 0
4, 194560, Note_on_c, 1, 74, 34
4, 194560, Note_on_c, 1, 70, 34
4, 195072, Note_on_c, 1, 74, 0
4, 195072, Note_on_c, 1, 70, 0
4, 206848, Note_on_c, 1, 71, 34
4, 212992, Note_on_c, 1, 71, 0
4, 212992, Note_on_c, 1, 69, 58
4, 215040, Note_on_c, 1, 69, 0
4, 215040, Note_on_c, 1, 73, 62
4, 217088, Note_on_c, 1, 73, 0
4, 217088, Note_on_c, 1, 75, 82
4, 217600, Note_on_c, 1, 75, 0
4, 227328, Note_on_c, 1, 76, 57
4, 227328, Note_on_c, 1, 73, 57
4, 228352, Note_on_c, 1, 73, 0
4, 228352, Note_on_c, 1, 71, 53
4, 230400, Note_on_c, 1, 76, 0
4, 230400, Note_on_c, 1, 74, 45
4, 231424, Note_on_c, 1, 74, 0
4, 231424, Note_on_c, 1, 71, 0
4, 231424, Note_on_c, 1, 69, 41
4, 231424, Note_on_c, 1, 73, 41
4, 232243, Note_on_c, 1, 69, 0
4, 232243, Note_on_c, 1, 73, 0
4, 232448, Note_on_c, 1, 73, 41
4, 233472, Note_on_c, 1, 73, 0
4, 233472, Note_on_c, 1, 74, 44
4, 234496, Note_on_c, 1, 74, 0
4, 234496, Note_on_c, 1, 76, 47
4, 235520, Note_on_c, 1, 76, 0
4, 235520, Note_on_c, 1, 76, 50
4, 236544, Note_on_c, 1, 76, 0
4, 236544, Note_on_c, 1, 74, 46
4, 237568, Note_on_c, 1, 74, 0
4, 237568, Note_on_c, 1, 73, 42
4, 238592, Note_on_c, 1, 73, 0
4, 238592, Note_on_c, 1, 71, 38
4, 239616, Note_on_c, 1, 71, 0
4, 239616, Note_on_c, 1, 73, 34
4, 239616, Note_on_c, 1, 76, 34
4, 240435, Note_on_c, 1, 73, 0
4, 240435, Note_on_c, 1, 76, 0
4, 240640, Note_on_c, 1, 73, 37
4, 240640, Note_on_c, 1, 76, 37
4, 241664, Note_on_c, 1, 73, 0
4, 241664, Note_on_c, 1, 76, 0
4, 241664, Note_on_c, 1, 74, 41
4, 241664, Note_on_c, 1, 78, 41
4, 242688, Note_on_c, 1, 74, 0
4, 242688, Note_on_c, 1, 78, 0
4, 242688, Note_on_c, 1, 76, 44
4, 242688, Note_on_c, 1, 79, 44
4, 243712, Note_on_c, 1, 76, 0
4, 243712, Note_on_c, 1, 79, 0
4, 243712, Note_on_c, 1, 76, 45
4, 243712, Note_on_c, 1, 79, 45
4, 244736, Note_on_c, 1, 76, 0
4, 244736, Note_on_c, 1, 79, 0
4, 244736, Note_on_c, 1, 74, 41
4, 244736, Note_on_c, 1, 78, 41
4, 245760, Note_on_c, 1, 74, 0
4, 245760, Note_on_c, 1, 78, 0
4, 245760, Note_on_c, 1, 67, 37
4, 245760, Note_on_c, 1, 76, 37
4, 246784, Note_on_c, 1, 67, 0
4, 246784, Note_on_c, 1, 76, 0
4, 246784, Note_on_c, 1, 69, 33
4, 246784, Note_on_c, 1, 74, 33
4, 247808, Note_on_c, 1, 69, 0
4, 247808, Note_on_c, 1, 74, 0
4, 247808, Note_on_c, 1, 69, 64
4, 247808, Note_on_c, 1, 73, 64
4, 248320, Note_on_c, 1, 69, 0
4, 248320, Note_on_c, 1, 73, 0
4, 248832, Note_on_c, 1, 73, 100
4, 248832, Note_on_c, 1, 79, 100
4, 249344, Note_on_c, 1, 73, 0
4, 249344, Note_on_c, 1, 79, 0
4, 251904, Note_on_c, 1, 76, 96
4, 251904, Note_on_c, 1, 79, 96
4, 252416, Note_on_c, 1, 76, 0
4, 252416, Note_on_c, 1, 79, 0
4, 254976, Note_on_c, 1, 81, 93
4, 254976, Note_on_c, 1, 85, 93
4, 255488, Note_on_c, 1, 81, 0
4, 255488, Note_on_c, 1, 85, 0
4, 258048, Note_on_c, 1, 81, 99
4, 258048, Note_on_c, 1, 86, 99
4, 258560, Note_on_c, 1, 81, 0
4, 258560, Note_on_c, 1, 86, 0
4, 270336, Note_on_c, 1, 71, 107
4, 270336, Note_on_c, 1, 74, 107
4, 271155, Note_on_c, 1, 71, 0
4, 271155, Note_on_c, 1, 74, 0
4, 271360, Note_on_c, 1, 79, 101
4, 271360, Note_on_c, 1, 83, 101
4, 271616, Note_on_c, 1, 79, 0
4, 271616, Note_on_c, 1, 83, 0
4, 278528, Note_on_c, 1, 76, 101
4, 278528, Note_on_c, 1, 85, 101
4, 279040, Note_on_c, 1, 76, 0
4, 279040, Note_on_c, 1, 85, 0
4, 280576, Note_on_c, 1, 78, 103
4, 280576, Note_on_c, 1, 86, 103
4, 281088, Note_on_c, 1, 78, 0
4, 281088, Note_on_c, 1, 86, 0
4, 577536, Note_on_c, 1, 74, 98
4, 577536, Note_on_c, 1, 78, 98
4, 579584, Note_on_c, 1, 74, 0
4, 579584, Note_on_c, 1, 78, 0
4, 579584, Note_on_c, 1, 76, 99
4, 579584, Note_on_c, 1, 79, 99
4, 580608, Note_on_c, 1, 76, 0
4, 580608, Note_on_c, 1, 79, 0
4, 580608, Note_on_c, 1, 78, 99
4, 580608, Note_on_c, 1, 81, 99
4, 581427, Note_on_c, 1, 78, 0
4, 581427, Note_on_c, 1, 81, 0
4, 581632, Note_on_c, 1, 78, 99
4, 581632, Note_on_c, 1, 81, 99
4, 582656, Note_on_c, 1, 78, 0
4, 582656, Note_on_c, 1, 81, 0
4, 582656, Note_on_c, 1, 76, 99
4, 582656, Note_on_c, 1, 79, 99
4, 583680, Note_on_c, 1, 76, 0
4, 583680, Note_on_c, 1, 79, 0
4, 583680, Note_on_c, 1, 74, 99
4, 583680, Note_on_c, 1, 78, 99
4, 584428, Note_on_c, 1, 74, 0
4, 584428, Note_on_c, 1, 78, 0
4, 584704, Note_on_c, 1, 69, 99
4, 584704, Note_on_c, 1, 76, 99
4, 585452, Note_on_c, 1, 69, 0
4, 585452, Note_on_c, 1, 76, 0
4, 585728, Note_on_c, 1, 66, 99
4, 585728, Note_on_c, 1, 74, 99
4, 586476, Note_on_c, 1, 66, 0
4, 586476, Note_on_c, 1, 74, 0
4, 586752, Note_on_c, 1, 66, 99
4, 586752, Note_on_c, 1, 74, 99
4, 587776, Note_on_c, 1, 66, 0
4, 587776, Note_on_c, 1, 74, 0
4, 587776, Note_on_c, 1, 69, 99
4, 587776, Note_on_c, 1, 76, 99
4, 588800, Note_on_c, 1, 69, 0
4, 588800, Note_on_c, 1, 76, 0
4, 588800, Note_on_c, 1, 74, 99
4, 588800, Note_on_c, 1, 78, 99
4, 589619, Note_on_c, 1, 74, 0
4, 589619, Note_on_c, 1, 78, 0
4, 589824, Note_on_c, 1, 74, 99
4, 589824, Note_on_c, 1, 78, 99
4, 591360, Note_on_c, 1, 74, 0
4, 591360, Note_on_c, 1, 78, 0
4, 591360, Note_on_c, 1, 69, 99
4, 591360, Note_on_c, 1, 76, 99
4, 591770, Note_on_c, 1, 69, 0
4, 591770, Note_on_c, 1, 76, 0
4, 591872, Note_on_c, 1, 69, 99
4, 591872, Note_on_c, 1, 76, 99
4, 593510, Note_on_c, 1, 69, 0
4, 593510, Note_on_c, 1, 76, 0
4, 593920, Note_on_c, 1, 74, 99
4, 593920, Note_on_c, 1, 78, 99
4, 595968, Note_on_c, 1, 74, 0
4, 595968, Note_on_c, 1, 78, 0
4, 595968, Note_on_c, 1, 76, 99
4, 595968, Note_on_c, 1, 79, 99
4, 596992, Note_on_c, 1, 76, 0
4, 596992, Note_on_c, 1, 79, 0
4, 596992, Note_on_c, 1, 78, 99
4, 596992, Note_on_c, 1, 81, 99
4, 597811, Note_on_c, 1, 78, 0
4, 597811, Note_on_c, 1, 81, 0
4, 598016, Note_on_c, 1, 78, 99
4, 598016, Note_on_c, 1, 81, 99
4, 599040, Note_on_c, 1, 78, 0
4, 599040, Note_on_c, 1, 81, 0
4, 599040, Note_on_c, 1, 76, 99
4, 599040, Note_on_c, 1, 79, 99
4, 600064, Note_on_c, 1, 76, 0
4, 600064, Note_on_c, 1, 79, 0
4, 600064, Note_on_c, 1, 74, 99
4, 600064, Note_on_c, 1, 78, 99
4, 600812, Note_on_c, 1, 74, 0
4, 600812, Note_on_c, 1, 78, 0
4, 601088, Note_on_c, 1, 69, 99
4, 601088, Note_on_c, 1, 76, 99
4, 601836, Note_on_c, 1, 69, 0
4, 601836, Note_on_c, 1, 76, 0
4, 602112, Note_on_c, 1, 66, 99
4, 602112, Note_on_c, 1, 74, 99
4, 602860, Note_on_c, 1, 66, 0
4, 602860, Note_on_c, 1, 74, 0
4, 603136, Note_on_c, 1, 66, 99
4, 603136, Note_on_c, 1, 74, 99
4, 603884, Note_on_c, 1, 66, 0
4, 603884, Note_on_c, 1, 74, 0
4, 604160, Note_on_c, 1, 69, 99
4, 604160, Note_on_c, 1, 76, 99
4, 604908, Note_on_c, 1, 69, 0
4, 604908, Note_on_c, 1, 76, 0
4, 605184, Note_on_c, 1, 74, 99
4, 605184, Note_on_c, 1, 78, 99
4, 605932, Note_on_c, 1, 74, 0
4, 605932, Note_on_c, 1, 78, 0
4, 606208, Note_on_c, 1, 69, 99
4, 606208, Note_on_c, 1, 76, 99
4, 607744, Note_on_c, 1, 69, 0
4, 607744, Note_on_c, 1, 76, 0
4, 607744, Note_on_c, 1, 66, 99
4, 607744, Note_on_c, 1, 74, 99
4, 608154, Note_on_c, 1, 66, 0
4, 608154, Note_on_c, 1, 74, 0
4, 608256, Note_on_c, 1, 66, 99
4, 608256, Note_on_c, 1, 74, 99
4, 609894, Note_on_c, 1, 66, 0
4, 609894, Note_on_c, 1, 74, 0
4, 610304, Note_on_c, 1, 73, 98
4, 610304, Note_on_c, 1, 76, 98
4, 612352, Note_on_c, 1, 73, 0
4, 612352, Note_on_c, 1, 76, 0
4, 612352, Note_on_c, 1, 74, 98
4, 612352, Note_on_c, 1, 78, 98
4, 613376, Note_on_c, 1, 74, 0
4, 613376, Note_on_c, 1, 78, 0
4, 613376, Note_on_c, 1, 74, 98
4, 614195, Note_on_c, 1, 74, 0
4, 614400, Note_on_c, 1, 73, 98
4, 614400, Note_on_c, 1, 76, 98
4, 615424, Note_on_c, 1, 73, 0
4, 615424, Note_on_c, 1, 76, 0
4, 615424, Note_on_c, 1, 74, 98
4, 615424, Note_on_c, 1, 78, 98
4, 615936, Note_on_c, 1, 74, 0
4, 615936, Note_on_c, 1, 78, 0
4, 615936, Note_on_c, 1, 76, 98
4, 615936, Note_on_c, 1, 79, 98
4, 616448, Note_on_c, 1, 76, 0
4, 616448, Note_on_c, 1, 79, 0
4, 616448, Note_on_c, 1, 74, 97
4, 616448, Note_on_c, 1, 78, 97
4, 617196, Note_on_c, 1, 74, 0
4, 617196, Note_on_c, 1, 78, 0
4, 617472, Note_on_c, 1, 74, 97
4, 618220, Note_on_c, 1, 74, 0
4, 618496, Note_on_c, 1, 73, 97
4, 618496, Note_on_c, 1, 76, 97
4, 619520, Note_on_c, 1, 73, 0
4, 619520, Note_on_c, 1, 76, 0
4, 619520, Note_on_c, 1, 74, 97
4, 619520, Note_on_c, 1, 78, 97
4, 620032, Note_on_c, 1, 74, 0
4, 620032, Note_on_c, 1, 78, 0
4, 620032, Note_on_c, 1, 76, 97
4, 620032, Note_on_c, 1, 79, 97
4, 620544, Note_on_c, 1, 76, 0
4, 620544, Note_on_c, 1, 79, 0
4, 620544, Note_on_c, 1, 73, 97
4, 620544, Note_on_c, 1, 78, 97
4, 621568, Note_on_c, 1, 73, 0
4, 621568, Note_on_c, 1, 78, 0
4, 621568, Note_on_c, 1, 73, 100
4, 621568, Note_on_c, 1, 76, 100
4, 622316, Note_on_c, 1, 73, 0
4, 622316, Note_on_c, 1, 76, 0
4, 622592, Note_on_c, 1, 71, 101
4, 622592, Note_on_c, 1, 74, 101
4, 623104, Note_on_c, 1, 71, 0
4, 623104, Note_on_c, 1, 74, 0
4, 623616, Note_on_c, 1, 68, 103
4, 623616, Note_on_c, 1, 76, 103
4, 624128, Note_on_c, 1, 68, 0
4, 624128, Note_on_c, 1, 76, 0
4, 624640, Note_on_c, 1, 69, 104
4, 625152, Note_on_c, 1, 69, 0
4, 625664, Note_on_c, 1, 74, 101
4, 625664, Note_on_c, 1, 78, 101
4, 627507, Note_on_c, 1, 74, 0
4, 627507, Note_on_c, 1, 78, 0
4, 627712, Note_on_c, 1, 74, 101
4, 627712, Note_on_c, 1, 78, 101
4, 628460, Note_on_c, 1, 74, 0
4, 628460, Note_on_c, 1, 78, 0
4, 628736, Note_on_c, 1, 76, 101
4, 628736, Note_on_c, 1, 79, 101
4, 629484, Note_on_c, 1, 76, 0
4, 629484, Note_on_c, 1, 79, 0
4, 629760, Note_on_c, 1, 78, 101
4, 629760, Note_on_c, 1, 81, 101
4, 630508, Note_on_c, 1, 78, 0
4, 630508, Note_on_c, 1, 81, 0
4, 630784, Note_on_c, 1, 78, 101
4, 630784, Note_on_c, 1, 81, 101
4, 631808, Note_on_c, 1, 78, 0
4, 631808, Note_on_c, 1, 81, 0
4, 631808, Note_on_c, 1, 76, 101
4, 631808, Note_on_c, 1, 79, 101
4, 632832, Note_on_c, 1, 76, 0
4, 632832, Note_on_c, 1, 79, 0
4, 632832, Note_on_c, 1, 74, 101
4, 632832, Note_on_c, 1, 78, 101
4, 633580, Note_on_c, 1, 74, 0
4, 633580, Note_on_c, 1, 78, 0
4, 633856, Note_on_c, 1, 69, 101
4, 633856, Note_on_c, 1, 76, 101
4, 634604, Note_on_c, 1, 69, 0
4, 634604, Note_on_c, 1, 76, 0
4, 634880, Note_on_c, 1, 66, 101
4, 634880, Note_on_c, 1, 74, 101
4, 635628, Note_on_c, 1, 66, 0
4, 635628, Note_on_c, 1, 74, 0
4, 635904, Note_on_c, 1, 66, 101
4, 635904, Note_on_c, 1, 74, 101
4, 636652, Note_on_c, 1, 66, 0
4, 636652, Note_on_c, 1, 74, 0
4, 636928, Note_on_c, 1, 69, 101
4, 636928, Note_on_c, 1, 76, 101
4, 637676, Note_on_c, 1, 69, 0
4, 637676, Note_on_c, 1, 76, 0
4, 637952, Note_on_c, 1, 74, 101
4, 637952, Note_on_c, 1, 78, 101
4, 638700, Note_on_c, 1, 74, 0
4, 638700, Note_on_c, 1, 78, 0
4, 638976, Note_on_c, 1, 69, 101
4, 638976, Note_on_c, 1, 76, 101
4, 640512, Note_on_c, 1, 69, 0
4, 640512, Note_on_c, 1, 76, 0
4, 640512, Note_on_c, 1, 66, 101
4, 640512, Note_on_c, 1, 74, 101
4, 640768, Note_on_c, 1, 66, 0
4, 640768, Note_on_c, 1, 74, 0
4, 641024, Note_on_c, 1, 66, 101
4, 641024, Note_on_c, 1, 74, 101
4, 641280, Note_on_c, 1, 66, 0
4, 641280, Note_on_c, 1, 74, 0
4, 641536, Note_on_c, 1, 78, 101
4, 641536, Note_on_c, 1, 81, 101
4, 642048, Note_on_c, 1, 78, 0
4, 642048, Note_on_c, 1, 81, 0
4, 642048, Note_on_c, 1, 76, 101
4, 642048, Note_on_c, 1, 79, 101
4, 642560, Note_on_c, 1, 76, 0
4, 642560, Note_on_c, 1, 79, 0
4, 642560, Note_on_c, 1, 74, 101
4, 642560, Note_on_c, 1, 78, 101
4, 643072, Note_on_c, 1, 74, 0
4, 643072, Note_on_c, 1, 78, 0
4, 643072, Note_on_c, 1, 73, 98
4, 643072, Note_on_c, 1, 76, 98
4, 645120, Note_on_c, 1, 73, 0
4, 645120, Note_on_c, 1, 76, 0
4, 645120, Note_on_c, 1, 74, 98
4, 645120, Note_on_c, 1, 78, 98
4, 646144, Note_on_c, 1, 74, 0
4, 646144, Note_on_c, 1, 78, 0
4, 646144, Note_on_c, 1, 66, 98
4, 646144, Note_on_c, 1, 74, 98
4, 646963, Note_on_c, 1, 66, 0
4, 646963, Note_on_c, 1, 74, 0
4, 647168, Note_on_c, 1, 73, 99
4, 647168, Note_on_c, 1, 76, 99
4, 648192, Note_on_c, 1, 73, 0
4, 648192, Note_on_c, 1, 76, 0
4, 648192, Note_on_c, 1, 74, 99
4, 648192, Note_on_c, 1, 78, 99
4, 648704, Note_on_c, 1, 74, 0
4, 648704, Note_on_c, 1, 78, 0
4, 648704, Note_on_c, 1, 76, 99
4, 648704, Note_on_c, 1, 79, 99
4, 649216, Note_on_c, 1, 76, 0
4, 649216, Note_on_c, 1, 79, 0
4, 649216, Note_on_c, 1, 74, 99
4, 649216, Note_on_c, 1, 78, 99
4, 649728, Note_on_c, 1, 74, 0
4, 649728, Note_on_c, 1, 78, 0
4, 650240, Note_on_c, 1, 74, 100
4, 650752, Note_on_c, 1, 74, 0
4, 651264, Note_on_c, 1, 73, 100
4, 651264, Note_on_c, 1, 76, 100
4, 652288, Note_on_c, 1, 73, 0
4, 652288, Note_on_c, 1, 76, 0
4, 652288, Note_on_c, 1, 74, 100
4, 652288, Note_on_c, 1, 78, 100
4, 652800, Note_on_c, 1, 74, 0
4, 652800, Note_on_c, 1, 78, 0
4, 652800, Note_on_c, 1, 76, 100
4, 652800, Note_on_c, 1, 79, 100
4, 653312, Note_on_c, 1, 76, 0
4, 653312, Note_on_c, 1, 79, 0
4, 653312, Note_on_c, 1, 73, 100
4, 653312, Note_on_c, 1, 78, 100
4, 654336, Note_on_c, 1, 73, 0
4, 654336, Note_on_c, 1, 78, 0
4, 654336, Note_on_c, 1, 73, 100
4, 654336, Note_on_c, 1, 76, 100
4, 655155, Note_on_c, 1, 73, 0
4, 655155, Note_on_c, 1, 76, 0
4, 655360, Note_on_c, 1, 71, 101
4, 655360, Note_on_c, 1, 74, 101
4, 655872, Note_on_c, 1, 71, 0
4, 655872, Note_on_c, 1, 74, 0
4, 656384, Note_on_c, 1, 68, 102
4, 656384, Note_on_c, 1, 76, 102
4, 656896, Note_on_c, 1, 68, 0
4, 656896, Note_on_c, 1, 76, 0
4, 657408, Note_on_c, 1, 69, 103
4, 657920, Note_on_c, 1, 69, 0
4, 658432, Note_on_c, 1, 74, 101
4, 658432, Note_on_c, 1, 78, 101
4, 660275, Note_on_c, 1, 74, 0
4, 660275, Note_on_c, 1, 78, 0
4, 660480, Note_on_c, 1, 74, 101
4, 660480, Note_on_c, 1, 78, 101
4, 661228, Note_on_c, 1, 74, 0
4, 661228, Note_on_c, 1, 78, 0
4, 661504, Note_on_c, 1, 76, 101
4, 661504, Note_on_c, 1, 79, 101
4, 662252, Note_on_c, 1, 76, 0
4, 662252, Note_on_c, 1, 79, 0
4, 662528, Note_on_c, 1, 78, 101
4, 662528, Note_on_c, 1, 81, 101
4, 663276, Note_on_c, 1, 78, 0
4, 663276, Note_on_c, 1, 81, 0
4, 663552, Note_on_c, 1, 78, 100
4, 663552, Note_on_c, 1, 81, 100
4, 664576, Note_on_c, 1, 78, 0
4, 664576, Note_on_c, 1, 81, 0
4, 664576, Note_on_c, 1, 76, 100
4, 664576, Note_on_c, 1, 79, 100
4, 665600, Note_on_c, 1, 76, 0
4, 665600, Note_on_c, 1, 79, 0
4, 665600, Note_on_c, 1, 74, 100
4, 665600, Note_on_c, 1, 78, 100
4, 666348, Note_on_c, 1, 74, 0
4, 666348, Note_on_c, 1, 78, 0
4, 666624, Note_on_c, 1, 69, 100
4, 666624, Note_on_c, 1, 76, 100
4, 667372, Note_on_c, 1, 69, 0
4, 667372, Note_on_c, 1, 76, 0
4, 667648, Note_on_c, 1, 66, 99
4, 667648, Note_on_c, 1, 74, 99
4, 668396, Note_on_c, 1, 66, 0
4, 668396, Note_on_c, 1, 74, 0
4, 668672, Note_on_c, 1, 66, 99
4, 668672, Note_on_c, 1, 74, 99
4, 669420, Note_on_c, 1, 66, 0
4, 669420, Note_on_c, 1, 74, 0
4, 669696, Note_on_c, 1, 69, 99
4, 669696, Note_on_c, 1, 76, 99
4, 670444, Note_on_c, 1, 69, 0
4, 670444, Note_on_c, 1, 76, 0
4, 670720, Note_on_c, 1, 74, 99
4, 670720, Note_on_c, 1, 78, 99
4, 671468, Note_on_c, 1, 74, 0
4, 671468, Note_on_c, 1, 78, 0
4, 671744, Note_on_c, 1, 69, 99
4, 671744, Note_on_c, 1, 76, 99
4, 673280, Note_on_c, 1, 69, 0
4, 673280, Note_on_c, 1, 76, 0
4, 673280, Note_on_c, 1, 66, 88
4, 673280, Note_on_c, 1, 74, 88
4, 673654, Note_on_c, 1, 66, 0
4, 673654, Note_on_c, 1, 74, 0
4, 673792, Note_on_c, 1, 66, 83
4, 673792, Note_on_c, 1, 74, 83
4, 674540, Note_on_c, 1, 66, 0
4, 674540, Note_on_c, 1, 74, 0
4, 674816, Note_on_c, 1, 78, 83
4, 674816, Note_on_c, 1, 81, 83
4, 675840, Note_on_c, 1, 78, 0
4, 675840, Note_on_c, 1, 81, 0
4, 675840, Note_on_c, 1, 76, 83
4, 675840, Note_on_c, 1, 79, 83
4, 677376, Note_on_c, 1, 76, 0
4, 677376, Note_on_c, 1, 79, 0
4, 677376, Note_on_c, 1, 74, 83
4, 677376, Note_on_c, 1, 78, 83
4, 677632, Note_on_c, 1, 74, 0
4, 677632, Note_on_c, 1, 78, 0
4, 677888, Note_on_c, 1, 74, 83
4, 677888, Note_on_c, 1, 78, 83
4, 678400, Note_on_c, 1, 74, 0
4, 678400, Note_on_c, 1, 78, 0
4, 678912, Note_on_c, 1, 83, 83
4, 678912, Note_on_c, 1, 86, 83
4, 679936, Note_on_c, 1, 83, 0
4, 679936, Note_on_c, 1, 86, 0
4, 679936, Note_on_c, 1, 81, 83
4, 679936, Note_on_c, 1, 84, 83
4, 681472, Note_on_c, 1, 81, 0
4, 681472, Note_on_c, 1, 84, 0
4, 681472, Note_on_c, 1, 79, 83
4, 681472, Note_on_c, 1, 83, 83
4, 681728, Note_on_c, 1, 79, 0
4, 681728, Note_on_c, 1, 83, 0
4, 681984, Note_on_c, 1, 79, 83
4, 681984, Note_on_c, 1, 83, 83
4, 682496, Note_on_c, 1, 79, 0
4, 682496, Note_on_c, 1, 83, 0
4, 683008, Note_on_c, 1, 71, 83
4, 683008, Note_on_c, 1, 79, 83
4, 684032, Note_on_c, 1, 71, 0
4, 684032, Note_on_c, 1, 79, 0
4, 684032, Note_on_c, 1, 78, 83
4, 684032, Note_on_c, 1, 71, 83
4, 685568, Note_on_c, 1, 78, 0
4, 685568, Note_on_c, 1, 76, 83
4, 685824, Note_on_c, 1, 76, 0
4, 686080, Note_on_c, 1, 76, 83
4, 686080, Note_on_c, 1, 71, 0
4, 686080, Note_on_c, 1, 73, 83
4, 686592, Note_on_c, 1, 76, 0
4, 686592, Note_on_c, 1, 73, 0
4, 687104, Note_on_c, 1, 67, 83
4, 687104, Note_on_c, 1, 76, 83
4, 687616, Note_on_c, 1, 67, 0
4, 687616, Note_on_c, 1, 76, 0
4, 687616, Note_on_c, 1, 69, 83
4, 687616, Note_on_c, 1, 78, 83
4, 688128, Note_on_c, 1, 69, 0
4, 688128, Note_on_c, 1, 78, 0
4, 688128, Note_on_c, 1, 76, 83
4, 688128, Note_on_c, 1, 67, 83
4, 689664, Note_on_c, 1, 76, 0
4, 689664, Note_on_c, 1, 74, 83
4, 689664, Note_on_c, 1, 67, 0
4, 689664, Note_on_c, 1, 66, 83
4, 690074, Note_on_c, 1, 74, 0
4, 690074, Note_on_c, 1, 66, 0
4, 690176, Note_on_c, 1, 74, 83
4, 690176, Note_on_c, 1, 66, 83
4, 690688, Note_on_c, 1, 74, 0
4, 690688, Note_on_c, 1, 69, 83
4, 691200, Note_on_c, 1, 69, 0
4, 691200, Note_on_c, 1, 81, 83
4, 691200, Note_on_c, 1, 66, 0
4, 691200, Note_on_c, 1, 74, 83
4, 691712, Note_on_c, 1, 81, 0
4, 691712, Note_on_c, 1, 78, 83
4, 692224, Note_on_c, 1, 78, 0
4, 692224, Note_on_c, 1, 74, 0
4, 692224, Note_on_c, 1, 78, 83
4, 692224, Note_on_c, 1, 74, 83
4, 693760, Note_on_c, 1, 78, 0
4, 693760, Note_on_c, 1, 76, 83
4, 694016, Note_on_c, 1, 76, 0
4, 694272, Note_on_c, 1, 76, 83
4, 694272, Note_on_c, 1, 74, 0
4, 694272, Note_on_c, 1, 73, 83
4, 694784, Note_on_c, 1, 76, 0
4, 695296, Note_on_c, 1, 76, 83
4, 696320, Note_on_c, 1, 76, 0
4, 696320, Note_on_c, 1, 79, 83
4, 697856, Note_on_c, 1, 79, 0
4, 697856, Note_on_c, 1, 78, 83
4, 698112, Note_on_c, 1, 78, 0
4, 698368, Note_on_c, 1, 78, 83
4, 698368, Note_on_c, 1, 73, 0
4, 698368, Note_on_c, 1, 74, 83
4, 698880, Note_on_c, 1, 78, 0
4, 698880, Note_on_c, 1, 74, 0
4, 699392, Note_on_c, 1, 78, 83
4, 699392, Note_on_c, 1, 66, 83
4, 700416, Note_on_c, 1, 78, 0
4, 700416, Note_on_c, 1, 66, 0
4, 700416, Note_on_c, 1, 69, 82
4, 700416, Note_on_c, 1, 81, 82
4, 701952, Note_on_c, 1, 69, 0
4, 701952, Note_on_c, 1, 81, 0
4, 701952, Note_on_c, 1, 68, 84
4, 701952, Note_on_c, 1, 80, 84
4, 702362, Note_on_c, 1, 68, 0
4, 702362, Note_on_c, 1, 80, 0
4, 702464, Note_on_c, 1, 68, 85
4, 702464, Note_on_c, 1, 80, 85
4, 703283, Note_on_c, 1, 68, 0
4, 703283, Note_on_c, 1, 80, 0
4, 703488, Note_on_c, 1, 68, 87
4, 703488, Note_on_c, 1, 80, 87
4, 704512, Note_on_c, 1, 68, 0
4, 704512, Note_on_c, 1, 80, 0
4, 704512, Note_on_c, 1, 71, 88
4, 704512, Note_on_c, 1, 83, 88
4, 706048, Note_on_c, 1, 71, 0
4, 706048, Note_on_c, 1, 83, 0
4, 706048, Note_on_c, 1, 70, 91
4, 706048, Note_on_c, 1, 82, 91
4, 706458, Note_on_c, 1, 70, 0
4, 706458, Note_on_c, 1, 82, 0
4, 706560, Note_on_c, 1, 73, 92
4, 706560, Note_on_c, 1, 85, 92
4, 708096, Note_on_c, 1, 73, 0
4, 708096, Note_on_c, 1, 85, 0
4, 708096, Note_on_c, 1, 71, 94
4, 708096, Note_on_c, 1, 83, 94
4, 708506, Note_on_c, 1, 71, 0
4, 708506, Note_on_c, 1, 83, 0
4, 708608, Note_on_c, 1, 74, 95
4, 708608, Note_on_c, 1, 86, 95
4, 710144, Note_on_c, 1, 74, 0
4, 710144, Note_on_c, 1, 86, 0
4, 710144, Note_on_c, 1, 73, 98
4, 710144, Note_on_c, 1, 85, 98
4, 710554, Note_on_c, 1, 73, 0
4, 710554, Note_on_c, 1, 85, 0
4, 710656, Note_on_c, 1, 76, 99
4, 712192, Note_on_c, 1, 76, 0
4, 712192, Note_on_c, 1, 74, 101
4, 712602, Note_on_c, 1, 74, 0
4, 712704, Note_on_c, 1, 78, 102
4, 712704, Note_on_c, 1, 74, 102
4, 713728, Note_on_c, 1, 74, 0
4, 713728, Note_on_c, 1, 71, 103
4, 714240, Note_on_c, 1, 78, 0
4, 714240, Note_on_c, 1, 76, 103
4, 714650, Note_on_c, 1, 76, 0
4, 714752, Note_on_c, 1, 76, 103
4, 715776, Note_on_c, 1, 71, 0
4, 715776, Note_on_c, 1, 71, 103
4, 716288, Note_on_c, 1, 76, 0
4, 716288, Note_on_c, 1, 74, 103
4, 716698, Note_on_c, 1, 74, 0
4, 716800, Note_on_c, 1, 78, 103
4, 717824, Note_on_c, 1, 71, 0
4, 717824, Note_on_c, 1, 71, 103
4, 718336, Note_on_c, 1, 78, 0
4, 718336, Note_on_c, 1, 76, 103
4, 719360, Note_on_c, 1, 76, 0
4, 719360, Note_on_c, 1, 74, 103
4, 719360, Note_on_c, 1, 71, 0
4, 719872, Note_on_c, 1, 74, 0
4, 719872, Note_on_c, 1, 71, 103
4, 720384, Note_on_c, 1, 71, 0
4, 720384, Note_on_c, 1, 76, 103
4, 721920, Note_on_c, 1, 76, 0
4, 721920, Note_on_c, 1, 73, 103
4, 722944, Note_on_c, 1, 73, 0
4, 722944, Note_on_c, 1, 69, 103
4, 723968, Note_on_c, 1, 69, 0
4, 723968, Note_on_c, 1, 78, 103
4, 724992, Note_on_c, 1, 78, 0
4, 724992, Note_on_c, 1, 76, 103
4, 725811, Note_on_c, 1, 76, 0
4, 726016, Note_on_c, 1, 69, 103
4, 726016, Note_on_c, 1, 81, 103
4, 727654, Note_on_c, 1, 69, 0
4, 727654, Note_on_c, 1, 81, 0
4, 728064, Note_on_c, 1, 68, 109
4, 728064, Note_on_c, 1, 80, 109
4, 728883, Note_on_c, 1, 68, 0
4, 728883, Note_on_c, 1, 80, 0
4, 729088, Note_on_c, 1, 69, 113
4, 729088, Note_on_c, 1, 81, 113
4, 729344, Note_on_c, 1, 69, 0
4, 729344, Note_on_c, 1, 81, 0
4, 729600, Note_on_c, 1, 69, 114
4, 729600, Note_on_c, 1, 81, 114
4, 729856, Note_on_c, 1, 69, 0
4, 729856, Note_on_c, 1, 81, 0
4, 729856, Note_on_c, 1, 71, 114
4, 729856, Note_on_c, 1, 83, 114
4, 730112, Note_on_c, 1, 71, 0
4, 730112, Note_on_c, 1, 83, 0
4, 730112, Note_on_c, 1, 73, 114
4, 730112, Note_on_c, 1, 85, 114
4, 730368, Note_on_c, 1, 73, 0
4, 730368, Note_on_c, 1, 85, 0
4, 730624, Note_on_c, 1, 73, 114
4, 730624, Note_on_c, 1, 85, 114
4, 730880, Note_on_c, 1, 73, 0
4, 730880, Note_on_c, 1, 85, 0
4, 730880, Note_on_c, 1, 74, 114
4, 730880, Note_on_c, 1, 86, 114
4, 731136, Note_on_c, 1, 74, 0
4, 731136, Note_on_c, 1, 86, 0
4, 731136, Note_on_c, 1, 64, 114
4, 731136, Note_on_c, 1, 76, 114
4, 731392, Note_on_c, 1, 64, 0
4, 731392, Note_on_c, 1, 76, 0
4, 731648, Note_on_c, 1, 64, 114
4, 731648, Note_on_c, 1, 76, 114
4, 731904, Note_on_c, 1, 64, 0
4, 731904, Note_on_c, 1, 76, 0
4, 731904, Note_on_c, 1, 66, 114
4, 731904, Note_on_c, 1, 78, 114
4, 732160, Note_on_c, 1, 66, 0
4, 732160, Note_on_c, 1, 78, 0
4, 732160, Note_on_c, 1, 68, 114
4, 732160, Note_on_c, 1, 80, 114
4, 732416, Note_on_c, 1, 68, 0
4, 732416, Note_on_c, 1, 80, 0
4, 732672, Note_on_c, 1, 64, 114
4, 732672, Note_on_c, 1, 76, 114
4, 732843, Note_on_c, 1, 64, 0
4, 732843, Note_on_c, 1, 76, 0
4, 732843, Note_on_c, 1, 66, 114
4, 732843, Note_on_c, 1, 78, 114
4, 733013, Note_on_c, 1, 66, 0
4, 733013, Note_on_c, 1, 78, 0
4, 733013, Note_on_c, 1, 68, 114
4, 733013, Note_on_c, 1, 80, 114
4, 733184, Note_on_c, 1, 68, 0
4, 733184, Note_on_c, 1, 80, 0
4, 733184, Note_on_c, 1, 69, 114
4, 733184, Note_on_c, 1, 81, 114
4, 734822, Note_on_c, 1, 69, 0
4, 734822, Note_on_c, 1, 81, 0
4, 735232, Note_on_c, 1, 64, 114
4, 735232, Note_on_c, 1, 76, 114
4, 735744, Note_on_c, 1, 64, 0
4, 735744, Note_on_c, 1, 76, 0
4, 736256, Note_on_c, 1, 64, 114
4, 736256, Note_on_c, 1, 76, 114
4, 736768, Note_on_c, 1, 64, 0
4, 736768, Note_on_c, 1, 76, 0
4, 745472, Note_on_c, 1, 82, 41
4, 746496, Note_on_c, 1, 82, 0
4, 746496, Note_on_c, 1, 78, 37
4, 746752, Note_on_c, 1, 78, 0
4, 747008, Note_on_c, 1, 75, 35
4, 747264, Note_on_c, 1, 75, 0
4, 747520, Note_on_c, 1, 77, 33
4, 747776, Note_on_c, 1, 77, 0
4, 748032, Note_on_c, 1, 78, 32
4, 749056, Note_on_c, 1, 78, 0
4, 749056, Note_on_c, 1, 77, 30
4, 749312, Note_on_c, 1, 77, 0
4, 749568, Note_on_c, 1, 76, 98
4, 750592, Note_on_c, 1, 76, 0
4, 750592, Note_on_c, 1, 73, 105
4, 750592, Note_on_c, 1, 85, 105
4, 750848, Note_on_c, 1, 73, 0
4, 750848, Note_on_c, 1, 85, 0
4, 751104, Note_on_c, 1, 69, 105
4, 751104, Note_on_c, 1, 81, 105
4, 751360, Note_on_c, 1, 69, 0
4, 751360, Note_on_c, 1, 81, 0
4, 751616, Note_on_c, 1, 71, 105
4, 751616, Note_on_c, 1, 83, 105
4, 751872, Note_on_c, 1, 71, 0
4, 751872, Note_on_c, 1, 83, 0
4, 752128, Note_on_c, 1, 73, 105
4, 752128, Note_on_c, 1, 85, 105
4, 753152, Note_on_c, 1, 73, 0
4, 753152, Note_on_c, 1, 85, 0
4, 753152, Note_on_c, 1, 71, 105
4, 753152, Note_on_c, 1, 83, 105
4, 753664, Note_on_c, 1, 71, 0
4, 753664, Note_on_c, 1, 83, 0
4, 755200, Note_on_c, 1, 83, 105
4, 755200, Note_on_c, 1, 86, 105
4, 755712, Note_on_c, 1, 83, 0
4, 755712, Note_on_c, 1, 86, 0
4, 757248, Note_on_c, 1, 81, 116
4, 757248, Note_on_c, 1, 85, 116
4, 757760, Note_on_c, 1, 81, 0
4, 757760, Note_on_c, 1, 85, 0
4, 760320, Note_on_c, 1, 70, 116
4, 762573, Note_on_c, 1, 70, 0
4, 762880, Note_on_c, 1, 69, 108
4, 763136, Note_on_c, 1, 69, 0
4, 763392, Note_on_c, 1, 69, 106
4, 763648, Note_on_c, 1, 69, 0
4, 763904, Note_on_c, 1, 74, 104
4, 764160, Note_on_c, 1, 74, 0
4, 764416, Note_on_c, 1, 74, 102
4, 764672, Note_on_c, 1, 74, 0
4, 764928, Note_on_c, 1, 77, 101
4, 765184, Note_on_c, 1, 77, 0
4, 765440, Note_on_c, 1, 77, 102
4, 765696, Note_on_c, 1, 77, 0
4, 765952, Note_on_c, 1, 81, 102
4, 766208, Note_on_c, 1, 81, 0
4, 766464, Note_on_c, 1, 81, 103
4, 766720, Note_on_c, 1, 81, 0
4, 766976, Note_on_c, 1, 74, 103
4, 767232, Note_on_c, 1, 74, 0
4, 767488, Note_on_c, 1, 74, 104
4, 767744, Note_on_c, 1, 74, 0
4, 768000, Note_on_c, 1, 77, 104
4, 768256, Note_on_c, 1, 77, 0
4, 768512, Note_on_c, 1, 77, 105
4, 768768, Note_on_c, 1, 77, 0
4, 769024, Note_on_c, 1, 69, 106
4, 769280, Note_on_c, 1, 69, 0
4, 769536, Note_on_c, 1, 69, 106
4, 769792, Note_on_c, 1, 69, 0
4, 770048, Note_on_c, 1, 74, 107
4, 770304, Note_on_c, 1, 74, 0
4, 770560, Note_on_c, 1, 74, 107
4, 770816, Note_on_c, 1, 74, 0
4, 771072, Note_on_c, 1, 65, 108
4, 771328, Note_on_c, 1, 65, 0
4, 771584, Note_on_c, 1, 65, 109
4, 771840, Note_on_c, 1, 65, 0
4, 772096, Note_on_c, 1, 69, 109
4, 772352, Note_on_c, 1, 69, 0
4, 772608, Note_on_c, 1, 69, 110
4, 772864, Note_on_c, 1, 69, 0
4, 773120, Note_on_c, 1, 62, 110
4, 773376, Note_on_c, 1, 62, 0
4, 773632, Note_on_c, 1, 62, 111
4, 773888, Note_on_c, 1, 62, 0
4, 774144, Note_on_c, 1, 65, 112
4, 774144, Note_on_c, 1, 77, 112
4, 774400, Note_on_c, 1, 65, 0
4, 774400, Note_on_c, 1, 77, 0
4, 774656, Note_on_c, 1, 65, 112
4, 774656, Note_on_c, 1, 77, 112
4, 774912, Note_on_c, 1, 65, 0
4, 774912, Note_on_c, 1, 77, 0
4, 775168, Note_on_c, 1, 66, 113
4, 775168, Note_on_c, 1, 78, 113
4, 775424, Note_on_c, 1, 66, 0
4, 775424, Note_on_c, 1, 78, 0
4, 775680, Note_on_c, 1, 66, 113
4, 775680, Note_on_c, 1, 78, 113
4, 775936, Note_on_c, 1, 66, 0
4, 775936, Note_on_c, 1, 78, 0
4, 776192, Note_on_c, 1, 67, 114
4, 776192, Note_on_c, 1, 79, 114
4, 776448, Note_on_c, 1, 67, 0
4, 776448, Note_on_c, 1, 79, 0
4, 776704, Note_on_c, 1, 67, 115
4, 776704, Note_on_c, 1, 79, 115
4, 776960, Note_on_c, 1, 67, 0
4, 776960, Note_on_c, 1, 79, 0
4, 777216, Note_on_c, 1, 68, 115
4, 777216, Note_on_c, 1, 80, 115
4, 777472, Note_on_c, 1, 68, 0
4, 777472, Note_on_c, 1, 80, 0
4, 777728, Note_on_c, 1, 68, 116
4, 777728, Note_on_c, 1, 80, 116
4, 777984, Note_on_c, 1, 68, 0
4, 777984, Note_on_c, 1, 80, 0
4, 778240, Note_on_c, 1, 80, 116
4, 778496, Note_on_c, 1, 80, 0
4, 778752, Note_on_c, 1, 74, 117
4, 778752, Note_on_c, 1, 80, 117
4, 779008, Note_on_c, 1, 74, 0
4, 779008, Note_on_c, 1, 80, 0
4, 779264, Note_on_c, 1, 74, 117
4, 779264, Note_on_c, 1, 77, 117
4, 779520, Note_on_c, 1, 74, 0
4, 779520, Note_on_c, 1, 77, 0
4, 779776, Note_on_c, 1, 74, 118
4, 779776, Note_on_c, 1, 77, 118
4, 780288, Note_on_c, 1, 74, 0
4, 780288, Note_on_c, 1, 77, 0
4, 780800, Note_on_c, 1, 69, 120
4, 780800, Note_on_c, 1, 81, 120
4, 781312, Note_on_c, 1, 69, 0
4, 781312, Note_on_c, 1, 81, 0
4, 825856, Note_on_c, 1, 76, 100
4, 825856, Note_on_c, 1, 85, 100
4, 826368, Note_on_c, 1, 76, 0
4, 826368, Note_on_c, 1, 85, 0
4, 826880, Note_on_c, 1, 74, 102
4, 826880, Note_on_c, 1, 81, 102
4, 827136, Note_on_c, 1, 74, 0
4, 827136, Note_on_c, 1, 81, 0
4, 827392, Note_on_c, 1, 74, 102
4, 827392, Note_on_c, 1, 81, 102
4, 827648, Note_on_c, 1, 74, 0
4, 827648, Note_on_c, 1, 81, 0
4, 827904, Note_on_c, 1, 81, 103
4, 827904, Note_on_c, 1, 86, 103
4, 828416, Note_on_c, 1, 81, 0
4, 828416, Note_on_c, 1, 86, 0
4, 840192, Note_on_c, 1, 71, 53
4, 840192, Note_on_c, 1, 79, 53
4, 840602, Note_on_c, 1, 71, 0
4, 840602, Note_on_c, 1, 79, 0
4, 841216, Note_on_c, 1, 79, 88
4, 841216, Note_on_c, 1, 83, 88
4, 841626, Note_on_c, 1, 79, 0
4, 841626, Note_on_c, 1, 83, 0
4, 847360, Note_on_c, 1, 76, 106
4, 847360, Note_on_c, 1, 85, 106
4, 847872, Note_on_c, 1, 76, 0
4, 847872, Note_on_c, 1, 85, 0
4, 848896, Note_on_c, 1, 73, 45
4, 849644, Note_on_c, 1, 73, 0
4, 849920, Note_on_c, 1, 73, 46
4, 850944, Note_on_c, 1, 73, 0
4, 850944, Note_on_c, 1, 74, 48
4, 851968, Note_on_c, 1, 74, 0
4, 851968, Note_on_c, 1, 76, 50
4, 852787, Note_on_c, 1, 76, 0
4, 852992, Note_on_c, 1, 76, 51
4, 854016, Note_on_c, 1, 76, 0
4, 854016, Note_on_c, 1, 74, 50
4, 855040, Note_on_c, 1, 74, 0
4, 855040, Note_on_c, 1, 73, 48
4, 856064, Note_on_c, 1, 73, 0
4, 856064, Note_on_c, 1, 71, 45
4, 856883, Note_on_c, 1, 71, 0
4, 857088, Note_on_c, 1, 76, 46
4, 857836, Note_on_c, 1, 76, 0
4, 858112, Note_on_c, 1, 76, 49
4, 859136, Note_on_c, 1, 76, 0
4, 859136, Note_on_c, 1, 78, 53
4, 860160, Note_on_c, 1, 78, 0
4, 860160, Note_on_c, 1, 79, 56
4, 861184, Note_on_c, 1, 79, 0
4, 861184, Note_on_c, 1, 79, 59
4, 862208, Note_on_c, 1, 79, 0
4, 862208, Note_on_c, 1, 78, 57
4, 863232, Note_on_c, 1, 78, 0
4, 863232, Note_on_c, 1, 76, 49
4, 864256, Note_on_c, 1, 76, 0
4, 864256, Note_on_c, 1, 74, 43
4, 865075, Note_on_c, 1, 74, 0
4, 865280, Note_on_c, 1, 74, 37
4, 865792, Note_on_c, 1, 74, 0
4, 866816, Note_on_c, 1, 74, 34
4, 867072, Note_on_c, 1, 74, 0
4, 867328, Note_on_c, 1, 69, 34
4, 867840, Note_on_c, 1, 69, 0
4, 868864, Note_on_c, 1, 69, 34
4, 869120, Note_on_c, 1, 69, 0
4, 869376, Note_on_c, 1, 71, 34
4, 869888, Note_on_c, 1, 71, 0
4, 870912, Note_on_c, 1, 71, 34
4, 871168, Note_on_c, 1, 71, 0
4, 871424, Note_on_c, 1, 73, 34
4, 871936, Note_on_c, 1, 73, 0
4, 872960, Note_on_c, 1, 73, 34
4, 873216, Note_on_c, 1, 73, 0
4, 873472, Note_on_c, 1, 74, 34
4, 873984, Note_on_c, 1, 74, 0
4, 875008, Note_on_c, 1, 74, 34
4, 875264, Note_on_c, 1, 74, 0
4, 875520, Note_on_c, 1, 74, 34
4, 876032, Note_on_c, 1, 74, 0
4, 877056, Note_on_c, 1, 74, 34
4, 877312, Note_on_c, 1, 74, 0
4, 877568, Note_on_c, 1, 74, 34
4, 878080, Note_on_c, 1, 74, 0
4, 879104, Note_on_c, 1, 74, 34
4, 879360, Note_on_c, 1, 74, 0
4, 879616, Note_on_c, 1, 73, 34
4, 880128, Note_on_c, 1, 73, 0
4, 883712, Note_on_c, 1, 81, 34
4, 888832, Note_on_c, 1, 81, 0
4, 888832, Note_on_c, 1, 79, 34
4, 889856, Note_on_c, 1, 79, 0
4, 889856, Note_on_c, 1, 78, 34
4, 891904, Note_on_c, 1, 78, 0
4, 891904, Note_on_c, 1, 76, 34
4, 892928, Note_on_c, 1, 76, 0
4, 892928, Note_on_c, 1, 74, 34
4, 893952, Note_on_c, 1, 74, 0
4, 893952, Note_on_c, 1, 73, 34
4, 895488, Note_on_c, 1, 73, 0
4, 895488, Note_on_c, 1, 74, 34
4, 895862, Note_on_c, 1, 74, 0
4, 896000, Note_on_c, 1, 74, 34
4, 896512, Note_on_c, 1, 74, 0
4, 896512, Note_on_c, 1, 74, 34
4, 897024, Note_on_c, 1, 74, 0
4, 897024, Note_on_c, 1, 76, 34
4, 897536, Note_on_c, 1, 76, 0
4, 897536, Note_on_c, 1, 78, 34
4, 898048, Note_on_c, 1, 78, 0
4, 898048, Note_on_c, 1, 79, 34
4, 899072, Note_on_c, 1, 79, 0
4, 899072, Note_on_c, 1, 73, 35
4, 900096, Note_on_c, 1, 73, 0
4, 900096, Note_on_c, 1, 74, 36
4, 901120, Note_on_c, 1, 74, 0
4, 901120, Note_on_c, 1, 78, 37
4, 902144, Note_on_c, 1, 78, 0
4, 902144, Note_on_c, 1, 79, 37
4, 902656, Note_on_c, 1, 79, 0
4, 902656, Note_on_c, 1, 73, 38
4, 903168, Note_on_c, 1, 73, 0
4, 903168, Note_on_c, 1, 74, 38
4, 903680, Note_on_c, 1, 74, 0
4, 903680, Note_on_c, 1, 76, 39
4, 904192, Note_on_c, 1, 76, 0
4, 904192, Note_on_c, 1, 74, 39
4, 905216, Note_on_c, 1, 74, 0
4, 905216, Note_on_c, 1, 76, 40
4, 905728, Note_on_c, 1, 76, 0
4, 905728, Note_on_c, 1, 78, 40
4, 906240, Note_on_c, 1, 78, 0
4, 906240, Note_on_c, 1, 79, 40
4, 906752, Note_on_c, 1, 79, 0
4, 906752, Note_on_c, 1, 73, 41
4, 907264, Note_on_c, 1, 73, 0
4, 907264, Note_on_c, 1, 74, 41
4, 907776, Note_on_c, 1, 74, 0
4, 907776, Note_on_c, 1, 76, 42
4, 908288, Note_on_c, 1, 76, 0
4, 908288, Note_on_c, 1, 74, 42
4, 909312, Note_on_c, 1, 74, 0
4, 909312, Note_on_c, 1, 79, 43
4, 910848, Note_on_c, 1, 79, 0
4, 910848, Note_on_c, 1, 78, 44
4, 911360, Note_on_c, 1, 78, 0
4, 911360, Note_on_c, 1, 79, 44
4, 911872, Note_on_c, 1, 79, 0
4, 911872, Note_on_c, 1, 76, 45
4, 912384, Note_on_c, 1, 76, 0
4, 912384, Note_on_c, 1, 74, 45
4, 912896, Note_on_c, 1, 74, 0
4, 912896, Note_on_c, 1, 73, 45
4, 913408, Note_on_c, 1, 73, 0
4, 913408, Note_on_c, 1, 76, 46
4, 913920, Note_on_c, 1, 76, 0
4, 913920, Note_on_c, 1, 74, 46
4, 914432, Note_on_c, 1, 74, 0
4, 914432, Note_on_c, 1, 81, 47
4, 914944, Note_on_c, 1, 81, 0
4, 915968, Note_on_c, 1, 81, 48
4, 916224, Note_on_c, 1, 81, 0
4, 916480, Note_on_c, 1, 81, 48
4, 916992, Note_on_c, 1, 81, 0
4, 918016, Note_on_c, 1, 81, 49
4, 918272, Note_on_c, 1, 81, 0
4, 918528, Note_on_c, 1, 83, 50
4, 919040, Note_on_c, 1, 83, 0
4, 920064, Note_on_c, 1, 83, 51
4, 920320, Note_on_c, 1, 83, 0
4, 920576, Note_on_c, 1, 83, 51
4, 921088, Note_on_c, 1, 83, 0
4, 922112, Note_on_c, 1, 85, 42
4, 922368, Note_on_c, 1, 85, 0
4, 922624, Note_on_c, 1, 86, 41
4, 923136, Note_on_c, 1, 86, 0
4, 923136, Note_on_c, 1, 81, 41
4, 923648, Note_on_c, 1, 81, 0
4, 923648, Note_on_c, 1, 83, 41
4, 924160, Note_on_c, 1, 83, 0
4, 924160, Note_on_c, 1, 81, 41
4, 924672, Note_on_c, 1, 81, 0
4, 924672, Note_on_c, 1, 79, 41
4, 925184, Note_on_c, 1, 79, 0
4, 925184, Note_on_c, 1, 78, 41
4, 925696, Note_on_c, 1, 78, 0
4, 925696, Note_on_c, 1, 76, 41
4, 926208, Note_on_c, 1, 76, 0
4, 926208, Note_on_c, 1, 74, 41
4, 926720, Note_on_c, 1, 74, 0
4, 926720, Note_on_c, 1, 79, 41
4, 928256, Note_on_c, 1, 79, 0
4, 928256, Note_on_c, 1, 78, 41
4, 928630, Note_on_c, 1, 78, 0
4, 928768, Note_on_c, 1, 78, 47
4, 929280, Note_on_c, 1, 78, 0
4, 929280, Note_on_c, 1, 66, 56
4, 929280, Note_on_c, 1, 74, 56
4, 929792, Note_on_c, 1, 66, 0
4, 929792, Note_on_c, 1, 74, 0
4, 929792, Note_on_c, 1, 67, 68
4, 929792, Note_on_c, 1, 76, 68
4, 930304, Note_on_c, 1, 67, 0
4, 930304, Note_on_c, 1, 76, 0
4, 930304, Note_on_c, 1, 69, 81
4, 930304, Note_on_c, 1, 78, 81
4, 930816, Note_on_c, 1, 69, 0
4, 930816, Note_on_c, 1, 78, 0
4, 930816, Note_on_c, 1, 79, 96
4, 930816, Note_on_c, 1, 69, 96
4, 931328, Note_on_c, 1, 69, 0
4, 931840, Note_on_c, 1, 79, 0
4, 931840, Note_on_c, 1, 73, 96
4, 932352, Note_on_c, 1, 69, 96
4, 932608, Note_on_c, 1, 69, 0
4, 932864, Note_on_c, 1, 73, 0
4, 932864, Note_on_c, 1, 74, 96
4, 932864, Note_on_c, 1, 69, 96
4, 933376, Note_on_c, 1, 69, 0
4, 933888, Note_on_c, 1, 74, 0
4, 933888, Note_on_c, 1, 76, 96
4, 934400, Note_on_c, 1, 76, 0
4, 934400, Note_on_c, 1, 78, 96
4, 934400, Note_on_c, 1, 69, 96
4, 934656, Note_on_c, 1, 69, 0
4, 934912, Note_on_c, 1, 78, 0
4, 934912, Note_on_c, 1, 79, 96
4, 934912, Note_on_c, 1, 69, 96
4, 935424, Note_on_c, 1, 79, 0
4, 935424, Note_on_c, 1, 73, 96
4, 935424, Note_on_c, 1, 69, 0
4, 935936, Note_on_c, 1, 73, 0
4, 935936, Note_on_c, 1, 74, 96
4, 936448, Note_on_c, 1, 74, 0
4, 936448, Note_on_c, 1, 76, 96
4, 936448, Note_on_c, 1, 69, 96
4, 936704, Note_on_c, 1, 69, 0
4, 936960, Note_on_c, 1, 76, 0
4, 936960, Note_on_c, 1, 74, 96
4, 936960, Note_on_c, 1, 69, 96
4, 937472, Note_on_c, 1, 69, 0
4, 937984, Note_on_c, 1, 74, 0
4, 937984, Note_on_c, 1, 76, 96
4, 938496, Note_on_c, 1, 76, 0
4, 938496, Note_on_c, 1, 78, 96
4, 938496, Note_on_c, 1, 69, 96
4, 938752, Note_on_c, 1, 69, 0
4, 939008, Note_on_c, 1, 78, 0
4, 939008, Note_on_c, 1, 79, 96
4, 939008, Note_on_c, 1, 69, 96
4, 939520, Note_on_c, 1, 79, 0
4, 939520, Note_on_c, 1, 73, 96
4, 939520, Note_on_c, 1, 69, 0
4, 940032, Note_on_c, 1, 73, 0
4, 940032, Note_on_c, 1, 74, 96
4, 940544, Note_on_c, 1, 74, 0
4, 940544, Note_on_c, 1, 76, 96
4, 940544, Note_on_c, 1, 69, 96
4, 940800, Note_on_c, 1, 69, 0
4, 941056, Note_on_c, 1, 76, 0
4, 941056, Note_on_c, 1, 74, 96
4, 941056, Note_on_c, 1, 69, 96
4, 941568, Note_on_c, 1, 74, 0
4, 941568, Note_on_c, 1, 76, 96
4, 941568, Note_on_c, 1, 69, 0
4, 942080, Note_on_c, 1, 76, 0
4, 942080, Note_on_c, 1, 78, 96
4, 942592, Note_on_c, 1, 78, 0
4, 942592, Note_on_c, 1, 79, 96
4, 942592, Note_on_c, 1, 67, 96
4, 943616, Note_on_c, 1, 79, 0
4, 943616, Note_on_c, 1, 78, 97
4, 943616, Note_on_c, 1, 67, 0
4, 943616, Note_on_c, 1, 66, 97
4, 944128, Note_on_c, 1, 78, 0
4, 944128, Note_on_c, 1, 79, 98
4, 944128, Note_on_c, 1, 66, 0
4, 944128, Note_on_c, 1, 67, 98
4, 944640, Note_on_c, 1, 79, 0
4, 944640, Note_on_c, 1, 76, 100
4, 944640, Note_on_c, 1, 67, 0
4, 944640, Note_on_c, 1, 64, 100
4, 945152, Note_on_c, 1, 76, 0
4, 945152, Note_on_c, 1, 74, 101
4, 945152, Note_on_c, 1, 64, 0
4, 945152, Note_on_c, 1, 62, 101
4, 945664, Note_on_c, 1, 74, 0
4, 945664, Note_on_c, 1, 73, 102
4, 945664, Note_on_c, 1, 62, 0
4, 945664, Note_on_c, 1, 73, 102
4, 946176, Note_on_c, 1, 73, 0
4, 946176, Note_on_c, 1, 76, 103
4, 946176, Note_on_c, 1, 73, 0
4, 946176, Note_on_c, 1, 76, 103
4, 946688, Note_on_c, 1, 76, 0
4, 946688, Note_on_c, 1, 74, 103
4, 946688, Note_on_c, 1, 76, 0
4, 946688, Note_on_c, 1, 74, 103
4, 947200, Note_on_c, 1, 74, 0
4, 947200, Note_on_c, 1, 74, 0
4, 947200, Note_on_c, 1, 81, 103
4, 947200, Note_on_c, 1, 74, 103
4, 947712, Note_on_c, 1, 81, 0
4, 948224, Note_on_c, 1, 74, 0
4, 948224, Note_on_c, 1, 75, 102
4, 948736, Note_on_c, 1, 81, 101
4, 948992, Note_on_c, 1, 81, 0
4, 949248, Note_on_c, 1, 81, 100
4, 949248, Note_on_c, 1, 75, 0
4, 949248, Note_on_c, 1, 76, 100
4, 949760, Note_on_c, 1, 81, 0
4, 950272, Note_on_c, 1, 76, 0
4, 950272, Note_on_c, 1, 78, 98
4, 950784, Note_on_c, 1, 81, 97
4, 951040, Note_on_c, 1, 81, 0
4, 951296, Note_on_c, 1, 78, 0
4, 951296, Note_on_c, 1, 83, 96
4, 951296, Note_on_c, 1, 78, 96
4, 951808, Note_on_c, 1, 83, 0
4, 952320, Note_on_c, 1, 78, 0
4, 952320, Note_on_c, 1, 76, 96
4, 952832, Note_on_c, 1, 83, 96
4, 953088, Note_on_c, 1, 83, 0
4, 953344, Note_on_c, 1, 83, 96
4, 953344, Note_on_c, 1, 76, 0
4, 953344, Note_on_c, 1, 69, 96
4, 953856, Note_on_c, 1, 83, 0
4, 954368, Note_on_c, 1, 69, 0
4, 954368, Note_on_c, 1, 71, 96
4, 954880, Note_on_c, 1, 85, 96
4, 954880, Note_on_c, 1, 71, 0
4, 954880, Note_on_c, 1, 67, 96
4, 955392, Note_on_c, 1, 85, 0
4, 955392, Note_on_c, 1, 67, 0
4, 955392, Note_on_c, 1, 86, 96
4, 955392, Note_on_c, 1, 66, 96
4, 955904, Note_on_c, 1, 86, 0
4, 955904, Note_on_c, 1, 81, 96
4, 956416, Note_on_c, 1, 81, 0
4, 956416, Note_on_c, 1, 83, 96
4, 956416, Note_on_c, 1, 66, 0
4, 956928, Note_on_c, 1, 83, 0
4, 956928, Note_on_c, 1, 81, 95
4, 956928, Note_on_c, 1, 66, 95
4, 957440, Note_on_c, 1, 81, 0
4, 957440, Note_on_c, 1, 79, 95
4, 957440, Note_on_c, 1, 66, 0
4, 957440, Note_on_c, 1, 67, 95
4, 957952, Note_on_c, 1, 79, 0
4, 957952, Note_on_c, 1, 78, 95
4, 958464, Note_on_c, 1, 78, 0
4, 958464, Note_on_c, 1, 76, 95
4, 958464, Note_on_c, 1, 67, 0
4, 958464, Note_on_c, 1, 69, 95
4, 958976, Note_on_c, 1, 76, 0
4, 958976, Note_on_c, 1, 74, 95
4, 958976, Note_on_c, 1, 69, 0
4, 958976, Note_on_c, 1, 62, 95
4, 959488, Note_on_c, 1, 74, 0
4, 959488, Note_on_c, 1, 62, 0
4, 959488, Note_on_c, 1, 79, 95
4, 959488, Note_on_c, 1, 67, 95
4, 960512, Note_on_c, 1, 67, 0
4, 960512, Note_on_c, 1, 73, 95
4, 961024, Note_on_c, 1, 79, 0
4, 961024, Note_on_c, 1, 78, 95
4, 961024, Note_on_c, 1, 73, 0
4, 961024, Note_on_c, 1, 74, 95
4, 961536, Note_on_c, 1, 78, 0
4, 961536, Note_on_c, 1, 74, 95
4, 961536, Note_on_c, 1, 78, 95
4, 961536, Note_on_c, 1, 74, 0
4, 962048, Note_on_c, 1, 74, 0
4, 962048, Note_on_c, 1, 78, 0
4, 963072, Note_on_c, 1, 74, 94
4, 963072, Note_on_c, 1, 78, 94
4, 963482, Note_on_c, 1, 74, 0
4, 963482, Note_on_c, 1, 78, 0
4, 963584, Note_on_c, 1, 76, 94
4, 963584, Note_on_c, 1, 85, 94
4, 964096, Note_on_c, 1, 76, 0
4, 964096, Note_on_c, 1, 85, 0
4, 965120, Note_on_c, 1, 78, 94
4, 965120, Note_on_c, 1, 86, 94
4, 965530, Note_on_c, 1, 78, 0
4, 965530, Note_on_c, 1, 86, 0
4, 965632, Note_on_c, 1, 78, 94
4, 965632, Note_on_c, 1, 86, 94
4, 966144, Note_on_c, 1, 78, 0
4, 966144, Note_on_c, 1, 86, 0
4, 967168, Note_on_c, 1, 74, 94
4, 967168, Note_on_c, 1, 78, 94
4, 967578, Note_on_c, 1, 74, 0
4, 967578, Note_on_c, 1, 78, 0
4, 967680, Note_on_c, 1, 74, 98
4, 967680, Note_on_c, 1, 78, 98
4, 968192, Note_on_c, 1, 74, 0
4, 968192, Note_on_c, 1, 78, 0
4, 969216, Note_on_c, 1, 74, 95
4, 969216, Note_on_c, 1, 79, 95
4, 969626, Note_on_c, 1, 74, 0
4, 969626, Note_on_c, 1, 79, 0
4, 969728, Note_on_c, 1, 74, 94
4, 969728, Note_on_c, 1, 79, 94
4, 970240, Note_on_c, 1, 74, 0
4, 970240, Note_on_c, 1, 79, 0
4, 971264, Note_on_c, 1, 76, 97
4, 971264, Note_on_c, 1, 79, 97
4, 971674, Note_on_c, 1, 76, 0
4, 971674, Note_on_c, 1, 79, 0
4, 971776, Note_on_c, 1, 76, 101
4, 971776, Note_on_c, 1, 79, 101
4, 972288, Note_on_c, 1, 76, 0
4, 972288, Note_on_c, 1, 79, 0
4, 973312, Note_on_c, 1, 76, 99
4, 973312, Note_on_c, 1, 79, 99
4, 973722, Note_on_c, 1, 76, 0
4, 973722, Note_on_c, 1, 79, 0
4, 973824, Note_on_c, 1, 76, 97
4, 973824, Note_on_c, 1, 79, 97
4, 974336, Note_on_c, 1, 76, 0
4, 974336, Note_on_c, 1, 79, 0
4, 975360, Note_on_c, 1, 76, 99
4, 975360, Note_on_c, 1, 79, 99
4, 975770, Note_on_c, 1, 76, 0
4, 975770, Note_on_c, 1, 79, 0
4, 975872, Note_on_c, 1, 74, 101
4, 975872, Note_on_c, 1, 78, 101
4, 976384, Note_on_c, 1, 74, 0
4, 976384, Note_on_c, 1, 78, 0
4, 977408, Note_on_c, 1, 69, 94
4, 977408, Note_on_c, 1, 81, 94
4, 977818, Note_on_c, 1, 69, 0
4, 977818, Note_on_c, 1, 81, 0
4, 977920, Note_on_c, 1, 62, 90
4, 977920, Note_on_c, 1, 74, 90
4, 978432, Note_on_c, 1, 62, 0
4, 978432, Note_on_c, 1, 74, 0
4, 1045504, Note_on_c, 1, 73, 96
4, 1045504, Note_on_c, 1, 76, 96
4, 1046252, Note_on_c, 1, 73, 0
4, 1046252, Note_on_c, 1, 76, 0
4, 1046528, Note_on_c, 1, 73, 93
4, 1046528, Note_on_c, 1, 76, 93
4, 1047276, Note_on_c, 1, 73, 0
4, 1047276, Note_on_c, 1, 76, 0
4, 1047552, Note_on_c, 1, 74, 93
4, 1047552, Note_on_c, 1, 78, 93
4, 1048300, Note_on_c, 1, 74, 0
4, 1048300, Note_on_c, 1, 78, 0
4, 1048576, Note_on_c, 1, 66, 93
4, 1048576, Note_on_c, 1, 74, 93
4, 1049324, Note_on_c, 1, 66, 0
4, 1049324, Note_on_c, 1, 74, 0
4, 1049600, Note_on_c, 1, 73, 93
4, 1049600, Note_on_c, 1, 76, 93
4, 1050624, Note_on_c, 1, 73, 0
4, 1050624, Note_on_c, 1, 76, 0
4, 1050624, Note_on_c, 1, 74, 93
4, 1050624, Note_on_c, 1, 78, 93
4, 1051136, Note_on_c, 1, 74, 0
4, 1051136, Note_on_c, 1, 78, 0
4, 1051136, Note_on_c, 1, 76, 93
4, 1051136, Note_on_c, 1, 79, 93
4, 1051648, Note_on_c, 1, 76, 0
4, 1051648, Note_on_c, 1, 79, 0
4, 1051648, Note_on_c, 1, 74, 93
4, 1051648, Note_on_c, 1, 78, 93
4, 1052396, Note_on_c, 1, 74, 0
4, 1052396, Note_on_c, 1, 78, 0
4, 1052672, Note_on_c, 1, 69, 94
4, 1052672, Note_on_c, 1, 74, 94
4, 1053420, Note_on_c, 1, 69, 0
4, 1053420, Note_on_c, 1, 74, 0
4, 1053696, Note_on_c, 1, 73, 94
4, 1053696, Note_on_c, 1, 76, 94
4, 1054720, Note_on_c, 1, 73, 0
4, 1054720, Note_on_c, 1, 76, 0
4, 1054720, Note_on_c, 1, 74, 94
4, 1054720, Note_on_c, 1, 78, 94
4, 1055232, Note_on_c, 1, 74, 0
4, 1055232, Note_on_c, 1, 78, 0
4, 1055232, Note_on_c, 1, 76, 94
4, 1055232, Note_on_c, 1, 79, 94
4, 1055744, Note_on_c, 1, 76, 0
4, 1055744, Note_on_c, 1, 79, 0
4, 1055744, Note_on_c, 1, 73, 94
4, 1055744, Note_on_c, 1, 78, 94
4, 1056492, Note_on_c, 1, 73, 0
4, 1056492, Note_on_c, 1, 78, 0
4, 1056768, Note_on_c, 1, 73, 94
4, 1056768, Note_on_c, 1, 76, 94
4, 1057516, Note_on_c, 1, 73, 0
4, 1057516, Note_on_c, 1, 76, 0
4, 1057792, Note_on_c, 1, 71, 94
4, 1057792, Note_on_c, 1, 74, 94
4, 1058304, Note_on_c, 1, 71, 0
4, 1058304, Note_on_c, 1, 74, 0
4, 1058816, Note_on_c, 1, 68, 97
4, 1058816, Note_on_c, 1, 76, 97
4, 1059328, Note_on_c, 1, 68, 0
4, 1059328, Note_on_c, 1, 76, 0
4, 1059840, Note_on_c, 1, 69, 100
4, 1060352, Note_on_c, 1, 69, 0
4, 1060864, Note_on_c, 1, 74, 103
4, 1060864, Note_on_c, 1, 78, 103
4, 1062912, Note_on_c, 1, 74, 0
4, 1062912, Note_on_c, 1, 78, 0
4, 1062912, Note_on_c, 1, 74, 106
4, 1062912, Note_on_c, 1, 78, 106
4, 1063660, Note_on_c, 1, 74, 0
4, 1063660, Note_on_c, 1, 78, 0
4, 1063936, Note_on_c, 1, 76, 108
4, 1063936, Note_on_c, 1, 79, 108
4, 1064684, Note_on_c, 1, 76, 0
4, 1064684, Note_on_c, 1, 79, 0
4, 1064960, Note_on_c, 1, 78, 107
4, 1064960, Note_on_c, 1, 81, 107
4, 1065708, Note_on_c, 1, 78, 0
4, 1065708, Note_on_c, 1, 81, 0
4, 1065984, Note_on_c, 1, 78, 106
4, 1065984, Note_on_c, 1, 81, 106
4, 1067008, Note_on_c, 1, 78, 0
4, 1067008, Note_on_c, 1, 81, 0
4, 1067008, Note_on_c, 1, 76, 91
4, 1067008, Note_on_c, 1, 79, 91
4, 1068032, Note_on_c, 1, 76, 0
4, 1068032, Note_on_c, 1, 79, 0
4, 1068032, Note_on_c, 1, 74, 76
4, 1068032, Note_on_c, 1, 78, 76
4, 1069056, Note_on_c, 1, 74, 0
4, 1069056, Note_on_c, 1, 78, 0
4, 1069056, Note_on_c, 1, 73, 61
4, 1069056, Note_on_c, 1, 76, 61
4, 1070080, Note_on_c, 1, 73, 0
4, 1070080, Note_on_c, 1, 76, 0
4, 1070080, Note_on_c, 1, 69, 46
4, 1070080, Note_on_c, 1, 74, 46
4, 1070828, Note_on_c, 1, 69, 0
4, 1070828, Note_on_c, 1, 74, 0
4, 1071104, Note_on_c, 1, 69, 42
4, 1071104, Note_on_c, 1, 74, 42
4, 1072128, Note_on_c, 1, 69, 0
4, 1072128, Note_on_c, 1, 74, 0
4, 1072128, Note_on_c, 1, 76, 41
4, 1072128, Note_on_c, 1, 67, 41
4, 1072640, Note_on_c, 1, 67, 0
4, 1072640, Note_on_c, 1, 73, 40
4, 1073152, Note_on_c, 1, 76, 0
4, 1073152, Note_on_c, 1, 73, 0
4, 1073152, Note_on_c, 1, 74, 40
4, 1073152, Note_on_c, 1, 78, 40
4, 1074176, Note_on_c, 1, 74, 0
4, 1074176, Note_on_c, 1, 78, 0
4, 1074176, Note_on_c, 1, 76, 39
4, 1074176, Note_on_c, 1, 73, 39
4, 1075200, Note_on_c, 1, 73, 0
4, 1075200, Note_on_c, 1, 67, 38
4, 1075712, Note_on_c, 1, 76, 0
4, 1075712, Note_on_c, 1, 74, 37
4, 1075712, Note_on_c, 1, 67, 0
4, 1075712, Note_on_c, 1, 66, 37
4, 1076086, Note_on_c, 1, 74, 0
4, 1076086, Note_on_c, 1, 66, 0
4, 1076224, Note_on_c, 1, 66, 37
4, 1076224, Note_on_c, 1, 74, 37
4, 1076972, Note_on_c, 1, 66, 0
4, 1076972, Note_on_c, 1, 74, 0
4, 1077248, Note_on_c, 1, 78, 41
4, 1077248, Note_on_c, 1, 81, 41
4, 1078272, Note_on_c, 1, 78, 0
4, 1078272, Note_on_c, 1, 81, 0
4, 1078272, Note_on_c, 1, 76, 50
4, 1078272, Note_on_c, 1, 79, 50
4, 1079808, Note_on_c, 1, 76, 0
4, 1079808, Note_on_c, 1, 79, 0
4, 1079808, Note_on_c, 1, 74, 45
4, 1079808, Note_on_c, 1, 78, 45
4, 1080182, Note_on_c, 1, 74, 0
4, 1080182, Note_on_c, 1, 78, 0
4, 1080320, Note_on_c, 1, 74, 42
4, 1080320, Note_on_c, 1, 78, 42
4, 1081068, Note_on_c, 1, 74, 0
4, 1081068, Note_on_c, 1, 78, 0
4, 1081344, Note_on_c, 1, 83, 41
4, 1081344, Note_on_c, 1, 86, 41
4, 1082368, Note_on_c, 1, 83, 0
4, 1082368, Note_on_c, 1, 86, 0
4, 1082368, Note_on_c, 1, 81, 51
4, 1082368, Note_on_c, 1, 84, 51
4, 1083904, Note_on_c, 1, 81, 0
4, 1083904, Note_on_c, 1, 84, 0
4, 1083904, Note_on_c, 1, 79, 48
4, 1083904, Note_on_c, 1, 83, 48
4, 1084278, Note_on_c, 1, 79, 0
4, 1084278, Note_on_c, 1, 83, 0
4, 1084416, Note_on_c, 1, 79, 45
4, 1084416, Note_on_c, 1, 83, 45
4, 1085164, Note_on_c, 1, 79, 0
4, 1085164, Note_on_c, 1, 83, 0
4, 1085440, Note_on_c, 1, 71, 41
4, 1085440, Note_on_c, 1, 79, 41
4, 1085952, Note_on_c, 1, 71, 0
4, 1085952, Note_on_c, 1, 79, 0
4, 1085952, Note_on_c, 1, 67, 42
4, 1085952, Note_on_c, 1, 76, 42
4, 1086464, Note_on_c, 1, 67, 0
4, 1086464, Note_on_c, 1, 76, 0
4, 1086464, Note_on_c, 1, 66, 43
4, 1086464, Note_on_c, 1, 74, 43
4, 1086976, Note_on_c, 1, 66, 0
4, 1086976, Note_on_c, 1, 74, 0
4, 1086976, Note_on_c, 1, 64, 44
4, 1086976, Note_on_c, 1, 73, 44
4, 1087488, Note_on_c, 1, 64, 0
4, 1087488, Note_on_c, 1, 73, 0
4, 1087488, Note_on_c, 1, 67, 46
4, 1087488, Note_on_c, 1, 76, 46
4, 1088000, Note_on_c, 1, 67, 0
4, 1088000, Note_on_c, 1, 76, 0
4, 1088000, Note_on_c, 1, 64, 47
4, 1088000, Note_on_c, 1, 73, 47
4, 1088512, Note_on_c, 1, 64, 0
4, 1088512, Note_on_c, 1, 73, 0
4, 1088512, Note_on_c, 1, 62, 46
4, 1088512, Note_on_c, 1, 71, 46
4, 1089024, Note_on_c, 1, 62, 0
4, 1089024, Note_on_c, 1, 71, 0
4, 1089024, Note_on_c, 1, 61, 45
4, 1089024, Note_on_c, 1, 69, 45
4, 1089536, Note_on_c, 1, 61, 0
4, 1089536, Note_on_c, 1, 69, 0
4, 1089536, Note_on_c, 1, 62, 44
4, 1089536, Note_on_c, 1, 71, 44
4, 1090048, Note_on_c, 1, 62, 0
4, 1090048, Note_on_c, 1, 71, 0
4, 1090048, Note_on_c, 1, 64, 43
4, 1090048, Note_on_c, 1, 73, 43
4, 1090560, Note_on_c, 1, 64, 0
4, 1090560, Note_on_c, 1, 73, 0
4, 1090560, Note_on_c, 1, 66, 42
4, 1090560, Note_on_c, 1, 74, 42
4, 1091072, Note_on_c, 1, 66, 0
4, 1091072, Note_on_c, 1, 74, 0
4, 1091072, Note_on_c, 1, 69, 41
4, 1091072, Note_on_c, 1, 78, 41
4, 1091584, Note_on_c, 1, 69, 0
4, 1091584, Note_on_c, 1, 78, 0
4, 1091584, Note_on_c, 1, 67, 40
4, 1091584, Note_on_c, 1, 76, 40
4, 1092096, Note_on_c, 1, 67, 0
4, 1092096, Note_on_c, 1, 76, 0
4, 1092096, Note_on_c, 1, 64, 39
4, 1092096, Note_on_c, 1, 73, 39
4, 1092608, Note_on_c, 1, 64, 0
4, 1092608, Note_on_c, 1, 73, 0
4, 1092608, Note_on_c, 1, 66, 38
4, 1092608, Note_on_c, 1, 74, 38
4, 1092982, Note_on_c, 1, 66, 0
4, 1092982, Note_on_c, 1, 74, 0
4, 1093120, Note_on_c, 1, 69, 37
4, 1093632, Note_on_c, 1, 69, 0
4, 1093632, Note_on_c, 1, 71, 37
4, 1094144, Note_on_c, 1, 71, 0
4, 1094144, Note_on_c, 1, 73, 37
4, 1094656, Note_on_c, 1, 73, 0
4, 1094656, Note_on_c, 1, 74, 37
4, 1095168, Note_on_c, 1, 74, 0
4, 1095168, Note_on_c, 1, 76, 37
4, 1095542, Note_on_c, 1, 76, 0
4, 1095680, Note_on_c, 1, 73, 37
4, 1096192, Note_on_c, 1, 73, 0
4, 1096192, Note_on_c, 1, 74, 37
4, 1096566, Note_on_c, 1, 74, 0
4, 1096704, Note_on_c, 1, 76, 37
4, 1097216, Note_on_c, 1, 76, 0
4, 1097216, Note_on_c, 1, 78, 37
4, 1097590, Note_on_c, 1, 78, 0
4, 1097728, Note_on_c, 1, 79, 37
4, 1098240, Note_on_c, 1, 79, 0
4, 1098240, Note_on_c, 1, 78, 37
4, 1098614, Note_on_c, 1, 78, 0
4, 1098752, Note_on_c, 1, 78, 37
4, 1099264, Note_on_c, 1, 78, 0
4, 1099264, Note_on_c, 1, 76, 37
4, 1099638, Note_on_c, 1, 76, 0
4, 1099776, Note_on_c, 1, 79, 37
4, 1100288, Note_on_c, 1, 79, 0
4, 1100288, Note_on_c, 1, 76, 37
4, 1100662, Note_on_c, 1, 76, 0
4, 1100800, Note_on_c, 1, 74, 37
4, 1101312, Note_on_c, 1, 74, 0
4, 1101312, Note_on_c, 1, 73, 37
4, 1101686, Note_on_c, 1, 73, 0
4, 1101824, Note_on_c, 1, 76, 37
4, 1102336, Note_on_c, 1, 76, 0
4, 1102336, Note_on_c, 1, 67, 37
4, 1102710, Note_on_c, 1, 67, 0
4, 1102848, Note_on_c, 1, 66, 37
4, 1103596, Note_on_c, 1, 66, 0
4, 1108992, Note_on_c, 1, 79, 36
4, 1109504, Note_on_c, 1, 79, 0
4, 1109504, Note_on_c, 1, 78, 36
4, 1109878, Note_on_c, 1, 78, 0
4, 1110016, Note_on_c, 1, 81, 36
4, 1110528, Note_on_c, 1, 81, 0
4, 1110528, Note_on_c, 1, 79, 36
4, 1110902, Note_on_c, 1, 79, 0
4, 1111040, Note_on_c, 1, 78, 36
4, 1111552, Note_on_c, 1, 78, 0
4, 1111552, Note_on_c, 1, 79, 36
4, 1112064, Note_on_c, 1, 79, 0
4, 1112064, Note_on_c, 1, 80, 36
4, 1112576, Note_on_c, 1, 80, 0
4, 1112576, Note_on_c, 1, 81, 36
4, 1113088, Note_on_c, 1, 81, 0
4, 1113088, Note_on_c, 1, 80, 36
4, 1113600, Note_on_c, 1, 80, 0
4, 1113600, Note_on_c, 1, 81, 36
4, 1114112, Note_on_c, 1, 81, 0
4, 1114112, Note_on_c, 1, 83, 36
4, 1114624, Note_on_c, 1, 83, 0
4, 1114624, Note_on_c, 1, 81, 36
4, 1115136, Note_on_c, 1, 81, 0
4, 1115136, Note_on_c, 1, 81, 36
4, 1115648, Note_on_c, 1, 81, 0
4, 1115648, Note_on_c, 1, 79, 36
4, 1116160, Note_on_c, 1, 79, 0
4, 1116160, Note_on_c, 1, 83, 36
4, 1116672, Note_on_c, 1, 83, 0
4, 1116672, Note_on_c, 1, 79, 36
4, 1117184, Note_on_c, 1, 79, 0
4, 1117184, Note_on_c, 1, 78, 36
4, 1117696, Note_on_c, 1, 78, 0
4, 1117696, Note_on_c, 1, 76, 36
4, 1118208, Note_on_c, 1, 76, 0
4, 1118208, Note_on_c, 1, 79, 36
4, 1118720, Note_on_c, 1, 79, 0
4, 1118720, Note_on_c, 1, 76, 36
4, 1119232, Note_on_c, 1, 76, 0
4, 1119232, Note_on_c, 1, 66, 36
4, 1119744, Note_on_c, 1, 66, 0
4, 1119744, Note_on_c, 1, 67, 36
4, 1120118, Note_on_c, 1, 67, 0
4, 1120256, Note_on_c, 1, 69, 36
4, 1120768, Note_on_c, 1, 69, 0
4, 1120768, Note_on_c, 1, 71, 35
4, 1121142, Note_on_c, 1, 71, 0
4, 1121280, Note_on_c, 1, 73, 35
4, 1121792, Note_on_c, 1, 73, 0
4, 1121792, Note_on_c, 1, 74, 35
4, 1122166, Note_on_c, 1, 74, 0
4, 1122304, Note_on_c, 1, 76, 35
4, 1122816, Note_on_c, 1, 76, 0
4, 1122816, Note_on_c, 1, 78, 35
4, 1123190, Note_on_c, 1, 78, 0
4, 1123328, Note_on_c, 1, 74, 35
4, 1123840, Note_on_c, 1, 74, 0
4, 1123840, Note_on_c, 1, 73, 35
4, 1124214, Note_on_c, 1, 73, 0
4, 1124352, Note_on_c, 1, 71, 35
4, 1124864, Note_on_c, 1, 71, 0
4, 1124864, Note_on_c, 1, 73, 35
4, 1125238, Note_on_c, 1, 73, 0
4, 1125376, Note_on_c, 1, 74, 35
4, 1125888, Note_on_c, 1, 74, 0
4, 1125888, Note_on_c, 1, 69, 35
4, 1126262, Note_on_c, 1, 69, 0
4, 1126400, Note_on_c, 1, 79, 35
4, 1126912, Note_on_c, 1, 79, 0
4, 1126912, Note_on_c, 1, 78, 35
4, 1127286, Note_on_c, 1, 78, 0
4, 1127424, Note_on_c, 1, 74, 35
4, 1127936, Note_on_c, 1, 74, 0
4, 1127936, Note_on_c, 1, 73, 35
4, 1128310, Note_on_c, 1, 73, 0
4, 1128448, Note_on_c, 1, 71, 35
4, 1128960, Note_on_c, 1, 71, 0
4, 1128960, Note_on_c, 1, 73, 35
4, 1129334, Note_on_c, 1, 73, 0
4, 1131520, Note_on_c, 1, 74, 35
4, 1132032, Note_on_c, 1, 74, 0
4, 1132032, Note_on_c, 1, 73, 35
4, 1132406, Note_on_c, 1, 73, 0
4, 1132544, Note_on_c, 1, 71, 35
4, 1133056, Note_on_c, 1, 71, 0
4, 1133056, Note_on_c, 1, 73, 35
4, 1133430, Note_on_c, 1, 73, 0
4, 1136640, Note_on_c, 1, 74, 35
4, 1137152, Note_on_c, 1, 74, 0
4, 1137152, Note_on_c, 1, 76, 35
4, 1137526, Note_on_c, 1, 76, 0
4, 1138688, Note_on_c, 1, 78, 35
4, 1139200, Note_on_c, 1, 78, 0
4, 1139200, Note_on_c, 1, 76, 35
4, 1139456, Note_on_c, 1, 76, 0
4, 1140736, Note_on_c, 1, 74, 36
4, 1141248, Note_on_c, 1, 74, 0
4, 1141248, Note_on_c, 1, 76, 36
4, 1141504, Note_on_c, 1, 76, 0
4, 1141760, Note_on_c, 1, 67, 36
4, 1142272, Note_on_c, 1, 67, 0
4, 1142272, Note_on_c, 1, 64, 36
4, 1142528, Note_on_c, 1, 64, 0
4, 1142784, Note_on_c, 1, 62, 36
4, 1143296, Note_on_c, 1, 62, 0
4, 1143296, Note_on_c, 1, 78, 36
4, 1143552, Note_on_c, 1, 78, 0
4, 1143808, Note_on_c, 1, 78, 37
4, 1144556, Note_on_c, 1, 78, 0
4, 1144832, Note_on_c, 1, 76, 42
4, 1145344, Note_on_c, 1, 76, 0
4, 1145344, Note_on_c, 1, 78, 44
4, 1145718, Note_on_c, 1, 78, 0
4, 1146880, Note_on_c, 1, 83, 50
4, 1147392, Note_on_c, 1, 83, 0
4, 1147392, Note_on_c, 1, 81, 52
4, 1147766, Note_on_c, 1, 81, 0
4, 1148928, Note_on_c, 1, 83, 59
4, 1149440, Note_on_c, 1, 83, 0
4, 1149440, Note_on_c, 1, 79, 61
4, 1149814, Note_on_c, 1, 79, 0
4, 1150976, Note_on_c, 1, 79, 67
4, 1151488, Note_on_c, 1, 79, 0
4, 1151488, Note_on_c, 1, 76, 70
4, 1151862, Note_on_c, 1, 76, 0
4, 1153024, Note_on_c, 1, 73, 76
4, 1153536, Note_on_c, 1, 73, 0
4, 1153536, Note_on_c, 1, 74, 78
4, 1153910, Note_on_c, 1, 74, 0
4, 1159168, Note_on_c, 1, 76, 89
4, 1159168, Note_on_c, 1, 79, 89
4, 1159680, Note_on_c, 1, 76, 0
4, 1159680, Note_on_c, 1, 79, 0
4, 1159680, Note_on_c, 1, 74, 89
4, 1159680, Note_on_c, 1, 78, 89
4, 1160054, Note_on_c, 1, 74, 0
4, 1160054, Note_on_c, 1, 78, 0
4, 1160192, Note_on_c, 1, 74, 89
4, 1160192, Note_on_c, 1, 78, 89
4, 1160704, Note_on_c, 1, 74, 0
4, 1160704, Note_on_c, 1, 78, 0
4, 1160704, Note_on_c, 1, 73, 89
4, 1160704, Note_on_c, 1, 76, 89
4, 1161078, Note_on_c, 1, 73, 0
4, 1161078, Note_on_c, 1, 76, 0
4, 1161216, Note_on_c, 1, 71, 89
4, 1161216, Note_on_c, 1, 74, 89
4, 1161728, Note_on_c, 1, 71, 0
4, 1161728, Note_on_c, 1, 74, 0
4, 1161728, Note_on_c, 1, 73, 89
4, 1161728, Note_on_c, 1, 76, 89
4, 1162102, Note_on_c, 1, 73, 0
4, 1162102, Note_on_c, 1, 76, 0
4, 1162240, Note_on_c, 1, 76, 90
4, 1162240, Note_on_c, 1, 79, 90
4, 1162752, Note_on_c, 1, 76, 0
4, 1162752, Note_on_c, 1, 79, 0
4, 1162752, Note_on_c, 1, 74, 90
4, 1162752, Note_on_c, 1, 78, 90
4, 1163126, Note_on_c, 1, 74, 0
4, 1163126, Note_on_c, 1, 78, 0
4, 1163264, Note_on_c, 1, 67, 90
4, 1163264, Note_on_c, 1, 76, 90
4, 1163776, Note_on_c, 1, 67, 0
4, 1163776, Note_on_c, 1, 76, 0
4, 1163776, Note_on_c, 1, 66, 90
4, 1163776, Note_on_c, 1, 74, 90
4, 1164150, Note_on_c, 1, 66, 0
4, 1164150, Note_on_c, 1, 74, 0
4, 1164288, Note_on_c, 1, 74, 90
4, 1164288, Note_on_c, 1, 78, 90
4, 1164800, Note_on_c, 1, 74, 0
4, 1164800, Note_on_c, 1, 78, 0
4, 1164800, Note_on_c, 1, 73, 90
4, 1164800, Note_on_c, 1, 76, 90
4, 1165174, Note_on_c, 1, 73, 0
4, 1165174, Note_on_c, 1, 76, 0
4, 1165312, Note_on_c, 1, 71, 91
4, 1165312, Note_on_c, 1, 74, 91
4, 1165824, Note_on_c, 1, 71, 0
4, 1165824, Note_on_c, 1, 74, 0
4, 1165824, Note_on_c, 1, 73, 91
4, 1165824, Note_on_c, 1, 76, 91
4, 1166198, Note_on_c, 1, 73, 0
4, 1166198, Note_on_c, 1, 76, 0
4, 1166336, Note_on_c, 1, 76, 91
4, 1166336, Note_on_c, 1, 79, 91
4, 1166848, Note_on_c, 1, 76, 0
4, 1166848, Note_on_c, 1, 79, 0
4, 1166848, Note_on_c, 1, 74, 91
4, 1166848, Note_on_c, 1, 78, 91
4, 1167222, Note_on_c, 1, 74, 0
4, 1167222, Note_on_c, 1, 78, 0
4, 1167360, Note_on_c, 1, 67, 91
4, 1167360, Note_on_c, 1, 76, 91
4, 1167872, Note_on_c, 1, 67, 0
4, 1167872, Note_on_c, 1, 76, 0
4, 1167872, Note_on_c, 1, 66, 91
4, 1167872, Note_on_c, 1, 74, 91
4, 1168246, Note_on_c, 1, 66, 0
4, 1168246, Note_on_c, 1, 74, 0
4, 1168384, Note_on_c, 1, 74, 91
4, 1168384, Note_on_c, 1, 78, 91
4, 1168896, Note_on_c, 1, 74, 0
4, 1168896, Note_on_c, 1, 78, 0
4, 1168896, Note_on_c, 1, 73, 92
4, 1168896, Note_on_c, 1, 76, 92
4, 1169270, Note_on_c, 1, 73, 0
4, 1169270, Note_on_c, 1, 76, 0
4, 1169408, Note_on_c, 1, 71, 92
4, 1169408, Note_on_c, 1, 74, 92
4, 1169920, Note_on_c, 1, 71, 0
4, 1169920, Note_on_c, 1, 74, 0
4, 1169920, Note_on_c, 1, 73, 93
4, 1169920, Note_on_c, 1, 76, 93
4, 1170294, Note_on_c, 1, 73, 0
4, 1170294, Note_on_c, 1, 76, 0
4, 1170432, Note_on_c, 1, 76, 94
4, 1170432, Note_on_c, 1, 79, 94
4, 1170944, Note_on_c, 1, 76, 0
4, 1170944, Note_on_c, 1, 79, 0
4, 1170944, Note_on_c, 1, 74, 94
4, 1170944, Note_on_c, 1, 78, 94
4, 1171318, Note_on_c, 1, 74, 0
4, 1171318, Note_on_c, 1, 78, 0
4, 1171456, Note_on_c, 1, 74, 95
4, 1171456, Note_on_c, 1, 78, 95
4, 1171968, Note_on_c, 1, 74, 0
4, 1171968, Note_on_c, 1, 78, 0
4, 1171968, Note_on_c, 1, 73, 95
4, 1171968, Note_on_c, 1, 76, 95
4, 1172342, Note_on_c, 1, 73, 0
4, 1172342, Note_on_c, 1, 76, 0
4, 1172480, Note_on_c, 1, 73, 96
4, 1172480, Note_on_c, 1, 76, 96
4, 1172992, Note_on_c, 1, 73, 0
4, 1172992, Note_on_c, 1, 76, 0
4, 1172992, Note_on_c, 1, 71, 96
4, 1172992, Note_on_c, 1, 74, 96
4, 1173366, Note_on_c, 1, 71, 0
4, 1173366, Note_on_c, 1, 74, 0
4, 1173504, Note_on_c, 1, 71, 97
4, 1173504, Note_on_c, 1, 74, 97
4, 1174016, Note_on_c, 1, 71, 0
4, 1174016, Note_on_c, 1, 74, 0
4, 1174016, Note_on_c, 1, 68, 97
4, 1174016, Note_on_c, 1, 76, 97
4, 1174390, Note_on_c, 1, 68, 0
4, 1174390, Note_on_c, 1, 76, 0
4, 1174528, Note_on_c, 1, 69, 98
4, 1175040, Note_on_c, 1, 69, 0
4, 1175040, Note_on_c, 1, 76, 98
4, 1175040, Note_on_c, 1, 79, 98
4, 1175414, Note_on_c, 1, 76, 0
4, 1175414, Note_on_c, 1, 79, 0
4, 1175552, Note_on_c, 1, 74, 99
4, 1175552, Note_on_c, 1, 78, 99
4, 1176064, Note_on_c, 1, 74, 0
4, 1176064, Note_on_c, 1, 78, 0
4, 1176064, Note_on_c, 1, 73, 99
4, 1176064, Note_on_c, 1, 76, 99
4, 1176438, Note_on_c, 1, 73, 0
4, 1176438, Note_on_c, 1, 76, 0
4, 1176576, Note_on_c, 1, 74, 99
4, 1176576, Note_on_c, 1, 78, 99
4, 1177088, Note_on_c, 1, 74, 0
4, 1177088, Note_on_c, 1, 78, 0
4, 1177088, Note_on_c, 1, 76, 99
4, 1177088, Note_on_c, 1, 79, 99
4, 1177462, Note_on_c, 1, 76, 0
4, 1177462, Note_on_c, 1, 79, 0
4, 1177600, Note_on_c, 1, 73, 99
4, 1177600, Note_on_c, 1, 76, 99
4, 1178112, Note_on_c, 1, 73, 0
4, 1178112, Note_on_c, 1, 76, 0
4, 1178112, Note_on_c, 1, 74, 99
4, 1178112, Note_on_c, 1, 78, 99
4, 1178486, Note_on_c, 1, 74, 0
4, 1178486, Note_on_c, 1, 78, 0
4, 1178624, Note_on_c, 1, 76, 99
4, 1178624, Note_on_c, 1, 79, 99
4, 1179136, Note_on_c, 1, 76, 0
4, 1179136, Note_on_c, 1, 79, 0
4, 1179136, Note_on_c, 1, 78, 99
4, 1179136, Note_on_c, 1, 81, 99
4, 1179510, Note_on_c, 1, 78, 0
4, 1179510, Note_on_c, 1, 81, 0
4, 1179648, Note_on_c, 1, 79, 99
4, 1179648, Note_on_c, 1, 83, 99
4, 1180160, Note_on_c, 1, 79, 0
4, 1180160, Note_on_c, 1, 83, 0
4, 1180160, Note_on_c, 1, 78, 99
4, 1180160, Note_on_c, 1, 81, 99
4, 1180534, Note_on_c, 1, 78, 0
4, 1180534, Note_on_c, 1, 81, 0
4, 1180672, Note_on_c, 1, 72, 99
4, 1180672, Note_on_c, 1, 81, 99
4, 1181184, Note_on_c, 1, 72, 0
4, 1181184, Note_on_c, 1, 81, 0
4, 1181184, Note_on_c, 1, 71, 99
4, 1181184, Note_on_c, 1, 79, 99
4, 1181558, Note_on_c, 1, 71, 0
4, 1181558, Note_on_c, 1, 79, 0
4, 1181696, Note_on_c, 1, 74, 99
4, 1181696, Note_on_c, 1, 83, 99
4, 1182208, Note_on_c, 1, 74, 0
4, 1182208, Note_on_c, 1, 83, 0
4, 1182208, Note_on_c, 1, 71, 99
4, 1182208, Note_on_c, 1, 79, 99
4, 1182582, Note_on_c, 1, 71, 0
4, 1182582, Note_on_c, 1, 79, 0
4, 1182720, Note_on_c, 1, 74, 99
4, 1182720, Note_on_c, 1, 78, 99
4, 1183232, Note_on_c, 1, 74, 0
4, 1183232, Note_on_c, 1, 78, 0
4, 1183232, Note_on_c, 1, 73, 99
4, 1183232, Note_on_c, 1, 76, 99
4, 1183606, Note_on_c, 1, 73, 0
4, 1183606, Note_on_c, 1, 76, 0
4, 1183744, Note_on_c, 1, 76, 99
4, 1183744, Note_on_c, 1, 79, 99
4, 1184256, Note_on_c, 1, 76, 0
4, 1184256, Note_on_c, 1, 79, 0
4, 1184256, Note_on_c, 1, 73, 99
4, 1184256, Note_on_c, 1, 76, 99
4, 1184630, Note_on_c, 1, 73, 0
4, 1184630, Note_on_c, 1, 76, 0
4, 1184768, Note_on_c, 1, 67, 100
4, 1184768, Note_on_c, 1, 76, 100
4, 1185280, Note_on_c, 1, 67, 0
4, 1185280, Note_on_c, 1, 76, 0
4, 1185280, Note_on_c, 1, 66, 101
4, 1185280, Note_on_c, 1, 74, 101
4, 1185654, Note_on_c, 1, 66, 0
4, 1185654, Note_on_c, 1, 74, 0
4, 1185792, Note_on_c, 1, 64, 103
4, 1185792, Note_on_c, 1, 73, 103
4, 1186304, Note_on_c, 1, 64, 0
4, 1186304, Note_on_c, 1, 73, 0
4, 1186304, Note_on_c, 1, 66, 105
4, 1186304, Note_on_c, 1, 74, 105
4, 1186678, Note_on_c, 1, 66, 0
4, 1186678, Note_on_c, 1, 74, 0
4, 1186816, Note_on_c, 1, 74, 111
4, 1186816, Note_on_c, 1, 78, 111
4, 1187328, Note_on_c, 1, 74, 0
4, 1187328, Note_on_c, 1, 78, 0
4, 1187328, Note_on_c, 1, 73, 109
4, 1187328, Note_on_c, 1, 76, 109
4, 1187840, Note_on_c, 1, 73, 0
4, 1187840, Note_on_c, 1, 76, 0
4, 1187840, Note_on_c, 1, 76, 109
4, 1187840, Note_on_c, 1, 79, 109
4, 1188214, Note_on_c, 1, 76, 0
4, 1188214, Note_on_c, 1, 79, 0
4, 1188352, Note_on_c, 1, 74, 109
4, 1188352, Note_on_c, 1, 78, 109
4, 1188726, Note_on_c, 1, 74, 0
4, 1188726, Note_on_c, 1, 78, 0
4, 1188864, Note_on_c, 1, 74, 108
4, 1188864, Note_on_c, 1, 78, 108
4, 1189376, Note_on_c, 1, 74, 0
4, 1189376, Note_on_c, 1, 78, 0
4, 1189376, Note_on_c, 1, 73, 108
4, 1189376, Note_on_c, 1, 76, 108
4, 1190124, Note_on_c, 1, 73, 0
4, 1190124, Note_on_c, 1, 76, 0
4, 1190400, Note_on_c, 1, 69, 107
4, 1190400, Note_on_c, 1, 74, 107
4, 1190774, Note_on_c, 1, 69, 0
4, 1190774, Note_on_c, 1, 74, 0
4, 1190912, Note_on_c, 1, 74, 107
4, 1191660, Note_on_c, 1, 74, 0
4, 1191936, Note_on_c, 1, 78, 103
4, 1191936, Note_on_c, 1, 81, 103
4, 1192960, Note_on_c, 1, 78, 0
4, 1192960, Note_on_c, 1, 81, 0
4, 1192960, Note_on_c, 1, 76, 103
4, 1192960, Note_on_c, 1, 79, 103
4, 1194496, Note_on_c, 1, 76, 0
4, 1194496, Note_on_c, 1, 79, 0
4, 1194496, Note_on_c, 1, 74, 103
4, 1194496, Note_on_c, 1, 78, 103
4, 1194870, Note_on_c, 1, 74, 0
4, 1194870, Note_on_c, 1, 78, 0
4, 1195008, Note_on_c, 1, 74, 103
4, 1195008, Note_on_c, 1, 78, 103
4, 1195756, Note_on_c, 1, 74, 0
4, 1195756, Note_on_c, 1, 78, 0
4, 1196032, Note_on_c, 1, 74, 103
4, 1196032, Note_on_c, 1, 86, 103
4, 1197056, Note_on_c, 1, 74, 0
4, 1197056, Note_on_c, 1, 86, 0
4, 1197056, Note_on_c, 1, 81, 103
4, 1197056, Note_on_c, 1, 84, 103
4, 1198592, Note_on_c, 1, 81, 0
4, 1198592, Note_on_c, 1, 84, 0
4, 1198592, Note_on_c, 1, 79, 103
4, 1198592, Note_on_c, 1, 83, 103
4, 1198966, Note_on_c, 1, 79, 0
4, 1198966, Note_on_c, 1, 83, 0
4, 1199104, Note_on_c, 1, 79, 103
4, 1199104, Note_on_c, 1, 83, 103
4, 1199852, Note_on_c, 1, 79, 0
4, 1199852, Note_on_c, 1, 83, 0
4, 1200128, Note_on_c, 1, 79, 103
4, 1200640, Note_on_c, 1, 79, 0
4, 1200640, Note_on_c, 1, 76, 103
4, 1201152, Note_on_c, 1, 76, 0
4, 1201152, Note_on_c, 1, 74, 103
4, 1201664, Note_on_c, 1, 74, 0
4, 1201664, Note_on_c, 1, 73, 103
4, 1202176, Note_on_c, 1, 73, 0
4, 1202176, Note_on_c, 1, 76, 103
4, 1202688, Note_on_c, 1, 76, 0
4, 1202688, Note_on_c, 1, 73, 103
4, 1203200, Note_on_c, 1, 73, 0
4, 1203200, Note_on_c, 1, 71, 103
4, 1203712, Note_on_c, 1, 71, 0
4, 1203712, Note_on_c, 1, 69, 103
4, 1204224, Note_on_c, 1, 69, 0
4, 1204224, Note_on_c, 1, 71, 103
4, 1204736, Note_on_c, 1, 71, 0
4, 1204736, Note_on_c, 1, 73, 103
4, 1205248, Note_on_c, 1, 73, 0
4, 1205248, Note_on_c, 1, 76, 103
4, 1205760, Note_on_c, 1, 76, 0
4, 1205760, Note_on_c, 1, 74, 103
4, 1206272, Note_on_c, 1, 74, 0
4, 1206272, Note_on_c, 1, 78, 103
4, 1206784, Note_on_c, 1, 78, 0
4, 1206784, Note_on_c, 1, 74, 103
4, 1206784, Note_on_c, 1, 86, 103
4, 1207296, Note_on_c, 1, 74, 0
4, 1207296, Note_on_c, 1, 86, 0
4, 1207296, Note_on_c, 1, 73, 103
4, 1207296, Note_on_c, 1, 85, 103
4, 1207808, Note_on_c, 1, 73, 0
4, 1207808, Note_on_c, 1, 85, 0
4, 1207808, Note_on_c, 1, 71, 103
4, 1207808, Note_on_c, 1, 83, 103
4, 1208320, Note_on_c, 1, 71, 0
4, 1208320, Note_on_c, 1, 83, 0
4, 1208320, Note_on_c, 1, 74, 103
4, 1208320, Note_on_c, 1, 86, 103
4, 1208832, Note_on_c, 1, 74, 0
4, 1208832, Note_on_c, 1, 86, 0
4, 1208832, Note_on_c, 1, 71, 103
4, 1208832, Note_on_c, 1, 83, 103
4, 1209344, Note_on_c, 1, 71, 0
4, 1209344, Note_on_c, 1, 83, 0
4, 1209344, Note_on_c, 1, 69, 103
4, 1209344, Note_on_c, 1, 81, 103
4, 1209856, Note_on_c, 1, 69, 0
4, 1209856, Note_on_c, 1, 81, 0
4, 1209856, Note_on_c, 1, 68, 103
4, 1209856, Note_on_c, 1, 80, 103
4, 1210368, Note_on_c, 1, 68, 0
4, 1210368, Note_on_c, 1, 80, 0
4, 1210368, Note_on_c, 1, 71, 104
4, 1210368, Note_on_c, 1, 83, 104
4, 1210880, Note_on_c, 1, 71, 0
4, 1210880, Note_on_c, 1, 83, 0
4, 1210880, Note_on_c, 1, 68, 105
4, 1210880, Note_on_c, 1, 80, 105
4, 1211392, Note_on_c, 1, 68, 0
4, 1211392, Note_on_c, 1, 80, 0
4, 1211392, Note_on_c, 1, 66, 106
4, 1211392, Note_on_c, 1, 78, 106
4, 1211904, Note_on_c, 1, 66, 0
4, 1211904, Note_on_c, 1, 78, 0
4, 1211904, Note_on_c, 1, 64, 107
4, 1211904, Note_on_c, 1, 76, 107
4, 1212416, Note_on_c, 1, 64, 0
4, 1212416, Note_on_c, 1, 76, 0
4, 1212416, Note_on_c, 1, 66, 107
4, 1212416, Note_on_c, 1, 78, 107
4, 1212928, Note_on_c, 1, 66, 0
4, 1212928, Note_on_c, 1, 78, 0
4, 1212928, Note_on_c, 1, 68, 108
4, 1212928, Note_on_c, 1, 80, 108
4, 1213440, Note_on_c, 1, 68, 0
4, 1213440, Note_on_c, 1, 80, 0
4, 1213440, Note_on_c, 1, 69, 109
4, 1213440, Note_on_c, 1, 81, 109
4, 1218048, Note_on_c, 1, 69, 0
4, 1218048, Note_on_c, 1, 81, 0
4, 1218048, Note_on_c, 1, 68, 103
4, 1218048, Note_on_c, 1, 80, 103
4, 1218560, Note_on_c, 1, 68, 0
4, 1218560, Note_on_c, 1, 80, 0
4, 1218560, Note_on_c, 1, 71, 105
4, 1218560, Note_on_c, 1, 83, 105
4, 1219072, Note_on_c, 1, 71, 0
4, 1219072, Note_on_c, 1, 83, 0
4, 1219072, Note_on_c, 1, 68, 106
4, 1219072, Note_on_c, 1, 80, 106
4, 1219584, Note_on_c, 1, 68, 0
4, 1219584, Note_on_c, 1, 80, 0
4, 1219584, Note_on_c, 1, 66, 107
4, 1219584, Note_on_c, 1, 78, 107
4, 1220096, Note_on_c, 1, 66, 0
4, 1220096, Note_on_c, 1, 78, 0
4, 1220096, Note_on_c, 1, 64, 109
4, 1220096, Note_on_c, 1, 76, 109
4, 1220608, Note_on_c, 1, 64, 0
4, 1220608, Note_on_c, 1, 76, 0
4, 1220608, Note_on_c, 1, 66, 110
4, 1220608, Note_on_c, 1, 78, 110
4, 1221120, Note_on_c, 1, 66, 0
4, 1221120, Note_on_c, 1, 78, 0
4, 1221120, Note_on_c, 1, 68, 111
4, 1221120, Note_on_c, 1, 80, 111
4, 1221632, Note_on_c, 1, 68, 0
4, 1221632, Note_on_c, 1, 80, 0
4, 1221632, Note_on_c, 1, 69, 113
4, 1221632, Note_on_c, 1, 81, 113
4, 1224909, Note_on_c, 1, 69, 0
4, 1224909, Note_on_c, 1, 81, 0
4, 1225728, Note_on_c, 1, 69, 114
4, 1225728, Note_on_c, 1, 81, 114
4, 1226752, Note_on_c, 1, 69, 0
4, 1226752, Note_on_c, 1, 81, 0
4, 1227776, Note_on_c, 1, 69, 117
4, 1227776, Note_on_c, 1, 81, 117
4, 1228800, Note_on_c, 1, 69, 0
4, 1228800, Note_on_c, 1, 81, 0
4, 1229824, Note_on_c, 1, 69, 122
4, 1229824, Note_on_c, 1, 81, 122
4, 1238016, Note_on_c, 1, 69, 0
4, 1238016, Note_on_c, 1, 81, 0
4, 1283072, Note_on_c, 1, 65, 35
4, 1283072, Note_on_c, 1, 77, 35
4, 1283446, Note_on_c, 1, 65, 0
4, 1283446, Note_on_c, 1, 77, 0
4, 1283584, Note_on_c, 1, 65, 35
4, 1283584, Note_on_c, 1, 77, 35
4, 1285868, Note_on_c, 1, 65, 0
4, 1285868, Note_on_c, 1, 77, 0
4, 1286144, Note_on_c, 1, 67, 35
4, 1286144, Note_on_c, 1, 79, 35
4, 1286518, Note_on_c, 1, 67, 0
4, 1286518, Note_on_c, 1, 79, 0
4, 1286656, Note_on_c, 1, 69, 35
4, 1286656, Note_on_c, 1, 81, 35
4, 1288192, Note_on_c, 1, 69, 0
4, 1288192, Note_on_c, 1, 81, 0
4, 1288192, Note_on_c, 1, 72, 36
4, 1288192, Note_on_c, 1, 84, 36
4, 1288940, Note_on_c, 1, 72, 0
4, 1288940, Note_on_c, 1, 84, 0
4, 1289216, Note_on_c, 1, 70, 36
4, 1289216, Note_on_c, 1, 82, 36
4, 1289590, Note_on_c, 1, 70, 0
4, 1289590, Note_on_c, 1, 82, 0
4, 1289728, Note_on_c, 1, 70, 36
4, 1289728, Note_on_c, 1, 82, 36
4, 1292012, Note_on_c, 1, 70, 0
4, 1292012, Note_on_c, 1, 82, 0
4, 1292288, Note_on_c, 1, 81, 36
4, 1292288, Note_on_c, 1, 84, 36
4, 1292662, Note_on_c, 1, 81, 0
4, 1292662, Note_on_c, 1, 84, 0
4, 1292800, Note_on_c, 1, 82, 36
4, 1292800, Note_on_c, 1, 86, 36
4, 1295084, Note_on_c, 1, 82, 0
4, 1295084, Note_on_c, 1, 86, 0
4, 1295360, Note_on_c, 1, 82, 37
4, 1295360, Note_on_c, 1, 86, 37
4, 1295734, Note_on_c, 1, 82, 0
4, 1295734, Note_on_c, 1, 86, 0
4, 1295872, Note_on_c, 1, 81, 37
4, 1295872, Note_on_c, 1, 84, 37
4, 1298156, Note_on_c, 1, 81, 0
4, 1298156, Note_on_c, 1, 84, 0
4, 1298432, Note_on_c, 1, 74, 37
4, 1298432, Note_on_c, 1, 82, 37
4, 1298806, Note_on_c, 1, 74, 0
4, 1298806, Note_on_c, 1, 82, 0
4, 1298944, Note_on_c, 1, 81, 37
4, 1298944, Note_on_c, 1, 84, 37
4, 1301228, Note_on_c, 1, 81, 0
4, 1301228, Note_on_c, 1, 84, 0
4, 1301504, Note_on_c, 1, 82, 38
4, 1301504, Note_on_c, 1, 86, 38
4, 1301878, Note_on_c, 1, 82, 0
4, 1301878, Note_on_c, 1, 86, 0
4, 1302016, Note_on_c, 1, 82, 38
4, 1302016, Note_on_c, 1, 86, 38
4, 1304300, Note_on_c, 1, 82, 0
4, 1304300, Note_on_c, 1, 86, 0
4, 1304576, Note_on_c, 1, 75, 38
4, 1304576, Note_on_c, 1, 84, 38
4, 1304950, Note_on_c, 1, 75, 0
4, 1304950, Note_on_c, 1, 84, 0
4, 1305088, Note_on_c, 1, 77, 38
4, 1305088, Note_on_c, 1, 86, 38
4, 1307372, Note_on_c, 1, 77, 0
4, 1307372, Note_on_c, 1, 86, 0
4, 1307648, Note_on_c, 1, 77, 39
4, 1307648, Note_on_c, 1, 86, 39
4, 1308022, Note_on_c, 1, 77, 0
4, 1308022, Note_on_c, 1, 86, 0
4, 1308160, Note_on_c, 1, 77, 38
4, 1308160, Note_on_c, 1, 84, 38
4, 1310444, Note_on_c, 1, 77, 0
4, 1310444, Note_on_c, 1, 84, 0
4, 1310720, Note_on_c, 1, 77, 37
4, 1310720, Note_on_c, 1, 86, 37
4, 1311094, Note_on_c, 1, 77, 0
4, 1311094, Note_on_c, 1, 86, 0
4, 1311232, Note_on_c, 1, 77, 37
4, 1311232, Note_on_c, 1, 84, 37
4, 1313516, Note_on_c, 1, 77, 0
4, 1313516, Note_on_c, 1, 84, 0
4, 1313792, Note_on_c, 1, 77, 36
4, 1313792, Note_on_c, 1, 82, 36
4, 1314166, Note_on_c, 1, 77, 0
4, 1314166, Note_on_c, 1, 82, 0
4, 1314304, Note_on_c, 1, 77, 35
4, 1314304, Note_on_c, 1, 82, 35
4, 1316588, Note_on_c, 1, 77, 0
4, 1316588, Note_on_c, 1, 82, 0
4, 1316864, Note_on_c, 1, 81, 34
4, 1316864, Note_on_c, 1, 84, 34
4, 1317238, Note_on_c, 1, 81, 0
4, 1317238, Note_on_c, 1, 84, 0
4, 1317376, Note_on_c, 1, 82, 34
4, 1317376, Note_on_c, 1, 86, 34
4, 1319660, Note_on_c, 1, 82, 0
4, 1319660, Note_on_c, 1, 86, 0
4, 1319936, Note_on_c, 1, 81, 33
4, 1319936, Note_on_c, 1, 84, 33
4, 1320310, Note_on_c, 1, 81, 0
4, 1320310, Note_on_c, 1, 84, 0
4, 1320448, Note_on_c, 1, 81, 32
4, 1320448, Note_on_c, 1, 84, 32
4, 1321196, Note_on_c, 1, 81, 0
4, 1321196, Note_on_c, 1, 84, 0
4, 1321472, Note_on_c, 1, 74, 32
4, 1321472, Note_on_c, 1, 82, 32
4, 1321846, Note_on_c, 1, 74, 0
4, 1321846, Note_on_c, 1, 82, 0
4, 1321984, Note_on_c, 1, 74, 32
4, 1321984, Note_on_c, 1, 82, 32
4, 1322732, Note_on_c, 1, 74, 0
4, 1322732, Note_on_c, 1, 82, 0
4, 1326080, Note_on_c, 1, 81, 31
4, 1326080, Note_on_c, 1, 84, 31
4, 1326454, Note_on_c, 1, 81, 0
4, 1326454, Note_on_c, 1, 84, 0
4, 1326592, Note_on_c, 1, 81, 31
4, 1326592, Note_on_c, 1, 84, 31
4, 1329664, Note_on_c, 1, 81, 0
4, 1329664, Note_on_c, 1, 84, 0
4, 1329664, Note_on_c, 1, 82, 31
4, 1329664, Note_on_c, 1, 86, 31
4, 1330412, Note_on_c, 1, 82, 0
4, 1330412, Note_on_c, 1, 86, 0
4, 1330688, Note_on_c, 1, 74, 31
4, 1330688, Note_on_c, 1, 82, 31
4, 1331062, Note_on_c, 1, 74, 0
4, 1331062, Note_on_c, 1, 82, 0
4, 1331200, Note_on_c, 1, 81, 31
4, 1331200, Note_on_c, 1, 84, 31
4, 1331948, Note_on_c, 1, 81, 0
4, 1331948, Note_on_c, 1, 84, 0
4, 1332224, Note_on_c, 1, 81, 31
4, 1332224, Note_on_c, 1, 84, 31
4, 1332598, Note_on_c, 1, 81, 0
4, 1332598, Note_on_c, 1, 84, 0
4, 1332736, Note_on_c, 1, 81, 31
4, 1332736, Note_on_c, 1, 84, 31
4, 1334784, Note_on_c, 1, 81, 0
4, 1334784, Note_on_c, 1, 84, 0
4, 1334784, Note_on_c, 1, 82, 31
4, 1334784, Note_on_c, 1, 86, 31
4, 1335296, Note_on_c, 1, 82, 0
4, 1335296, Note_on_c, 1, 86, 0
4, 1335296, Note_on_c, 1, 81, 31
4, 1335296, Note_on_c, 1, 84, 31
4, 1335670, Note_on_c, 1, 81, 0
4, 1335670, Note_on_c, 1, 84, 0
4, 1335808, Note_on_c, 1, 82, 32
4, 1335808, Note_on_c, 1, 86, 32
4, 1336556, Note_on_c, 1, 82, 0
4, 1336556, Note_on_c, 1, 86, 0
4, 1336832, Note_on_c, 1, 74, 32
4, 1336832, Note_on_c, 1, 82, 32
4, 1337206, Note_on_c, 1, 74, 0
4, 1337206, Note_on_c, 1, 82, 0
4, 1337344, Note_on_c, 1, 81, 33
4, 1337344, Note_on_c, 1, 84, 33
4, 1337856, Note_on_c, 1, 81, 0
4, 1337856, Note_on_c, 1, 84, 0
4, 1337856, Note_on_c, 1, 82, 33
4, 1337856, Note_on_c, 1, 86, 33
4, 1338368, Note_on_c, 1, 82, 0
4, 1338368, Note_on_c, 1, 86, 0
4, 1338368, Note_on_c, 1, 81, 33
4, 1338368, Note_on_c, 1, 84, 33
4, 1338742, Note_on_c, 1, 81, 0
4, 1338742, Note_on_c, 1, 84, 0
4, 1338880, Note_on_c, 1, 82, 34
4, 1338880, Note_on_c, 1, 86, 34
4, 1339628, Note_on_c, 1, 82, 0
4, 1339628, Note_on_c, 1, 86, 0
4, 1339904, Note_on_c, 1, 74, 34
4, 1339904, Note_on_c, 1, 82, 34
4, 1340278, Note_on_c, 1, 74, 0
4, 1340278, Note_on_c, 1, 82, 0
4, 1340416, Note_on_c, 1, 81, 35
4, 1340416, Note_on_c, 1, 84, 35
4, 1340928, Note_on_c, 1, 81, 0
4, 1340928, Note_on_c, 1, 84, 0
4, 1340928, Note_on_c, 1, 82, 35
4, 1340928, Note_on_c, 1, 86, 35
4, 1341440, Note_on_c, 1, 82, 0
4, 1341440, Note_on_c, 1, 86, 0
4, 1341440, Note_on_c, 1, 81, 35
4, 1341440, Note_on_c, 1, 84, 35
4, 1341814, Note_on_c, 1, 81, 0
4, 1341814, Note_on_c, 1, 84, 0
4, 1341952, Note_on_c, 1, 82, 35
4, 1341952, Note_on_c, 1, 86, 35
4, 1342700, Note_on_c, 1, 82, 0
4, 1342700, Note_on_c, 1, 86, 0
4, 1342976, Note_on_c, 1, 81, 36
4, 1342976, Note_on_c, 1, 84, 36
4, 1344000, Note_on_c, 1, 81, 0
4, 1344000, Note_on_c, 1, 84, 0
4, 1344000, Note_on_c, 1, 79, 37
4, 1344000, Note_on_c, 1, 82, 37
4, 1344512, Note_on_c, 1, 79, 0
4, 1344512, Note_on_c, 1, 82, 0
4, 1344512, Note_on_c, 1, 77, 36
4, 1344512, Note_on_c, 1, 81, 36
4, 1344886, Note_on_c, 1, 77, 0
4, 1344886, Note_on_c, 1, 81, 0
4, 1345024, Note_on_c, 1, 79, 35
4, 1345024, Note_on_c, 1, 82, 35
4, 1345772, Note_on_c, 1, 79, 0
4, 1345772, Note_on_c, 1, 82, 0
4, 1346048, Note_on_c, 1, 76, 34
4, 1346048, Note_on_c, 1, 84, 34
4, 1346422, Note_on_c, 1, 76, 0
4, 1346422, Note_on_c, 1, 84, 0
4, 1346560, Note_on_c, 1, 65, 33
4, 1346560, Note_on_c, 1, 77, 33
4, 1347072, Note_on_c, 1, 65, 0
4, 1347072, Note_on_c, 1, 77, 0
4, 1347072, Note_on_c, 1, 67, 33
4, 1347072, Note_on_c, 1, 79, 33
4, 1347584, Note_on_c, 1, 67, 0
4, 1347584, Note_on_c, 1, 79, 0
4, 1347584, Note_on_c, 1, 69, 34
4, 1347584, Note_on_c, 1, 81, 34
4, 1348096, Note_on_c, 1, 69, 0
4, 1348096, Note_on_c, 1, 81, 0
4, 1348096, Note_on_c, 1, 70, 36
4, 1348096, Note_on_c, 1, 82, 36
4, 1348608, Note_on_c, 1, 70, 0
4, 1348608, Note_on_c, 1, 82, 0
4, 1348608, Note_on_c, 1, 72, 37
4, 1348608, Note_on_c, 1, 84, 37
4, 1349120, Note_on_c, 1, 72, 0
4, 1349120, Note_on_c, 1, 84, 0
4, 1349120, Note_on_c, 1, 74, 39
4, 1349120, Note_on_c, 1, 86, 39
4, 1349632, Note_on_c, 1, 74, 0
4, 1349632, Note_on_c, 1, 86, 0
4, 1349632, Note_on_c, 1, 74, 40
4, 1349632, Note_on_c, 1, 86, 40
4, 1350380, Note_on_c, 1, 74, 0
4, 1350380, Note_on_c, 1, 86, 0
4, 1350656, Note_on_c, 1, 82, 40
4, 1350656, Note_on_c, 1, 86, 40
4, 1351030, Note_on_c, 1, 82, 0
4, 1351030, Note_on_c, 1, 86, 0
4, 1351168, Note_on_c, 1, 82, 40
4, 1351168, Note_on_c, 1, 86, 40
4, 1353452, Note_on_c, 1, 82, 0
4, 1353452, Note_on_c, 1, 86, 0
4, 1353728, Note_on_c, 1, 82, 40
4, 1353728, Note_on_c, 1, 84, 40
4, 1354102, Note_on_c, 1, 82, 0
4, 1354102, Note_on_c, 1, 84, 0
4, 1354240, Note_on_c, 1, 82, 40
4, 1354240, Note_on_c, 1, 86, 40
4, 1355776, Note_on_c, 1, 86, 0
4, 1355776, Note_on_c, 1, 82, 40
4, 1356524, Note_on_c, 1, 82, 0
4, 1356524, Note_on_c, 1, 82, 0
4, 1356800, Note_on_c, 1, 82, 40
4, 1356800, Note_on_c, 1, 77, 40
4, 1357174, Note_on_c, 1, 82, 0
4, 1357174, Note_on_c, 1, 77, 0
4, 1357312, Note_on_c, 1, 82, 40
4, 1357312, Note_on_c, 1, 75, 40
4, 1358060, Note_on_c, 1, 75, 0
4, 1358336, Note_on_c, 1, 77, 40
4, 1358710, Note_on_c, 1, 77, 0
4, 1358848, Note_on_c, 1, 79, 40
4, 1359596, Note_on_c, 1, 79, 0
4, 1359596, Note_on_c, 1, 82, 0
4, 1359872, Note_on_c, 1, 79, 40
4, 1359872, Note_on_c, 1, 86, 40
4, 1360246, Note_on_c, 1, 79, 0
4, 1360246, Note_on_c, 1, 86, 0
4, 1360384, Note_on_c, 1, 79, 40
4, 1360384, Note_on_c, 1, 84, 40
4, 1361920, Note_on_c, 1, 79, 0
4, 1361920, Note_on_c, 1, 75, 40
4, 1362668, Note_on_c, 1, 75, 0
4, 1362668, Note_on_c, 1, 84, 0
4, 1362944, Note_on_c, 1, 74, 41
4, 1362944, Note_on_c, 1, 82, 41
4, 1363318, Note_on_c, 1, 74, 0
4, 1363318, Note_on_c, 1, 82, 0
4, 1363456, Note_on_c, 1, 74, 40
4, 1363456, Note_on_c, 1, 82, 40
4, 1365740, Note_on_c, 1, 74, 0
4, 1365740, Note_on_c, 1, 82, 0
4, 1366016, Note_on_c, 1, 81, 37
4, 1366016, Note_on_c, 1, 84, 37
4, 1366390, Note_on_c, 1, 81, 0
4, 1366390, Note_on_c, 1, 84, 0
4, 1366528, Note_on_c, 1, 82, 37
4, 1366528, Note_on_c, 1, 86, 37
4, 1368812, Note_on_c, 1, 82, 0
4, 1368812, Note_on_c, 1, 86, 0
4, 1369088, Note_on_c, 1, 81, 34
4, 1369088, Note_on_c, 1, 84, 34
4, 1369462, Note_on_c, 1, 81, 0
4, 1369462, Note_on_c, 1, 84, 0
4, 1369600, Note_on_c, 1, 81, 33
4, 1369600, Note_on_c, 1, 84, 33
4, 1370348, Note_on_c, 1, 81, 0
4, 1370348, Note_on_c, 1, 84, 0
4, 1370624, Note_on_c, 1, 74, 32
4, 1370624, Note_on_c, 1, 82, 32
4, 1370998, Note_on_c, 1, 74, 0
4, 1370998, Note_on_c, 1, 82, 0
4, 1371136, Note_on_c, 1, 74, 32
4, 1371136, Note_on_c, 1, 82, 32
4, 1371884, Note_on_c, 1, 74, 0
4, 1371884, Note_on_c, 1, 82, 0
4, 1381376, Note_on_c, 1, 65, 34
4, 1381376, Note_on_c, 1, 77, 34
4, 1381750, Note_on_c, 1, 65, 0
4, 1381750, Note_on_c, 1, 77, 0
4, 1381888, Note_on_c, 1, 65, 34
4, 1381888, Note_on_c, 1, 77, 34
4, 1384172, Note_on_c, 1, 65, 0
4, 1384172, Note_on_c, 1, 77, 0
4, 1384448, Note_on_c, 1, 67, 34
4, 1384448, Note_on_c, 1, 79, 34
4, 1384822, Note_on_c, 1, 67, 0
4, 1384822, Note_on_c, 1, 79, 0
4, 1384960, Note_on_c, 1, 69, 35
4, 1384960, Note_on_c, 1, 81, 35
4, 1386496, Note_on_c, 1, 69, 0
4, 1386496, Note_on_c, 1, 81, 0
4, 1386496, Note_on_c, 1, 72, 35
4, 1386496, Note_on_c, 1, 84, 35
4, 1387244, Note_on_c, 1, 72, 0
4, 1387244, Note_on_c, 1, 84, 0
4, 1387520, Note_on_c, 1, 70, 35
4, 1387520, Note_on_c, 1, 82, 35
4, 1387894, Note_on_c, 1, 70, 0
4, 1387894, Note_on_c, 1, 82, 0
4, 1388032, Note_on_c, 1, 70, 36
4, 1388032, Note_on_c, 1, 82, 36
4, 1390316, Note_on_c, 1, 70, 0
4, 1390316, Note_on_c, 1, 82, 0
4, 1390592, Note_on_c, 1, 81, 36
4, 1390592, Note_on_c, 1, 84, 36
4, 1390966, Note_on_c, 1, 81, 0
4, 1390966, Note_on_c, 1, 84, 0
4, 1391104, Note_on_c, 1, 82, 37
4, 1391104, Note_on_c, 1, 86, 37
4, 1393388, Note_on_c, 1, 82, 0
4, 1393388, Note_on_c, 1, 86, 0
4, 1393664, Note_on_c, 1, 82, 37
4, 1393664, Note_on_c, 1, 86, 37
4, 1394038, Note_on_c, 1, 82, 0
4, 1394038, Note_on_c, 1, 86, 0
4, 1394176, Note_on_c, 1, 81, 37
4, 1394176, Note_on_c, 1, 84, 37
4, 1396460, Note_on_c, 1, 81, 0
4, 1396460, Note_on_c, 1, 84, 0
4, 1396736, Note_on_c, 1, 74, 38
4, 1396736, Note_on_c, 1, 82, 38
4, 1397110, Note_on_c, 1, 74, 0
4, 1397110, Note_on_c, 1, 82, 0
4, 1397248, Note_on_c, 1, 81, 38
4, 1397248, Note_on_c, 1, 84, 38
4, 1399532, Note_on_c, 1, 81, 0
4, 1399532, Note_on_c, 1, 84, 0
4, 1399808, Note_on_c, 1, 82, 39
4, 1399808, Note_on_c, 1, 86, 39
4, 1400182, Note_on_c, 1, 82, 0
4, 1400182, Note_on_c, 1, 86, 0
4, 1400320, Note_on_c, 1, 82, 39
4, 1400320, Note_on_c, 1, 86, 39
4, 1402604, Note_on_c, 1, 82, 0
4, 1402604, Note_on_c, 1, 86, 0
4, 1402880, Note_on_c, 1, 75, 39
4, 1402880, Note_on_c, 1, 84, 39
4, 1403254, Note_on_c, 1, 75, 0
4, 1403254, Note_on_c, 1, 84, 0
4, 1403392, Note_on_c, 1, 77, 39
4, 1403392, Note_on_c, 1, 86, 39
4, 1405676, Note_on_c, 1, 77, 0
4, 1405676, Note_on_c, 1, 86, 0
4, 1405952, Note_on_c, 1, 77, 39
4, 1405952, Note_on_c, 1, 86, 39
4, 1406326, Note_on_c, 1, 77, 0
4, 1406326, Note_on_c, 1, 86, 0
4, 1406464, Note_on_c, 1, 77, 39
4, 1406464, Note_on_c, 1, 84, 39
4, 1408748, Note_on_c, 1, 77, 0
4, 1408748, Note_on_c, 1, 84, 0
4, 1409024, Note_on_c, 1, 77, 38
4, 1409024, Note_on_c, 1, 86, 38
4, 1409398, Note_on_c, 1, 77, 0
4, 1409398, Note_on_c, 1, 86, 0
4, 1409536, Note_on_c, 1, 77, 37
4, 1409536, Note_on_c, 1, 84, 37
4, 1411820, Note_on_c, 1, 77, 0
4, 1411820, Note_on_c, 1, 84, 0
4, 1412096, Note_on_c, 1, 77, 36
4, 1412096, Note_on_c, 1, 82, 36
4, 1412470, Note_on_c, 1, 77, 0
4, 1412470, Note_on_c, 1, 82, 0
4, 1412608, Note_on_c, 1, 77, 36
4, 1412608, Note_on_c, 1, 82, 36
4, 1414892, Note_on_c, 1, 77, 0
4, 1414892, Note_on_c, 1, 82, 0
4, 1415168, Note_on_c, 1, 81, 34
4, 1415168, Note_on_c, 1, 84, 34
4, 1415542, Note_on_c, 1, 81, 0
4, 1415542, Note_on_c, 1, 84, 0
4, 1415680, Note_on_c, 1, 82, 34
4, 1415680, Note_on_c, 1, 86, 34
4, 1417964, Note_on_c, 1, 82, 0
4, 1417964, Note_on_c, 1, 86, 0
4, 1418240, Note_on_c, 1, 81, 30
4, 1418240, Note_on_c, 1, 84, 30
4, 1418614, Note_on_c, 1, 81, 0
4, 1418614, Note_on_c, 1, 84, 0
4, 1418752, Note_on_c, 1, 81, 30
4, 1418752, Note_on_c, 1, 84, 30
4, 1419500, Note_on_c, 1, 81, 0
4, 1419500, Note_on_c, 1, 84, 0
4, 1419776, Note_on_c, 1, 74, 30
4, 1419776, Note_on_c, 1, 82, 30
4, 1420150, Note_on_c, 1, 74, 0
4, 1420150, Note_on_c, 1, 82, 0
4, 1420288, Note_on_c, 1, 74, 30
4, 1420288, Note_on_c, 1, 82, 30
4, 1421036, Note_on_c, 1, 74, 0
4, 1421036, Note_on_c, 1, 82, 0
4, 1424384, Note_on_c, 1, 81, 30
4, 1424384, Note_on_c, 1, 84, 30
4, 1424758, Note_on_c, 1, 81, 0
4, 1424758, Note_on_c, 1, 84, 0
4, 1424896, Note_on_c, 1, 81, 30
4, 1424896, Note_on_c, 1, 84, 30
4, 1427968, Note_on_c, 1, 81, 0
4, 1427968, Note_on_c, 1, 84, 0
4, 1427968, Note_on_c, 1, 82, 33
4, 1427968, Note_on_c, 1, 86, 33
4, 1428716, Note_on_c, 1, 82, 0
4, 1428716, Note_on_c, 1, 86, 0
4, 1428992, Note_on_c, 1, 74, 33
4, 1428992, Note_on_c, 1, 82, 33
4, 1429366, Note_on_c, 1, 74, 0
4, 1429366, Note_on_c, 1, 82, 0
4, 1429504, Note_on_c, 1, 81, 34
4, 1429504, Note_on_c, 1, 84, 34
4, 1430252, Note_on_c, 1, 81, 0
4, 1430252, Note_on_c, 1, 84, 0
4, 1430528, Note_on_c, 1, 81, 35
4, 1430528, Note_on_c, 1, 84, 35
4, 1430902, Note_on_c, 1, 81, 0
4, 1430902, Note_on_c, 1, 84, 0
4, 1431040, Note_on_c, 1, 81, 35
4, 1431040, Note_on_c, 1, 84, 35
4, 1433088, Note_on_c, 1, 81, 0
4, 1433088, Note_on_c, 1, 84, 0
4, 1433088, Note_on_c, 1, 82, 37
4, 1433088, Note_on_c, 1, 86, 37
4, 1433600, Note_on_c, 1, 82, 0
4, 1433600, Note_on_c, 1, 86, 0
4, 1433600, Note_on_c, 1, 81, 37
4, 1433600, Note_on_c, 1, 84, 37
4, 1433974, Note_on_c, 1, 81, 0
4, 1433974, Note_on_c, 1, 84, 0
4, 1434112, Note_on_c, 1, 82, 38
4, 1434112, Note_on_c, 1, 86, 38
4, 1434860, Note_on_c, 1, 82, 0
4, 1434860, Note_on_c, 1, 86, 0
4, 1435136, Note_on_c, 1, 74, 39
4, 1435136, Note_on_c, 1, 82, 39
4, 1435510, Note_on_c, 1, 74, 0
4, 1435510, Note_on_c, 1, 82, 0
4, 1435648, Note_on_c, 1, 81, 39
4, 1435648, Note_on_c, 1, 84, 39
4, 1436160, Note_on_c, 1, 81, 0
4, 1436160, Note_on_c, 1, 84, 0
4, 1436160, Note_on_c, 1, 82, 39
4, 1436160, Note_on_c, 1, 86, 39
4, 1436672, Note_on_c, 1, 82, 0
4, 1436672, Note_on_c, 1, 86, 0
4, 1436672, Note_on_c, 1, 81, 40
4, 1436672, Note_on_c, 1, 84, 40
4, 1437046, Note_on_c, 1, 81, 0
4, 1437046, Note_on_c, 1, 84, 0
4, 1437184, Note_on_c, 1, 82, 40
4, 1437184, Note_on_c, 1, 86, 40
4, 1437932, Note_on_c, 1, 82, 0
4, 1437932, Note_on_c, 1, 86, 0
4, 1438208, Note_on_c, 1, 74, 41
4, 1438208, Note_on_c, 1, 82, 41
4, 1438582, Note_on_c, 1, 74, 0
4, 1438582, Note_on_c, 1, 82, 0
4, 1438720, Note_on_c, 1, 81, 41
4, 1438720, Note_on_c, 1, 84, 41
4, 1439232, Note_on_c, 1, 81, 0
4, 1439232, Note_on_c, 1, 84, 0
4, 1439232, Note_on_c, 1, 82, 41
4, 1439232, Note_on_c, 1, 86, 41
4, 1439744, Note_on_c, 1, 82, 0
4, 1439744, Note_on_c, 1, 86, 0
4, 1439744, Note_on_c, 1, 81, 42
4, 1439744, Note_on_c, 1, 84, 42
4, 1440118, Note_on_c, 1, 81, 0
4, 1440118, Note_on_c, 1, 84, 0
4, 1440256, Note_on_c, 1, 82, 42
4, 1440256, Note_on_c, 1, 86, 42
4, 1441004, Note_on_c, 1, 82, 0
4, 1441004, Note_on_c, 1, 86, 0
4, 1441280, Note_on_c, 1, 81, 43
4, 1441280, Note_on_c, 1, 84, 43
4, 1442304, Note_on_c, 1, 81, 0
4, 1442304, Note_on_c, 1, 84, 0
4, 1442304, Note_on_c, 1, 79, 44
4, 1442304, Note_on_c, 1, 82, 44
4, 1442816, Note_on_c, 1, 79, 0
4, 1442816, Note_on_c, 1, 82, 0
4, 1442816, Note_on_c, 1, 77, 45
4, 1442816, Note_on_c, 1, 81, 45
4, 1443328, Note_on_c, 1, 77, 0
4, 1443328, Note_on_c, 1, 81, 0
4, 1443328, Note_on_c, 1, 79, 45
4, 1443328, Note_on_c, 1, 82, 45
4, 1444076, Note_on_c, 1, 79, 0
4, 1444076, Note_on_c, 1, 82, 0
4, 1444352, Note_on_c, 1, 76, 47
4, 1444352, Note_on_c, 1, 84, 47
4, 1444726, Note_on_c, 1, 76, 0
4, 1444726, Note_on_c, 1, 84, 0
4, 1444864, Note_on_c, 1, 65, 47
4, 1444864, Note_on_c, 1, 77, 47
4, 1445376, Note_on_c, 1, 65, 0
4, 1445376, Note_on_c, 1, 77, 0
4, 1445376, Note_on_c, 1, 67, 48
4, 1445376, Note_on_c, 1, 79, 48
4, 1445888, Note_on_c, 1, 67, 0
4, 1445888, Note_on_c, 1, 79, 0
4, 1445888, Note_on_c, 1, 69, 48
4, 1445888, Note_on_c, 1, 81, 48
4, 1446400, Note_on_c, 1, 69, 0
4, 1446400, Note_on_c, 1, 81, 0
4, 1446400, Note_on_c, 1, 70, 49
4, 1446400, Note_on_c, 1, 82, 49
4, 1446912, Note_on_c, 1, 70, 0
4, 1446912, Note_on_c, 1, 82, 0
4, 1446912, Note_on_c, 1, 72, 49
4, 1446912, Note_on_c, 1, 84, 49
4, 1447424, Note_on_c, 1, 72, 0
4, 1447424, Note_on_c, 1, 84, 0
4, 1447424, Note_on_c, 1, 74, 50
4, 1447424, Note_on_c, 1, 86, 50
4, 1447936, Note_on_c, 1, 74, 0
4, 1447936, Note_on_c, 1, 86, 0
4, 1447936, Note_on_c, 1, 74, 50
4, 1447936, Note_on_c, 1, 86, 50
4, 1448684, Note_on_c, 1, 74, 0
4, 1448684, Note_on_c, 1, 86, 0
4, 1448960, Note_on_c, 1, 82, 51
4, 1448960, Note_on_c, 1, 86, 51
4, 1449334, Note_on_c, 1, 82, 0
4, 1449334, Note_on_c, 1, 86, 0
4, 1449472, Note_on_c, 1, 82, 52
4, 1449472, Note_on_c, 1, 86, 52
4, 1451756, Note_on_c, 1, 82, 0
4, 1451756, Note_on_c, 1, 86, 0
4, 1452032, Note_on_c, 1, 82, 54
4, 1452032, Note_on_c, 1, 84, 54
4, 1452406, Note_on_c, 1, 82, 0
4, 1452406, Note_on_c, 1, 84, 0
4, 1452544, Note_on_c, 1, 82, 55
4, 1452544, Note_on_c, 1, 86, 55
4, 1454080, Note_on_c, 1, 86, 0
4, 1454080, Note_on_c, 1, 82, 56
4, 1454828, Note_on_c, 1, 82, 0
4, 1454828, Note_on_c, 1, 82, 0
4, 1455104, Note_on_c, 1, 82, 58
4, 1455104, Note_on_c, 1, 77, 58
4, 1455478, Note_on_c, 1, 82, 0
4, 1455478, Note_on_c, 1, 77, 0
4, 1455616, Note_on_c, 1, 82, 58
4, 1455616, Note_on_c, 1, 75, 58
4, 1456364, Note_on_c, 1, 75, 0
4, 1456640, Note_on_c, 1, 77, 59
4, 1457014, Note_on_c, 1, 77, 0
4, 1457152, Note_on_c, 1, 79, 59
4, 1457900, Note_on_c, 1, 79, 0
4, 1457900, Note_on_c, 1, 82, 0
4, 1458176, Note_on_c, 1, 79, 59
4, 1458176, Note_on_c, 1, 86, 59
4, 1458550, Note_on_c, 1, 79, 0
4, 1458550, Note_on_c, 1, 86, 0
4, 1458688, Note_on_c, 1, 79, 60
4, 1458688, Note_on_c, 1, 84, 60
4, 1460224, Note_on_c, 1, 79, 0
4, 1460224, Note_on_c, 1, 75, 60
4, 1460972, Note_on_c, 1, 75, 0
4, 1460972, Note_on_c, 1, 84, 0
4, 1461248, Note_on_c, 1, 74, 61
4, 1461248, Note_on_c, 1, 82, 61
4, 1461622, Note_on_c, 1, 74, 0
4, 1461622, Note_on_c, 1, 82, 0
4, 1461760, Note_on_c, 1, 74, 61
4, 1461760, Note_on_c, 1, 82, 61
4, 1464044, Note_on_c, 1, 74, 0
4, 1464044, Note_on_c, 1, 82, 0
4, 1464320, Note_on_c, 1, 81, 62
4, 1464320, Note_on_c, 1, 84, 62
4, 1464694, Note_on_c, 1, 81, 0
4, 1464694, Note_on_c, 1, 84, 0
4, 1464832, Note_on_c, 1, 82, 63
4, 1464832, Note_on_c, 1, 86, 63
4, 1467116, Note_on_c, 1, 82, 0
4, 1467116, Note_on_c, 1, 86, 0
4, 1467392, Note_on_c, 1, 81, 62
4, 1467392, Note_on_c, 1, 84, 62
4, 1467766, Note_on_c, 1, 81, 0
4, 1467766, Note_on_c, 1, 84, 0
4, 1467904, Note_on_c, 1, 81, 60
4, 1467904, Note_on_c, 1, 84, 60
4, 1468652, Note_on_c, 1, 81, 0
4, 1468652, Note_on_c, 1, 84, 0
4, 1468928, Note_on_c, 1, 74, 56
4, 1468928, Note_on_c, 1, 82, 56
4, 1469302, Note_on_c, 1, 74, 0
4, 1469302, Note_on_c, 1, 82, 0
4, 1469440, Note_on_c, 1, 74, 54
4, 1469440, Note_on_c, 1, 82, 54
4, 1470188, Note_on_c, 1, 74, 0
4, 1470188, Note_on_c, 1, 82, 0
4, 1473536, Note_on_c, 1, 81, 55
4, 1473536, Note_on_c, 1, 84, 55
4, 1473910, Note_on_c, 1, 81, 0
4, 1473910, Note_on_c, 1, 84, 0
4, 1474048, Note_on_c, 1, 81, 56
4, 1474048, Note_on_c, 1, 84, 56
4, 1477120, Note_on_c, 1, 81, 0
4, 1477120, Note_on_c, 1, 84, 0
4, 1477120, Note_on_c, 1, 82, 59
4, 1477120, Note_on_c, 1, 86, 59
4, 1477868, Note_on_c, 1, 82, 0
4, 1477868, Note_on_c, 1, 86, 0
4, 1478144, Note_on_c, 1, 74, 60
4, 1478144, Note_on_c, 1, 82, 60
4, 1478518, Note_on_c, 1, 74, 0
4, 1478518, Note_on_c, 1, 82, 0
4, 1478656, Note_on_c, 1, 81, 61
4, 1478656, Note_on_c, 1, 84, 61
4, 1479404, Note_on_c, 1, 81, 0
4, 1479404, Note_on_c, 1, 84, 0
4, 1479680, Note_on_c, 1, 81, 62
4, 1479680, Note_on_c, 1, 84, 62
4, 1480054, Note_on_c, 1, 81, 0
4, 1480054, Note_on_c, 1, 84, 0
4, 1480192, Note_on_c, 1, 81, 62
4, 1480192, Note_on_c, 1, 84, 62
4, 1482240, Note_on_c, 1, 81, 0
4, 1482240, Note_on_c, 1, 84, 0
4, 1482240, Note_on_c, 1, 82, 65
4, 1482240, Note_on_c, 1, 86, 65
4, 1482752, Note_on_c, 1, 82, 0
4, 1482752, Note_on_c, 1, 86, 0
4, 1482752, Note_on_c, 1, 81, 65
4, 1482752, Note_on_c, 1, 84, 65
4, 1483126, Note_on_c, 1, 81, 0
4, 1483126, Note_on_c, 1, 84, 0
4, 1483264, Note_on_c, 1, 82, 66
4, 1483264, Note_on_c, 1, 86, 66
4, 1484012, Note_on_c, 1, 82, 0
4, 1484012, Note_on_c, 1, 86, 0
4, 1484288, Note_on_c, 1, 74, 67
4, 1484288, Note_on_c, 1, 82, 67
4, 1484662, Note_on_c, 1, 74, 0
4, 1484662, Note_on_c, 1, 82, 0
4, 1484800, Note_on_c, 1, 81, 67
4, 1484800, Note_on_c, 1, 84, 67
4, 1485312, Note_on_c, 1, 81, 0
4, 1485312, Note_on_c, 1, 84, 0
4, 1485312, Note_on_c, 1, 82, 68
4, 1485312, Note_on_c, 1, 86, 68
4, 1485824, Note_on_c, 1, 82, 0
4, 1485824, Note_on_c, 1, 86, 0
4, 1485824, Note_on_c, 1, 81, 69
4, 1485824, Note_on_c, 1, 84, 69
4, 1486198, Note_on_c, 1, 81, 0
4, 1486198, Note_on_c, 1, 84, 0
4, 1486336, Note_on_c, 1, 82, 69
4, 1486336, Note_on_c, 1, 86, 69
4, 1487084, Note_on_c, 1, 82, 0
4, 1487084, Note_on_c, 1, 86, 0
4, 1487360, Note_on_c, 1, 74, 70
4, 1487360, Note_on_c, 1, 82, 70
4, 1487734, Note_on_c, 1, 74, 0
4, 1487734, Note_on_c, 1, 82, 0
4, 1487872, Note_on_c, 1, 81, 71
4, 1487872, Note_on_c, 1, 84, 71
4, 1488384, Note_on_c, 1, 81, 0
4, 1488384, Note_on_c, 1, 84, 0
4, 1488384, Note_on_c, 1, 82, 72
4, 1488384, Note_on_c, 1, 86, 72
4, 1488896, Note_on_c, 1, 82, 0
4, 1488896, Note_on_c, 1, 86, 0
4, 1488896, Note_on_c, 1, 81, 72
4, 1488896, Note_on_c, 1, 84, 72
4, 1489270, Note_on_c, 1, 81, 0
4, 1489270, Note_on_c, 1, 84, 0
4, 1489408, Note_on_c, 1, 82, 72
4, 1489408, Note_on_c, 1, 86, 72
4, 1490156, Note_on_c, 1, 82, 0
4, 1490156, Note_on_c, 1, 86, 0
4, 1490432, Note_on_c, 1, 81, 71
4, 1490432, Note_on_c, 1, 84, 71
4, 1491456, Note_on_c, 1, 81, 0
4, 1491456, Note_on_c, 1, 84, 0
4, 1491456, Note_on_c, 1, 79, 71
4, 1491456, Note_on_c, 1, 82, 71
4, 1491968, Note_on_c, 1, 79, 0
4, 1491968, Note_on_c, 1, 82, 0
4, 1491968, Note_on_c, 1, 77, 70
4, 1491968, Note_on_c, 1, 81, 70
4, 1492342, Note_on_c, 1, 77, 0
4, 1492342, Note_on_c, 1, 81, 0
4, 1492480, Note_on_c, 1, 79, 70
4, 1492480, Note_on_c, 1, 82, 70
4, 1493228, Note_on_c, 1, 79, 0
4, 1493228, Note_on_c, 1, 82, 0
4, 1493504, Note_on_c, 1, 76, 70
4, 1493504, Note_on_c, 1, 84, 70
4, 1493878, Note_on_c, 1, 76, 0
4, 1493878, Note_on_c, 1, 84, 0
4, 1494016, Note_on_c, 1, 65, 68
4, 1494016, Note_on_c, 1, 77, 68
4, 1494528, Note_on_c, 1, 65, 0
4, 1494528, Note_on_c, 1, 77, 0
4, 1494528, Note_on_c, 1, 67, 68
4, 1494528, Note_on_c, 1, 79, 68
4, 1495040, Note_on_c, 1, 67, 0
4, 1495040, Note_on_c, 1, 79, 0
4, 1495040, Note_on_c, 1, 69, 69
4, 1495040, Note_on_c, 1, 81, 69
4, 1495552, Note_on_c, 1, 69, 0
4, 1495552, Note_on_c, 1, 81, 0
4, 1495552, Note_on_c, 1, 70, 69
4, 1495552, Note_on_c, 1, 82, 69
4, 1496064, Note_on_c, 1, 70, 0
4, 1496064, Note_on_c, 1, 82, 0
4, 1496064, Note_on_c, 1, 72, 70
4, 1496064, Note_on_c, 1, 84, 70
4, 1496576, Note_on_c, 1, 72, 0
4, 1496576, Note_on_c, 1, 84, 0
4, 1496576, Note_on_c, 1, 74, 70
4, 1496576, Note_on_c, 1, 86, 70
4, 1497088, Note_on_c, 1, 74, 0
4, 1497088, Note_on_c, 1, 86, 0
4, 1497088, Note_on_c, 1, 74, 71
4, 1497088, Note_on_c, 1, 86, 71
4, 1497836, Note_on_c, 1, 74, 0
4, 1497836, Note_on_c, 1, 86, 0
4, 1498112, Note_on_c, 1, 82, 72
4, 1498112, Note_on_c, 1, 86, 72
4, 1498486, Note_on_c, 1, 82, 0
4, 1498486, Note_on_c, 1, 86, 0
4, 1498624, Note_on_c, 1, 82, 72
4, 1498624, Note_on_c, 1, 86, 72
4, 1500908, Note_on_c, 1, 82, 0
4, 1500908, Note_on_c, 1, 86, 0
4, 1501184, Note_on_c, 1, 82, 75
4, 1501184, Note_on_c, 1, 84, 75
4, 1501558, Note_on_c, 1, 82, 0
4, 1501558, Note_on_c, 1, 84, 0
4, 1501696, Note_on_c, 1, 82, 75
4, 1501696, Note_on_c, 1, 86, 75
4, 1503232, Note_on_c, 1, 86, 0
4, 1503232, Note_on_c, 1, 82, 77
4, 1503980, Note_on_c, 1, 82, 0
4, 1503980, Note_on_c, 1, 82, 0
4, 1504256, Note_on_c, 1, 82, 78
4, 1504256, Note_on_c, 1, 77, 78
4, 1504630, Note_on_c, 1, 82, 0
4, 1504630, Note_on_c, 1, 77, 0
4, 1504768, Note_on_c, 1, 82, 78
4, 1504768, Note_on_c, 1, 75, 78
4, 1505516, Note_on_c, 1, 75, 0
4, 1505792, Note_on_c, 1, 77, 79
4, 1506166, Note_on_c, 1, 77, 0
4, 1506304, Note_on_c, 1, 79, 80
4, 1507052, Note_on_c, 1, 79, 0
4, 1507052, Note_on_c, 1, 82, 0
4, 1507328, Note_on_c, 1, 79, 80
4, 1507328, Note_on_c, 1, 86, 80
4, 1507702, Note_on_c, 1, 79, 0
4, 1507702, Note_on_c, 1, 86, 0
4, 1507840, Note_on_c, 1, 79, 81
4, 1507840, Note_on_c, 1, 84, 81
4, 1509376, Note_on_c, 1, 79, 0
4, 1509376, Note_on_c, 1, 75, 82
4, 1510124, Note_on_c, 1, 75, 0
4, 1510124, Note_on_c, 1, 84, 0
4, 1510400, Note_on_c, 1, 74, 72
4, 1510400, Note_on_c, 1, 82, 72
4, 1510774, Note_on_c, 1, 74, 0
4, 1510774, Note_on_c, 1, 82, 0
4, 1510912, Note_on_c, 1, 74, 73
4, 1510912, Note_on_c, 1, 82, 73
4, 1513196, Note_on_c, 1, 74, 0
4, 1513196, Note_on_c, 1, 82, 0
4, 1513472, Note_on_c, 1, 81, 79
4, 1513472, Note_on_c, 1, 84, 79
4, 1513846, Note_on_c, 1, 81, 0
4, 1513846, Note_on_c, 1, 84, 0
4, 1513984, Note_on_c, 1, 82, 80
4, 1513984, Note_on_c, 1, 86, 80
4, 1516268, Note_on_c, 1, 82, 0
4, 1516268, Note_on_c, 1, 86, 0
4, 1516544, Note_on_c, 1, 81, 85
4, 1516544, Note_on_c, 1, 84, 85
4, 1516918, Note_on_c, 1, 81, 0
4, 1516918, Note_on_c, 1, 84, 0
4, 1517056, Note_on_c, 1, 81, 86
4, 1517056, Note_on_c, 1, 84, 86
4, 1517804, Note_on_c, 1, 81, 0
4, 1517804, Note_on_c, 1, 84, 0
4, 1518080, Note_on_c, 1, 74, 88
4, 1518080, Note_on_c, 1, 82, 88
4, 1518454, Note_on_c, 1, 74, 0
4, 1518454, Note_on_c, 1, 82, 0
4, 1518592, Note_on_c, 1, 74, 89
4, 1518592, Note_on_c, 1, 82, 89
4, 1519340, Note_on_c, 1, 74, 0
4, 1519340, Note_on_c, 1, 82, 0
4, 1519616, Note_on_c, 1, 65, 91
4, 1519616, Note_on_c, 1, 77, 91
4, 1519990, Note_on_c, 1, 65, 0
4, 1519990, Note_on_c, 1, 77, 0
4, 1520128, Note_on_c, 1, 65, 92
4, 1520128, Note_on_c, 1, 77, 92
4, 1522412, Note_on_c, 1, 65, 0
4, 1522412, Note_on_c, 1, 77, 0
4, 1522688, Note_on_c, 1, 75, 89
4, 1522688, Note_on_c, 1, 84, 89
4, 1523062, Note_on_c, 1, 75, 0
4, 1523062, Note_on_c, 1, 84, 0
4, 1523200, Note_on_c, 1, 82, 88
4, 1523200, Note_on_c, 1, 86, 88
4, 1525484, Note_on_c, 1, 82, 0
4, 1525484, Note_on_c, 1, 86, 0
4, 1525760, Note_on_c, 1, 74, 83
4, 1525760, Note_on_c, 1, 82, 83
4, 1526134, Note_on_c, 1, 74, 0
4, 1526134, Note_on_c, 1, 82, 0
4, 1526272, Note_on_c, 1, 74, 82
4, 1526272, Note_on_c, 1, 82, 82
4, 1527808, Note_on_c, 1, 74, 0
4, 1527808, Note_on_c, 1, 79, 78
4, 1528556, Note_on_c, 1, 79, 0
4, 1528556, Note_on_c, 1, 82, 0
4, 1528832, Note_on_c, 1, 77, 76
4, 1528832, Note_on_c, 1, 80, 76
4, 1529206, Note_on_c, 1, 77, 0
4, 1529206, Note_on_c, 1, 80, 0
4, 1529344, Note_on_c, 1, 75, 75
4, 1529344, Note_on_c, 1, 79, 75
4, 1531628, Note_on_c, 1, 75, 0
4, 1531628, Note_on_c, 1, 79, 0
4, 1531904, Note_on_c, 1, 75, 79
4, 1531904, Note_on_c, 1, 79, 79
4, 1532278, Note_on_c, 1, 75, 0
4, 1532278, Note_on_c, 1, 79, 0
4, 1532416, Note_on_c, 1, 72, 80
4, 1532416, Note_on_c, 1, 79, 80
4, 1533164, Note_on_c, 1, 72, 0
4, 1533164, Note_on_c, 1, 79, 0
4, 1533440, Note_on_c, 1, 75, 82
4, 1533440, Note_on_c, 1, 84, 82
4, 1534464, Note_on_c, 1, 75, 0
4, 1534464, Note_on_c, 1, 84, 0
4, 1534464, Note_on_c, 1, 74, 84
4, 1534464, Note_on_c, 1, 82, 84
4, 1534976, Note_on_c, 1, 74, 0
4, 1534976, Note_on_c, 1, 82, 0
4, 1534976, Note_on_c, 1, 72, 84
4, 1534976, Note_on_c, 1, 81, 84
4, 1535350, Note_on_c, 1, 72, 0
4, 1535350, Note_on_c, 1, 81, 0
4, 1535488, Note_on_c, 1, 75, 85
4, 1535488, Note_on_c, 1, 84, 85
4, 1536236, Note_on_c, 1, 75, 0
4, 1536236, Note_on_c, 1, 84, 0
4, 1536512, Note_on_c, 1, 72, 87
4, 1536512, Note_on_c, 1, 81, 87
4, 1537536, Note_on_c, 1, 72, 0
4, 1537536, Note_on_c, 1, 81, 0
4, 1537536, Note_on_c, 1, 70, 89
4, 1537536, Note_on_c, 1, 79, 89
4, 1538048, Note_on_c, 1, 70, 0
4, 1538048, Note_on_c, 1, 79, 0
4, 1538048, Note_on_c, 1, 69, 90
4, 1538048, Note_on_c, 1, 77, 90
4, 1538422, Note_on_c, 1, 69, 0
4, 1538422, Note_on_c, 1, 77, 0
4, 1538560, Note_on_c, 1, 70, 91
4, 1538560, Note_on_c, 1, 79, 91
4, 1539308, Note_on_c, 1, 70, 0
4, 1539308, Note_on_c, 1, 79, 0
4, 1539584, Note_on_c, 1, 72, 92
4, 1539584, Note_on_c, 1, 81, 92
4, 1539958, Note_on_c, 1, 72, 0
4, 1539958, Note_on_c, 1, 81, 0
4, 1540096, Note_on_c, 1, 74, 93
4, 1540096, Note_on_c, 1, 82, 93
4, 1540608, Note_on_c, 1, 74, 0
4, 1540608, Note_on_c, 1, 82, 0
4, 1540608, Note_on_c, 1, 75, 94
4, 1540608, Note_on_c, 1, 84, 94
4, 1541120, Note_on_c, 1, 75, 0
4, 1541120, Note_on_c, 1, 84, 0
4, 1541120, Note_on_c, 1, 77, 95
4, 1541120, Note_on_c, 1, 86, 95
4, 1542144, Note_on_c, 1, 77, 0
4, 1542144, Note_on_c, 1, 86, 0
4, 1542144, Note_on_c, 1, 75, 97
4, 1542144, Note_on_c, 1, 84, 97
4, 1542656, Note_on_c, 1, 75, 0
4, 1542656, Note_on_c, 1, 84, 0
4, 1542656, Note_on_c, 1, 72, 98
4, 1542656, Note_on_c, 1, 81, 98
4, 1543030, Note_on_c, 1, 72, 0
4, 1543030, Note_on_c, 1, 81, 0
4, 1543168, Note_on_c, 1, 74, 98
4, 1543168, Note_on_c, 1, 82, 98
4, 1543680, Note_on_c, 1, 74, 0
4, 1543680, Note_on_c, 1, 82, 0
4, 1543680, Note_on_c, 1, 75, 99
4, 1543680, Note_on_c, 1, 84, 99
4, 1544192, Note_on_c, 1, 75, 0
4, 1544192, Note_on_c, 1, 84, 0
4, 1544192, Note_on_c, 1, 77, 99
4, 1544192, Note_on_c, 1, 86, 99
4, 1545216, Note_on_c, 1, 77, 0
4, 1545216, Note_on_c, 1, 86, 0
4, 1545216, Note_on_c, 1, 75, 99
4, 1545216, Note_on_c, 1, 84, 99
4, 1545728, Note_on_c, 1, 75, 0
4, 1545728, Note_on_c, 1, 84, 0
4, 1545728, Note_on_c, 1, 72, 99
4, 1545728, Note_on_c, 1, 81, 99
4, 1546102, Note_on_c, 1, 72, 0
4, 1546102, Note_on_c, 1, 81, 0
4, 1546240, Note_on_c, 1, 74, 108
4, 1546240, Note_on_c, 1, 82, 108
4, 1546988, Note_on_c, 1, 74, 0
4, 1546988, Note_on_c, 1, 82, 0
4, 1577984, Note_on_c, 1, 67, 100
4, 1578358, Note_on_c, 1, 67, 0
4, 1578496, Note_on_c, 1, 67, 113
4, 1579617, Note_on_c, 1, 67, 0
4, 1581056, Note_on_c, 1, 69, 100
4, 1581430, Note_on_c, 1, 69, 0
4, 1581568, Note_on_c, 1, 69, 116
4, 1582689, Note_on_c, 1, 69, 0
4, 1584128, Note_on_c, 1, 71, 100
4, 1584502, Note_on_c, 1, 71, 0
4, 1584640, Note_on_c, 1, 76, 100
4, 1585388, Note_on_c, 1, 76, 0
4, 1585664, Note_on_c, 1, 74, 100
4, 1586038, Note_on_c, 1, 74, 0
4, 1586176, Note_on_c, 1, 72, 106
4, 1586924, Note_on_c, 1, 72, 0
4, 1587712, Note_on_c, 1, 71, 100
4, 1588460, Note_on_c, 1, 71, 0
4, 1589248, Note_on_c, 1, 79, 108
4, 1589996, Note_on_c, 1, 79, 0
4, 1590272, Note_on_c, 1, 79, 100
4, 1590646, Note_on_c, 1, 79, 0
4, 1590784, Note_on_c, 1, 79, 100
4, 1591532, Note_on_c, 1, 79, 0
4, 1591808, Note_on_c, 1, 79, 100
4, 1592182, Note_on_c, 1, 79, 0
4, 1593344, Note_on_c, 1, 72, 100
4, 1593718, Note_on_c, 1, 72, 0
4, 1593856, Note_on_c, 1, 79, 100
4, 1594604, Note_on_c, 1, 79, 0
4, 1594880, Note_on_c, 1, 77, 100
4, 1595254, Note_on_c, 1, 77, 0
4, 1595392, Note_on_c, 1, 77, 108
4, 1596140, Note_on_c, 1, 77, 0
4, 1596928, Note_on_c, 1, 75, 100
4, 1597676, Note_on_c, 1, 75, 0
4, 1598464, Note_on_c, 1, 74, 108
4, 1599212, Note_on_c, 1, 74, 0
4, 1600000, Note_on_c, 1, 74, 100
4, 1600748, Note_on_c, 1, 74, 0
4, 1602560, Note_on_c, 1, 72, 100
4, 1602934, Note_on_c, 1, 72, 0
4, 1603072, Note_on_c, 1, 72, 114
4, 1604193, Note_on_c, 1, 72, 0
4, 1605632, Note_on_c, 1, 74, 100
4, 1606006, Note_on_c, 1, 74, 0
4, 1606144, Note_on_c, 1, 74, 114
4, 1607265, Note_on_c, 1, 74, 0
4, 1608704, Note_on_c, 1, 75, 100
4, 1609078, Note_on_c, 1, 75, 0
4, 1609216, Note_on_c, 1, 80, 100
4, 1609964, Note_on_c, 1, 80, 0
4, 1610240, Note_on_c, 1, 79, 100
4, 1610614, Note_on_c, 1, 79, 0
4, 1610752, Note_on_c, 1, 77, 100
4, 1611500, Note_on_c, 1, 77, 0
4, 1612288, Note_on_c, 1, 75, 100
4, 1613036, Note_on_c, 1, 75, 0
4, 1614848, Note_on_c, 1, 77, 100
4, 1615222, Note_on_c, 1, 77, 0
4, 1615360, Note_on_c, 1, 82, 100
4, 1616108, Note_on_c, 1, 82, 0
4, 1616384, Note_on_c, 1, 80, 100
4, 1616758, Note_on_c, 1, 80, 0
4, 1616896, Note_on_c, 1, 79, 108
4, 1617644, Note_on_c, 1, 79, 0
4, 1617920, Note_on_c, 1, 70, 100
4, 1617920, Note_on_c, 1, 82, 100
4, 1618294, Note_on_c, 1, 70, 0
4, 1618294, Note_on_c, 1, 82, 0
4, 1618432, Note_on_c, 1, 70, 100
4, 1618432, Note_on_c, 1, 82, 100
4, 1619180, Note_on_c, 1, 70, 0
4, 1619180, Note_on_c, 1, 82, 0
4, 1619456, Note_on_c, 1, 70, 100
4, 1619456, Note_on_c, 1, 82, 100
4, 1619830, Note_on_c, 1, 70, 0
4, 1619830, Note_on_c, 1, 82, 0
4, 1619968, Note_on_c, 1, 70, 108
4, 1619968, Note_on_c, 1, 82, 108
4, 1620716, Note_on_c, 1, 70, 0
4, 1620716, Note_on_c, 1, 82, 0
4, 1620992, Note_on_c, 1, 70, 100
4, 1620992, Note_on_c, 1, 82, 100
4, 1621366, Note_on_c, 1, 70, 0
4, 1621366, Note_on_c, 1, 82, 0
4, 1621504, Note_on_c, 1, 70, 114
4, 1621504, Note_on_c, 1, 82, 114
4, 1622625, Note_on_c, 1, 70, 0
4, 1622625, Note_on_c, 1, 82, 0
4, 1624064, Note_on_c, 1, 70, 100
4, 1624064, Note_on_c, 1, 82, 100
4, 1624438, Note_on_c, 1, 70, 0
4, 1624438, Note_on_c, 1, 82, 0
4, 1624576, Note_on_c, 1, 70, 118
4, 1624576, Note_on_c, 1, 82, 118
4, 1625697, Note_on_c, 1, 70, 0
4, 1625697, Note_on_c, 1, 82, 0
4, 1627136, Note_on_c, 1, 79, 100
4, 1627510, Note_on_c, 1, 79, 0
4, 1627648, Note_on_c, 1, 84, 100
4, 1628396, Note_on_c, 1, 84, 0
4, 1628672, Note_on_c, 1, 82, 100
4, 1629046, Note_on_c, 1, 82, 0
4, 1629184, Note_on_c, 1, 80, 108
4, 1629932, Note_on_c, 1, 80, 0
4, 1630720, Note_on_c, 1, 79, 101
4, 1631468, Note_on_c, 1, 79, 0
4, 1633280, Note_on_c, 1, 68, 101
4, 1633280, Note_on_c, 1, 80, 101
4, 1633654, Note_on_c, 1, 68, 0
4, 1633654, Note_on_c, 1, 80, 0
4, 1633792, Note_on_c, 1, 73, 101
4, 1633792, Note_on_c, 1, 85, 101
4, 1634540, Note_on_c, 1, 73, 0
4, 1634540, Note_on_c, 1, 85, 0
4, 1634816, Note_on_c, 1, 72, 101
4, 1634816, Note_on_c, 1, 84, 101
4, 1635190, Note_on_c, 1, 72, 0
4, 1635190, Note_on_c, 1, 84, 0
4, 1635328, Note_on_c, 1, 70, 108
4, 1635328, Note_on_c, 1, 82, 108
4, 1636076, Note_on_c, 1, 70, 0
4, 1636076, Note_on_c, 1, 82, 0
4, 1636864, Note_on_c, 1, 68, 101
4, 1636864, Note_on_c, 1, 80, 101
4, 1637612, Note_on_c, 1, 68, 0
4, 1637612, Note_on_c, 1, 80, 0
4, 1639424, Note_on_c, 1, 70, 101
4, 1639798, Note_on_c, 1, 70, 0
4, 1639936, Note_on_c, 1, 75, 101
4, 1640684, Note_on_c, 1, 75, 0
4, 1640960, Note_on_c, 1, 73, 101
4, 1641334, Note_on_c, 1, 73, 0
4, 1641472, Note_on_c, 1, 72, 108
4, 1642220, Note_on_c, 1, 72, 0
4, 1643008, Note_on_c, 1, 70, 101
4, 1643756, Note_on_c, 1, 70, 0
4, 1645568, Note_on_c, 1, 69, 101
4, 1645568, Note_on_c, 1, 81, 101
4, 1645942, Note_on_c, 1, 69, 0
4, 1645942, Note_on_c, 1, 81, 0
4, 1646080, Note_on_c, 1, 69, 115
4, 1646080, Note_on_c, 1, 81, 115
4, 1647201, Note_on_c, 1, 69, 0
4, 1647201, Note_on_c, 1, 81, 0
4, 1648640, Note_on_c, 1, 69, 101
4, 1648640, Note_on_c, 1, 81, 101
4, 1649014, Note_on_c, 1, 69, 0
4, 1649014, Note_on_c, 1, 81, 0
4, 1649152, Note_on_c, 1, 69, 118
4, 1649152, Note_on_c, 1, 81, 118
4, 1650273, Note_on_c, 1, 69, 0
4, 1650273, Note_on_c, 1, 81, 0
4, 1651712, Note_on_c, 1, 70, 101
4, 1651712, Note_on_c, 1, 82, 101
4, 1652086, Note_on_c, 1, 70, 0
4, 1652086, Note_on_c, 1, 82, 0
4, 1652224, Note_on_c, 1, 70, 116
4, 1652224, Note_on_c, 1, 82, 116
4, 1653345, Note_on_c, 1, 70, 0
4, 1653345, Note_on_c, 1, 82, 0
4, 1654784, Note_on_c, 1, 70, 101
4, 1654784, Note_on_c, 1, 82, 101
4, 1655158, Note_on_c, 1, 70, 0
4, 1655158, Note_on_c, 1, 82, 0
4, 1655296, Note_on_c, 1, 70, 115
4, 1655296, Note_on_c, 1, 82, 115
4, 1656417, Note_on_c, 1, 70, 0
4, 1656417, Note_on_c, 1, 82, 0
4, 1657856, Note_on_c, 1, 70, 101
4, 1657856, Note_on_c, 1, 82, 101
4, 1658230, Note_on_c, 1, 70, 0
4, 1658230, Note_on_c, 1, 82, 0
4, 1658368, Note_on_c, 1, 70, 114
4, 1658368, Note_on_c, 1, 82, 114
4, 1659489, Note_on_c, 1, 70, 0
4, 1659489, Note_on_c, 1, 82, 0
4, 1660928, Note_on_c, 1, 70, 101
4, 1660928, Note_on_c, 1, 82, 101
4, 1661302, Note_on_c, 1, 70, 0
4, 1661302, Note_on_c, 1, 82, 0
4, 1661440, Note_on_c, 1, 70, 101
4, 1661440, Note_on_c, 1, 82, 101
4, 1662188, Note_on_c, 1, 70, 0
4, 1662188, Note_on_c, 1, 82, 0
4, 1662464, Note_on_c, 1, 69, 101
4, 1662464, Note_on_c, 1, 81, 101
4, 1662838, Note_on_c, 1, 69, 0
4, 1662838, Note_on_c, 1, 81, 0
4, 1662976, Note_on_c, 1, 70, 107
4, 1662976, Note_on_c, 1, 82, 107
4, 1663724, Note_on_c, 1, 70, 0
4, 1663724, Note_on_c, 1, 82, 0
4, 1664000, Note_on_c, 1, 65, 101
4, 1664000, Note_on_c, 1, 77, 101
4, 1664374, Note_on_c, 1, 65, 0
4, 1664374, Note_on_c, 1, 77, 0
4, 1664512, Note_on_c, 1, 65, 115
4, 1664512, Note_on_c, 1, 77, 115
4, 1665633, Note_on_c, 1, 65, 0
4, 1665633, Note_on_c, 1, 77, 0
4, 1667072, Note_on_c, 1, 65, 101
4, 1667072, Note_on_c, 1, 77, 101
4, 1667446, Note_on_c, 1, 65, 0
4, 1667446, Note_on_c, 1, 77, 0
4, 1667584, Note_on_c, 1, 65, 116
4, 1667584, Note_on_c, 1, 77, 116
4, 1668705, Note_on_c, 1, 65, 0
4, 1668705, Note_on_c, 1, 77, 0
4, 1673216, Note_on_c, 1, 78, 101
4, 1673590, Note_on_c, 1, 78, 0
4, 1673728, Note_on_c, 1, 71, 101
4, 1674476, Note_on_c, 1, 71, 0
4, 1674752, Note_on_c, 1, 71, 101
4, 1675126, Note_on_c, 1, 71, 0
4, 1675264, Note_on_c, 1, 80, 109
4, 1676012, Note_on_c, 1, 80, 0
4, 1679360, Note_on_c, 1, 82, 101
4, 1679734, Note_on_c, 1, 82, 0
4, 1679872, Note_on_c, 1, 75, 101
4, 1680620, Note_on_c, 1, 75, 0
4, 1680896, Note_on_c, 1, 75, 101
4, 1681270, Note_on_c, 1, 75, 0
4, 1681408, Note_on_c, 1, 83, 108
4, 1682156, Note_on_c, 1, 83, 0
4, 1683968, Note_on_c, 1, 77, 101
4, 1683968, Note_on_c, 1, 80, 101
4, 1684224, Note_on_c, 1, 77, 0
4, 1684224, Note_on_c, 1, 80, 0
4, 1684480, Note_on_c, 1, 78, 109
4, 1684480, Note_on_c, 1, 82, 109
4, 1684736, Note_on_c, 1, 78, 0
4, 1684736, Note_on_c, 1, 82, 0
4, 1684992, Note_on_c, 1, 77, 102
4, 1684992, Note_on_c, 1, 83, 102
4, 1685248, Note_on_c, 1, 77, 0
4, 1685248, Note_on_c, 1, 83, 0
4, 1685504, Note_on_c, 1, 78, 103
4, 1685504, Note_on_c, 1, 82, 103
4, 1685760, Note_on_c, 1, 78, 0
4, 1685760, Note_on_c, 1, 82, 0
4, 1686016, Note_on_c, 1, 78, 104
4, 1686016, Note_on_c, 1, 82, 104
4, 1686272, Note_on_c, 1, 78, 0
4, 1686272, Note_on_c, 1, 82, 0
4, 1686528, Note_on_c, 1, 78, 106
4, 1686528, Note_on_c, 1, 82, 106
4, 1686784, Note_on_c, 1, 78, 0
4, 1686784, Note_on_c, 1, 82, 0
4, 1687040, Note_on_c, 1, 78, 107
4, 1687040, Note_on_c, 1, 82, 107
4, 1687296, Note_on_c, 1, 78, 0
4, 1687296, Note_on_c, 1, 82, 0
4, 1687552, Note_on_c, 1, 78, 114
4, 1687552, Note_on_c, 1, 82, 114
4, 1688064, Note_on_c, 1, 78, 0
4, 1688064, Note_on_c, 1, 82, 0
4, 1692160, Note_on_c, 1, 78, 102
4, 1692416, Note_on_c, 1, 78, 0
4, 1692672, Note_on_c, 1, 78, 101
4, 1692928, Note_on_c, 1, 78, 0
4, 1693184, Note_on_c, 1, 78, 101
4, 1693440, Note_on_c, 1, 78, 0
4, 1693696, Note_on_c, 1, 78, 109
4, 1693952, Note_on_c, 1, 78, 0
4, 1694208, Note_on_c, 1, 80, 99
4, 1694464, Note_on_c, 1, 80, 0
4, 1694720, Note_on_c, 1, 82, 98
4, 1694976, Note_on_c, 1, 82, 0
4, 1695232, Note_on_c, 1, 82, 97
4, 1695488, Note_on_c, 1, 82, 0
4, 1695744, Note_on_c, 1, 83, 96
4, 1696000, Note_on_c, 1, 83, 0
4, 1696256, Note_on_c, 1, 82, 96
4, 1696512, Note_on_c, 1, 82, 0
4, 1696768, Note_on_c, 1, 80, 104
4, 1697024, Note_on_c, 1, 80, 0
4, 1697280, Note_on_c, 1, 78, 94
4, 1697536, Note_on_c, 1, 78, 0
4, 1697792, Note_on_c, 1, 77, 93
4, 1698048, Note_on_c, 1, 77, 0
4, 1698304, Note_on_c, 1, 75, 92
4, 1698816, Note_on_c, 1, 75, 0
4, 1713664, Note_on_c, 1, 70, 92
4, 1713664, Note_on_c, 1, 82, 92
4, 1713920, Note_on_c, 1, 70, 0
4, 1713920, Note_on_c, 1, 82, 0
4, 1714176, Note_on_c, 1, 70, 92
4, 1714176, Note_on_c, 1, 82, 92
4, 1714432, Note_on_c, 1, 70, 0
4, 1714432, Note_on_c, 1, 82, 0
4, 1714688, Note_on_c, 1, 70, 92
4, 1714688, Note_on_c, 1, 82, 92
4, 1714944, Note_on_c, 1, 70, 0
4, 1714944, Note_on_c, 1, 82, 0
4, 1715200, Note_on_c, 1, 70, 100
4, 1715200, Note_on_c, 1, 82, 100
4, 1715456, Note_on_c, 1, 70, 0
4, 1715456, Note_on_c, 1, 82, 0
4, 1715712, Note_on_c, 1, 70, 92
4, 1715712, Note_on_c, 1, 82, 92
4, 1715968, Note_on_c, 1, 70, 0
4, 1715968, Note_on_c, 1, 82, 0
4, 1716224, Note_on_c, 1, 70, 92
4, 1716224, Note_on_c, 1, 82, 92
4, 1716480, Note_on_c, 1, 70, 0
4, 1716480, Note_on_c, 1, 82, 0
4, 1716736, Note_on_c, 1, 70, 94
4, 1716736, Note_on_c, 1, 82, 94
4, 1716992, Note_on_c, 1, 70, 0
4, 1716992, Note_on_c, 1, 82, 0
4, 1717248, Note_on_c, 1, 70, 94
4, 1717248, Note_on_c, 1, 82, 94
4, 1717504, Note_on_c, 1, 70, 0
4, 1717504, Note_on_c, 1, 82, 0
4, 1717760, Note_on_c, 1, 70, 94
4, 1717760, Note_on_c, 1, 82, 94
4, 1718016, Note_on_c, 1, 70, 0
4, 1718016, Note_on_c, 1, 82, 0
4, 1718272, Note_on_c, 1, 70, 101
4, 1718272, Note_on_c, 1, 82, 101
4, 1718528, Note_on_c, 1, 70, 0
4, 1718528, Note_on_c, 1, 82, 0
4, 1718784, Note_on_c, 1, 70, 95
4, 1718784, Note_on_c, 1, 82, 95
4, 1719040, Note_on_c, 1, 70, 0
4, 1719040, Note_on_c, 1, 82, 0
4, 1719296, Note_on_c, 1, 70, 95
4, 1719296, Note_on_c, 1, 82, 95
4, 1719552, Note_on_c, 1, 70, 0
4, 1719552, Note_on_c, 1, 82, 0
4, 1719808, Note_on_c, 1, 70, 96
4, 1719808, Note_on_c, 1, 82, 96
4, 1720064, Note_on_c, 1, 70, 0
4, 1720064, Note_on_c, 1, 82, 0
4, 1720320, Note_on_c, 1, 70, 96
4, 1720320, Note_on_c, 1, 82, 96
4, 1720576, Note_on_c, 1, 70, 0
4, 1720576, Note_on_c, 1, 82, 0
4, 1720832, Note_on_c, 1, 70, 96
4, 1720832, Note_on_c, 1, 82, 96
4, 1721088, Note_on_c, 1, 70, 0
4, 1721088, Note_on_c, 1, 82, 0
4, 1721344, Note_on_c, 1, 70, 104
4, 1721344, Note_on_c, 1, 82, 104
4, 1721600, Note_on_c, 1, 70, 0
4, 1721600, Note_on_c, 1, 82, 0
4, 1721856, Note_on_c, 1, 70, 97
4, 1721856, Note_on_c, 1, 82, 97
4, 1722112, Note_on_c, 1, 70, 0
4, 1722112, Note_on_c, 1, 82, 0
4, 1722368, Note_on_c, 1, 70, 97
4, 1722368, Note_on_c, 1, 82, 97
4, 1722624, Note_on_c, 1, 70, 0
4, 1722624, Note_on_c, 1, 82, 0
4, 1722880, Note_on_c, 1, 70, 98
4, 1722880, Note_on_c, 1, 82, 98
4, 1723136, Note_on_c, 1, 70, 0
4, 1723136, Note_on_c, 1, 82, 0
4, 1723392, Note_on_c, 1, 70, 98
4, 1723392, Note_on_c, 1, 82, 98
4, 1723648, Note_on_c, 1, 70, 0
4, 1723648, Note_on_c, 1, 82, 0
4, 1723904, Note_on_c, 1, 70, 98
4, 1723904, Note_on_c, 1, 82, 98
4, 1724160, Note_on_c, 1, 70, 0
4, 1724160, Note_on_c, 1, 82, 0
4, 1724416, Note_on_c, 1, 70, 104
4, 1724416, Note_on_c, 1, 82, 104
4, 1724672, Note_on_c, 1, 70, 0
4, 1724672, Note_on_c, 1, 82, 0
4, 1724928, Note_on_c, 1, 70, 99
4, 1724928, Note_on_c, 1, 82, 99
4, 1725184, Note_on_c, 1, 70, 0
4, 1725184, Note_on_c, 1, 82, 0
4, 1725440, Note_on_c, 1, 70, 99
4, 1725440, Note_on_c, 1, 82, 99
4, 1725696, Note_on_c, 1, 70, 0
4, 1725696, Note_on_c, 1, 82, 0
4, 1725952, Note_on_c, 1, 70, 100
4, 1725952, Note_on_c, 1, 82, 100
4, 1726208, Note_on_c, 1, 70, 0
4, 1726208, Note_on_c, 1, 82, 0
4, 1726464, Note_on_c, 1, 70, 100
4, 1726464, Note_on_c, 1, 82, 100
4, 1726720, Note_on_c, 1, 70, 0
4, 1726720, Note_on_c, 1, 82, 0
4, 1726976, Note_on_c, 1, 70, 100
4, 1726976, Note_on_c, 1, 82, 100
4, 1727232, Note_on_c, 1, 70, 0
4, 1727232, Note_on_c, 1, 82, 0
4, 1727488, Note_on_c, 1, 70, 109
4, 1727488, Note_on_c, 1, 82, 109
4, 1727744, Note_on_c, 1, 70, 0
4, 1727744, Note_on_c, 1, 82, 0
4, 1728000, Note_on_c, 1, 71, 101
4, 1728000, Note_on_c, 1, 83, 101
4, 1728256, Note_on_c, 1, 71, 0
4, 1728256, Note_on_c, 1, 83, 0
4, 1728512, Note_on_c, 1, 73, 101
4, 1728512, Note_on_c, 1, 85, 101
4, 1728768, Note_on_c, 1, 73, 0
4, 1728768, Note_on_c, 1, 85, 0
4, 1729024, Note_on_c, 1, 73, 102
4, 1729024, Note_on_c, 1, 76, 102
4, 1729280, Note_on_c, 1, 73, 0
4, 1729280, Note_on_c, 1, 76, 0
4, 1729536, Note_on_c, 1, 74, 102
4, 1729536, Note_on_c, 1, 78, 102
4, 1729792, Note_on_c, 1, 74, 0
4, 1729792, Note_on_c, 1, 78, 0
4, 1730048, Note_on_c, 1, 76, 102
4, 1730048, Note_on_c, 1, 79, 102
4, 1730304, Note_on_c, 1, 76, 0
4, 1730304, Note_on_c, 1, 79, 0
4, 1730560, Note_on_c, 1, 71, 112
4, 1730560, Note_on_c, 1, 83, 112
4, 1731308, Note_on_c, 1, 71, 0
4, 1731308, Note_on_c, 1, 83, 0
4, 1731584, Note_on_c, 1, 71, 103
4, 1731584, Note_on_c, 1, 83, 103
4, 1731958, Note_on_c, 1, 71, 0
4, 1731958, Note_on_c, 1, 83, 0
4, 1732096, Note_on_c, 1, 71, 117
4, 1732096, Note_on_c, 1, 83, 117
4, 1733217, Note_on_c, 1, 71, 0
4, 1733217, Note_on_c, 1, 83, 0
4, 1734656, Note_on_c, 1, 73, 103
4, 1734656, Note_on_c, 1, 85, 103
4, 1735030, Note_on_c, 1, 73, 0
4, 1735030, Note_on_c, 1, 85, 0
4, 1735168, Note_on_c, 1, 73, 116
4, 1735168, Note_on_c, 1, 85, 116
4, 1736289, Note_on_c, 1, 73, 0
4, 1736289, Note_on_c, 1, 85, 0
4, 1736704, Note_on_c, 1, 63, 112
4, 1736704, Note_on_c, 1, 75, 112
4, 1736960, Note_on_c, 1, 63, 0
4, 1736960, Note_on_c, 1, 75, 0
4, 1737216, Note_on_c, 1, 64, 103
4, 1737216, Note_on_c, 1, 76, 103
4, 1737472, Note_on_c, 1, 64, 0
4, 1737472, Note_on_c, 1, 76, 0
4, 1737728, Note_on_c, 1, 66, 103
4, 1737728, Note_on_c, 1, 78, 103
4, 1737856, Note_on_c, 1, 66, 0
4, 1737856, Note_on_c, 1, 78, 0
4, 1737984, Note_on_c, 1, 67, 103
4, 1737984, Note_on_c, 1, 79, 103
4, 1738112, Note_on_c, 1, 67, 0
4, 1738112, Note_on_c, 1, 79, 0
4, 1738240, Note_on_c, 1, 67, 103
4, 1738240, Note_on_c, 1, 79, 103
4, 1738496, Note_on_c, 1, 67, 0
4, 1738496, Note_on_c, 1, 79, 0
4, 1738752, Note_on_c, 1, 67, 103
4, 1738752, Note_on_c, 1, 79, 103
4, 1739008, Note_on_c, 1, 67, 0
4, 1739008, Note_on_c, 1, 79, 0
4, 1739264, Note_on_c, 1, 67, 103
4, 1739264, Note_on_c, 1, 79, 103
4, 1739520, Note_on_c, 1, 67, 0
4, 1739520, Note_on_c, 1, 79, 0
4, 1739776, Note_on_c, 1, 67, 111
4, 1739776, Note_on_c, 1, 79, 111
4, 1740032, Note_on_c, 1, 67, 0
4, 1740032, Note_on_c, 1, 79, 0
4, 1740288, Note_on_c, 1, 69, 103
4, 1740288, Note_on_c, 1, 81, 103
4, 1740544, Note_on_c, 1, 69, 0
4, 1740544, Note_on_c, 1, 81, 0
4, 1740800, Note_on_c, 1, 67, 103
4, 1740800, Note_on_c, 1, 79, 103
4, 1741056, Note_on_c, 1, 67, 0
4, 1741056, Note_on_c, 1, 79, 0
4, 1741312, Note_on_c, 1, 78, 103
4, 1741568, Note_on_c, 1, 78, 0
4, 1741824, Note_on_c, 1, 76, 103
4, 1742080, Note_on_c, 1, 76, 0
4, 1742336, Note_on_c, 1, 75, 103
4, 1742592, Note_on_c, 1, 75, 0
4, 1742848, Note_on_c, 1, 72, 112
4, 1742848, Note_on_c, 1, 84, 112
4, 1743104, Note_on_c, 1, 72, 0
4, 1743104, Note_on_c, 1, 84, 0
4, 1743360, Note_on_c, 1, 72, 103
4, 1743360, Note_on_c, 1, 84, 103
4, 1743616, Note_on_c, 1, 72, 0
4, 1743616, Note_on_c, 1, 84, 0
4, 1743872, Note_on_c, 1, 72, 103
4, 1743872, Note_on_c, 1, 84, 103
4, 1744128, Note_on_c, 1, 72, 0
4, 1744128, Note_on_c, 1, 84, 0
4, 1744384, Note_on_c, 1, 72, 103
4, 1744384, Note_on_c, 1, 84, 103
4, 1744640, Note_on_c, 1, 72, 0
4, 1744640, Note_on_c, 1, 84, 0
4, 1744896, Note_on_c, 1, 71, 103
4, 1744896, Note_on_c, 1, 83, 103
4, 1745152, Note_on_c, 1, 71, 0
4, 1745152, Note_on_c, 1, 83, 0
4, 1745408, Note_on_c, 1, 69, 103
4, 1745408, Note_on_c, 1, 81, 103
4, 1745664, Note_on_c, 1, 69, 0
4, 1745664, Note_on_c, 1, 81, 0
4, 1745920, Note_on_c, 1, 66, 113
4, 1745920, Note_on_c, 1, 78, 113
4, 1746176, Note_on_c, 1, 66, 0
4, 1746176, Note_on_c, 1, 78, 0
4, 1746432, Note_on_c, 1, 67, 103
4, 1746432, Note_on_c, 1, 79, 103
4, 1746688, Note_on_c, 1, 67, 0
4, 1746688, Note_on_c, 1, 79, 0
4, 1746944, Note_on_c, 1, 67, 103
4, 1746944, Note_on_c, 1, 79, 103
4, 1747200, Note_on_c, 1, 67, 0
4, 1747200, Note_on_c, 1, 79, 0
4, 1747456, Note_on_c, 1, 67, 103
4, 1747456, Note_on_c, 1, 79, 103
4, 1747712, Note_on_c, 1, 67, 0
4, 1747712, Note_on_c, 1, 79, 0
4, 1747968, Note_on_c, 1, 69, 103
4, 1747968, Note_on_c, 1, 81, 103
4, 1748224, Note_on_c, 1, 69, 0
4, 1748224, Note_on_c, 1, 81, 0
4, 1748480, Note_on_c, 1, 71, 103
4, 1748480, Note_on_c, 1, 83, 103
4, 1748736, Note_on_c, 1, 71, 0
4, 1748736, Note_on_c, 1, 83, 0
4, 1748992, Note_on_c, 1, 71, 110
4, 1748992, Note_on_c, 1, 83, 110
4, 1749248, Note_on_c, 1, 71, 0
4, 1749248, Note_on_c, 1, 83, 0
4, 1749504, Note_on_c, 1, 72, 103
4, 1749504, Note_on_c, 1, 84, 103
4, 1749760, Note_on_c, 1, 72, 0
4, 1749760, Note_on_c, 1, 84, 0
4, 1750016, Note_on_c, 1, 71, 103
4, 1750016, Note_on_c, 1, 83, 103
4, 1750272, Note_on_c, 1, 71, 0
4, 1750272, Note_on_c, 1, 83, 0
4, 1750528, Note_on_c, 1, 69, 103
4, 1750528, Note_on_c, 1, 81, 103
4, 1750784, Note_on_c, 1, 69, 0
4, 1750784, Note_on_c, 1, 81, 0
4, 1751040, Note_on_c, 1, 67, 103
4, 1751040, Note_on_c, 1, 79, 103
4, 1751296, Note_on_c, 1, 67, 0
4, 1751296, Note_on_c, 1, 79, 0
4, 1751552, Note_on_c, 1, 66, 103
4, 1751552, Note_on_c, 1, 78, 103
4, 1751808, Note_on_c, 1, 66, 0
4, 1751808, Note_on_c, 1, 78, 0
4, 1752064, Note_on_c, 1, 78, 110
4, 1752064, Note_on_c, 1, 81, 110
4, 1752576, Note_on_c, 1, 78, 0
4, 1752576, Note_on_c, 1, 81, 0
4, 1753088, Note_on_c, 1, 78, 103
4, 1753088, Note_on_c, 1, 81, 103
4, 1753344, Note_on_c, 1, 78, 0
4, 1753344, Note_on_c, 1, 81, 0
4, 1753600, Note_on_c, 1, 76, 103
4, 1753600, Note_on_c, 1, 79, 103
4, 1754112, Note_on_c, 1, 76, 0
4, 1754112, Note_on_c, 1, 79, 0
4, 1754624, Note_on_c, 1, 76, 103
4, 1754624, Note_on_c, 1, 79, 103
4, 1754880, Note_on_c, 1, 76, 0
4, 1754880, Note_on_c, 1, 79, 0
4, 1755136, Note_on_c, 1, 76, 111
4, 1755136, Note_on_c, 1, 79, 111
4, 1755648, Note_on_c, 1, 76, 0
4, 1755648, Note_on_c, 1, 79, 0
4, 1756160, Note_on_c, 1, 76, 103
4, 1756160, Note_on_c, 1, 79, 103
4, 1756416, Note_on_c, 1, 76, 0
4, 1756416, Note_on_c, 1, 79, 0
4, 1756672, Note_on_c, 1, 74, 103
4, 1756672, Note_on_c, 1, 78, 103
4, 1757184, Note_on_c, 1, 74, 0
4, 1757184, Note_on_c, 1, 78, 0
4, 1757696, Note_on_c, 1, 74, 103
4, 1757696, Note_on_c, 1, 78, 103
4, 1757952, Note_on_c, 1, 74, 0
4, 1757952, Note_on_c, 1, 78, 0
4, 1758208, Note_on_c, 1, 74, 111
4, 1758208, Note_on_c, 1, 78, 111
4, 1758720, Note_on_c, 1, 74, 0
4, 1758720, Note_on_c, 1, 78, 0
4, 1759232, Note_on_c, 1, 74, 103
4, 1759232, Note_on_c, 1, 78, 103
4, 1759488, Note_on_c, 1, 74, 0
4, 1759488, Note_on_c, 1, 78, 0
4, 1759744, Note_on_c, 1, 73, 103
4, 1759744, Note_on_c, 1, 76, 103
4, 1760256, Note_on_c, 1, 73, 0
4, 1760256, Note_on_c, 1, 76, 0
4, 1760768, Note_on_c, 1, 73, 103
4, 1760768, Note_on_c, 1, 76, 103
4, 1761024, Note_on_c, 1, 73, 0
4, 1761024, Note_on_c, 1, 76, 0
4, 1761280, Note_on_c, 1, 73, 111
4, 1761280, Note_on_c, 1, 76, 111
4, 1761792, Note_on_c, 1, 73, 0
4, 1761792, Note_on_c, 1, 76, 0
4, 1762304, Note_on_c, 1, 73, 103
4, 1762304, Note_on_c, 1, 76, 103
4, 1762560, Note_on_c, 1, 73, 0
4, 1762560, Note_on_c, 1, 76, 0
4, 1762816, Note_on_c, 1, 71, 103
4, 1762816, Note_on_c, 1, 74, 103
4, 1763328, Note_on_c, 1, 71, 0
4, 1763328, Note_on_c, 1, 74, 0
4, 1763840, Note_on_c, 1, 71, 103
4, 1763840, Note_on_c, 1, 74, 103
4, 1764096, Note_on_c, 1, 71, 0
4, 1764096, Note_on_c, 1, 74, 0
4, 1764352, Note_on_c, 1, 70, 111
4, 1764352, Note_on_c, 1, 73, 111
4, 1764608, Note_on_c, 1, 70, 0
4, 1764608, Note_on_c, 1, 73, 0
4, 1764864, Note_on_c, 1, 70, 103
4, 1764864, Note_on_c, 1, 82, 103
4, 1765120, Note_on_c, 1, 70, 0
4, 1765120, Note_on_c, 1, 82, 0
4, 1765376, Note_on_c, 1, 70, 103
4, 1765376, Note_on_c, 1, 82, 103
4, 1765632, Note_on_c, 1, 70, 0
4, 1765632, Note_on_c, 1, 82, 0
4, 1765888, Note_on_c, 1, 71, 103
4, 1765888, Note_on_c, 1, 83, 103
4, 1766144, Note_on_c, 1, 71, 0
4, 1766144, Note_on_c, 1, 83, 0
4, 1766400, Note_on_c, 1, 71, 103
4, 1766400, Note_on_c, 1, 83, 103
4, 1766656, Note_on_c, 1, 71, 0
4, 1766656, Note_on_c, 1, 83, 0
4, 1766912, Note_on_c, 1, 71, 103
4, 1766912, Note_on_c, 1, 83, 103
4, 1767168, Note_on_c, 1, 71, 0
4, 1767168, Note_on_c, 1, 83, 0
4, 1767424, Note_on_c, 1, 73, 111
4, 1767424, Note_on_c, 1, 85, 111
4, 1768172, Note_on_c, 1, 73, 0
4, 1768172, Note_on_c, 1, 85, 0
4, 1768448, Note_on_c, 1, 66, 103
4, 1768448, Note_on_c, 1, 78, 103
4, 1768822, Note_on_c, 1, 66, 0
4, 1768822, Note_on_c, 1, 78, 0
4, 1768960, Note_on_c, 1, 66, 119
4, 1768960, Note_on_c, 1, 78, 119
4, 1770081, Note_on_c, 1, 66, 0
4, 1770081, Note_on_c, 1, 78, 0
4, 1771520, Note_on_c, 1, 66, 103
4, 1771520, Note_on_c, 1, 78, 103
4, 1771894, Note_on_c, 1, 66, 0
4, 1771894, Note_on_c, 1, 78, 0
4, 1772032, Note_on_c, 1, 68, 118
4, 1772032, Note_on_c, 1, 80, 118
4, 1773153, Note_on_c, 1, 68, 0
4, 1773153, Note_on_c, 1, 80, 0
4, 1774592, Note_on_c, 1, 65, 103
4, 1774592, Note_on_c, 1, 77, 103
4, 1774966, Note_on_c, 1, 65, 0
4, 1774966, Note_on_c, 1, 77, 0
4, 1775104, Note_on_c, 1, 65, 118
4, 1775104, Note_on_c, 1, 77, 118
4, 1776225, Note_on_c, 1, 65, 0
4, 1776225, Note_on_c, 1, 77, 0
4, 1777664, Note_on_c, 1, 65, 103
4, 1777664, Note_on_c, 1, 77, 103
4, 1778038, Note_on_c, 1, 65, 0
4, 1778038, Note_on_c, 1, 77, 0
4, 1778176, Note_on_c, 1, 66, 119
4, 1778176, Note_on_c, 1, 78, 119
4, 1779297, Note_on_c, 1, 66, 0
4, 1779297, Note_on_c, 1, 78, 0
4, 1780736, Note_on_c, 1, 76, 103
4, 1780736, Note_on_c, 1, 85, 103
4, 1781110, Note_on_c, 1, 76, 0
4, 1781110, Note_on_c, 1, 85, 0
4, 1781248, Note_on_c, 1, 76, 118
4, 1781248, Note_on_c, 1, 85, 118
4, 1782369, Note_on_c, 1, 76, 0
4, 1782369, Note_on_c, 1, 85, 0
4, 1783808, Note_on_c, 1, 76, 103
4, 1783808, Note_on_c, 1, 85, 103
4, 1784182, Note_on_c, 1, 76, 0
4, 1784182, Note_on_c, 1, 85, 0
4, 1784320, Note_on_c, 1, 74, 119
4, 1784320, Note_on_c, 1, 83, 119
4, 1785441, Note_on_c, 1, 74, 0
4, 1785441, Note_on_c, 1, 83, 0
4, 1786880, Note_on_c, 1, 71, 95
4, 1786880, Note_on_c, 1, 80, 95
4, 1787254, Note_on_c, 1, 71, 0
4, 1787254, Note_on_c, 1, 80, 0
4, 1787392, Note_on_c, 1, 71, 110
4, 1787392, Note_on_c, 1, 80, 110
4, 1788513, Note_on_c, 1, 71, 0
4, 1788513, Note_on_c, 1, 80, 0
4, 1789952, Note_on_c, 1, 71, 97
4, 1789952, Note_on_c, 1, 80, 97
4, 1790326, Note_on_c, 1, 71, 0
4, 1790326, Note_on_c, 1, 80, 0
4, 1790464, Note_on_c, 1, 73, 114
4, 1790464, Note_on_c, 1, 82, 114
4, 1791585, Note_on_c, 1, 73, 0
4, 1791585, Note_on_c, 1, 82, 0
4, 1793024, Note_on_c, 1, 73, 99
4, 1793024, Note_on_c, 1, 82, 99
4, 1793398, Note_on_c, 1, 73, 0
4, 1793398, Note_on_c, 1, 82, 0
4, 1793536, Note_on_c, 1, 74, 119
4, 1793536, Note_on_c, 1, 83, 119
4, 1794657, Note_on_c, 1, 74, 0
4, 1794657, Note_on_c, 1, 83, 0
4, 1796096, Note_on_c, 1, 74, 101
4, 1796096, Note_on_c, 1, 83, 101
4, 1796470, Note_on_c, 1, 74, 0
4, 1796470, Note_on_c, 1, 83, 0
4, 1796608, Note_on_c, 1, 76, 119
4, 1796608, Note_on_c, 1, 85, 119
4, 1797729, Note_on_c, 1, 76, 0
4, 1797729, Note_on_c, 1, 85, 0
4, 1799168, Note_on_c, 1, 76, 103
4, 1799168, Note_on_c, 1, 85, 103
4, 1799542, Note_on_c, 1, 76, 0
4, 1799542, Note_on_c, 1, 85, 0
4, 1799680, Note_on_c, 1, 78, 116
4, 1799680, Note_on_c, 1, 86, 116
4, 1800801, Note_on_c, 1, 78, 0
4, 1800801, Note_on_c, 1, 86, 0
4, 1802240, Note_on_c, 1, 75, 104
4, 1802240, Note_on_c, 1, 78, 104
4, 1802614, Note_on_c, 1, 75, 0
4, 1802614, Note_on_c, 1, 78, 0
4, 1802752, Note_on_c, 1, 71, 120
4, 1802752, Note_on_c, 1, 83, 120
4, 1803873, Note_on_c, 1, 71, 0
4, 1803873, Note_on_c, 1, 83, 0
4, 1805312, Note_on_c, 1, 71, 106
4, 1805312, Note_on_c, 1, 76, 106
4, 1805686, Note_on_c, 1, 71, 0
4, 1805686, Note_on_c, 1, 76, 0
4, 1805824, Note_on_c, 1, 71, 119
4, 1805824, Note_on_c, 1, 77, 119
4, 1806945, Note_on_c, 1, 71, 0
4, 1806945, Note_on_c, 1, 77, 0
4, 1808384, Note_on_c, 1, 71, 108
4, 1808384, Note_on_c, 1, 77, 108
4, 1808758, Note_on_c, 1, 71, 0
4, 1808758, Note_on_c, 1, 77, 0
4, 1808896, Note_on_c, 1, 66, 108
4, 1808896, Note_on_c, 1, 78, 108
4, 1809644, Note_on_c, 1, 66, 0
4, 1809644, Note_on_c, 1, 78, 0
4, 1809920, Note_on_c, 1, 66, 109
4, 1809920, Note_on_c, 1, 78, 109
4, 1810294, Note_on_c, 1, 66, 0
4, 1810294, Note_on_c, 1, 78, 0
4, 1810432, Note_on_c, 1, 66, 121
4, 1810432, Note_on_c, 1, 78, 121
4, 1811180, Note_on_c, 1, 66, 0
4, 1811180, Note_on_c, 1, 78, 0
4, 1811456, Note_on_c, 1, 66, 109
4, 1811456, Note_on_c, 1, 78, 109
4, 1811830, Note_on_c, 1, 66, 0
4, 1811830, Note_on_c, 1, 78, 0
4, 1811968, Note_on_c, 1, 66, 122
4, 1811968, Note_on_c, 1, 78, 122
4, 1814252, Note_on_c, 1, 66, 0
4, 1814252, Note_on_c, 1, 78, 0
4, 1814528, Note_on_c, 1, 66, 109
4, 1814528, Note_on_c, 1, 78, 109
4, 1814902, Note_on_c, 1, 66, 0
4, 1814902, Note_on_c, 1, 78, 0
4, 1815040, Note_on_c, 1, 66, 124
4, 1815040, Note_on_c, 1, 78, 124
4, 1817324, Note_on_c, 1, 66, 0
4, 1817324, Note_on_c, 1, 78, 0
4, 1817600, Note_on_c, 1, 66, 109
4, 1817600, Note_on_c, 1, 78, 109
4, 1817974, Note_on_c, 1, 66, 0
4, 1817974, Note_on_c, 1, 78, 0
4, 1818112, Note_on_c, 1, 66, 124
4, 1818112, Note_on_c, 1, 78, 124
4, 1820396, Note_on_c, 1, 66, 0
4, 1820396, Note_on_c, 1, 78, 0
4, 1820672, Note_on_c, 1, 66, 108
4, 1820672, Note_on_c, 1, 78, 108
4, 1821046, Note_on_c, 1, 66, 0
4, 1821046, Note_on_c, 1, 78, 0
4, 1821184, Note_on_c, 1, 66, 124
4, 1821184, Note_on_c, 1, 78, 124
4, 1823468, Note_on_c, 1, 66, 0
4, 1823468, Note_on_c, 1, 78, 0
4, 1823744, Note_on_c, 1, 66, 108
4, 1823744, Note_on_c, 1, 78, 108
4, 1824118, Note_on_c, 1, 66, 0
4, 1824118, Note_on_c, 1, 78, 0
4, 1824256, Note_on_c, 1, 66, 123
4, 1824256, Note_on_c, 1, 78, 123
4, 1826540, Note_on_c, 1, 66, 0
4, 1826540, Note_on_c, 1, 78, 0
4, 1826816, Note_on_c, 1, 66, 107
4, 1826816, Note_on_c, 1, 78, 107
4, 1827190, Note_on_c, 1, 66, 0
4, 1827190, Note_on_c, 1, 78, 0
4, 1827328, Note_on_c, 1, 66, 123
4, 1827328, Note_on_c, 1, 78, 123
4, 1829612, Note_on_c, 1, 66, 0
4, 1829612, Note_on_c, 1, 78, 0
4, 1829888, Note_on_c, 1, 66, 107
4, 1829888, Note_on_c, 1, 78, 107
4, 1830262, Note_on_c, 1, 66, 0
4, 1830262, Note_on_c, 1, 78, 0
4, 1830400, Note_on_c, 1, 66, 123
4, 1830400, Note_on_c, 1, 78, 123
4, 1832684, Note_on_c, 1, 66, 0
4, 1832684, Note_on_c, 1, 78, 0
4, 1832960, Note_on_c, 1, 66, 107
4, 1832960, Note_on_c, 1, 78, 107
4, 1833334, Note_on_c, 1, 66, 0
4, 1833334, Note_on_c, 1, 78, 0
4, 1833472, Note_on_c, 1, 66, 123
4, 1833472, Note_on_c, 1, 78, 123
4, 1835756, Note_on_c, 1, 66, 0
4, 1835756, Note_on_c, 1, 78, 0
4, 1847296, Note_on_c, 1, 71, 35
4, 1847296, Note_on_c, 1, 75, 35
4, 1850368, Note_on_c, 1, 71, 0
4, 1850368, Note_on_c, 1, 75, 0
4, 1850368, Note_on_c, 1, 73, 33
4, 1850368, Note_on_c, 1, 76, 33
4, 1851904, Note_on_c, 1, 73, 0
4, 1851904, Note_on_c, 1, 76, 0
4, 1851904, Note_on_c, 1, 75, 32
4, 1851904, Note_on_c, 1, 78, 32
4, 1853133, Note_on_c, 1, 75, 0
4, 1853133, Note_on_c, 1, 78, 0
4, 1865728, Note_on_c, 1, 71, 28
4, 1865728, Note_on_c, 1, 74, 28
4, 1868800, Note_on_c, 1, 71, 0
4, 1868800, Note_on_c, 1, 74, 0
4, 1868800, Note_on_c, 1, 73, 25
4, 1868800, Note_on_c, 1, 76, 25
4, 1870336, Note_on_c, 1, 73, 0
4, 1870336, Note_on_c, 1, 76, 0
4, 1870336, Note_on_c, 1, 74, 24
4, 1870336, Note_on_c, 1, 78, 24
4, 1871565, Note_on_c, 1, 74, 0
4, 1871565, Note_on_c, 1, 78, 0
4, 1883810, Control_c, 1, 7, 42
4, 1884160, Note_on_c, 1, 74, 103
4, 1884160, Note_on_c, 1, 78, 103
4, 1884258, Control_c, 1, 7, 41
4, 1884364, Control_c, 1, 7, 42
4, 1884470, Control_c, 1, 7, 44
4, 1884576, Control_c, 1, 7, 45
4, 1884682, Control_c, 1, 7, 47
4, 1884788, Control_c, 1, 7, 48
4, 1884894, Control_c, 1, 7, 50
4, 1885000, Control_c, 1, 7, 51
4, 1885106, Control_c, 1, 7, 53
4, 1885212, Control_c, 1, 7, 54
4, 1885318, Control_c, 1, 7, 56
4, 1885424, Control_c, 1, 7, 57
4, 1885530, Control_c, 1, 7, 59
4, 1885636, Control_c, 1, 7, 60
4, 1885742, Control_c, 1, 7, 62
4, 1885848, Control_c, 1, 7, 63
4, 1885954, Control_c, 1, 7, 65
4, 1886060, Control_c, 1, 7, 67
4, 1886166, Control_c, 1, 7, 68
4, 1886272, Control_c, 1, 7, 70
4, 1886378, Control_c, 1, 7, 71
4, 1886484, Control_c, 1, 7, 73
4, 1886590, Control_c, 1, 7, 74
4, 1886696, Control_c, 1, 7, 76
4, 1886802, Control_c, 1, 7, 77
4, 1886908, Control_c, 1, 7, 79
4, 1887014, Control_c, 1, 7, 80
4, 1887120, Control_c, 1, 7, 82
4, 1887226, Control_c, 1, 7, 83
4, 1887232, Note_on_c, 1, 74, 0
4, 1887232, Note_on_c, 1, 78, 0
4, 1887232, Note_on_c, 1, 76, 103
4, 1887232, Note_on_c, 1, 79, 103
4, 1887332, Control_c, 1, 7, 85
4, 1887438, Control_c, 1, 7, 86
4, 1887544, Control_c, 1, 7, 88
4, 1887650, Control_c, 1, 7, 90
4, 1887756, Control_c, 1, 7, 91
4, 1887862, Control_c, 1, 7, 93
4, 1887968, Control_c, 1, 7, 94
4, 1888074, Control_c, 1, 7, 96
4, 1888180, Control_c, 1, 7, 97
4, 1888286, Control_c, 1, 7, 99
4, 1888392, Control_c, 1, 7, 100
4, 1888498, Control_c, 1, 7, 102
4, 1888604, Control_c, 1, 7, 103
4, 1888710, Control_c, 1, 7, 105
4, 1888768, Note_on_c, 1, 76, 0
4, 1888768, Note_on_c, 1, 79, 0
4, 1888768, Note_on_c, 1, 78, 103
4, 1888768, Note_on_c, 1, 81, 103
4, 1888816, Control_c, 1, 7, 106
4, 1888922, Control_c, 1, 7, 108
4, 1889028, Control_c, 1, 7, 109
4, 1889134, Control_c, 1, 7, 111
4, 1889240, Control_c, 1, 7, 112
4, 1889346, Control_c, 1, 7, 114
4, 1889452, Control_c, 1, 7, 116
4, 1889558, Control_c, 1, 7, 117
4, 1889664, Control_c, 1, 7, 119
4, 1889770, Control_c, 1, 7, 120
4, 1889876, Control_c, 1, 7, 122
4, 1889889, Note_on_c, 1, 78, 0
4, 1889889, Note_on_c, 1, 81, 0
4, 1889982, Control_c, 1, 7, 123
4, 1890088, Control_c, 1, 7, 125
4, 1890194, Control_c, 1, 7, 126
4, 1890304, Note_on_c, 1, 74, 105
4, 1890304, Note_on_c, 1, 78, 105
4, 1891052, Note_on_c, 1, 74, 0
4, 1891052, Note_on_c, 1, 78, 0
4, 1891840, Note_on_c, 1, 74, 105
4, 1891840, Note_on_c, 1, 78, 105
4, 1892588, Note_on_c, 1, 74, 0
4, 1892588, Note_on_c, 1, 78, 0
4, 1893376, Note_on_c, 1, 76, 105
4, 1893376, Note_on_c, 1, 79, 105
4, 1894124, Note_on_c, 1, 76, 0
4, 1894124, Note_on_c, 1, 79, 0
4, 1894912, Note_on_c, 1, 78, 105
4, 1894912, Note_on_c, 1, 81, 105
4, 1895660, Note_on_c, 1, 78, 0
4, 1895660, Note_on_c, 1, 81, 0
4, 1896448, Note_on_c, 1, 78, 105
4, 1896448, Note_on_c, 1, 81, 105
4, 1897196, Note_on_c, 1, 78, 0
4, 1897196, Note_on_c, 1, 81, 0
4, 1897984, Note_on_c, 1, 76, 105
4, 1897984, Note_on_c, 1, 79, 105
4, 1898732, Note_on_c, 1, 76, 0
4, 1898732, Note_on_c, 1, 79, 0
4, 1899520, Note_on_c, 1, 69, 105
4, 1899520, Note_on_c, 1, 78, 105
4, 1900268, Note_on_c, 1, 69, 0
4, 1900268, Note_on_c, 1, 78, 0
4, 1901056, Note_on_c, 1, 67, 105
4, 1901056, Note_on_c, 1, 76, 105
4, 1901804, Note_on_c, 1, 67, 0
4, 1901804, Note_on_c, 1, 76, 0
4, 1902592, Note_on_c, 1, 66, 105
4, 1902592, Note_on_c, 1, 74, 105
4, 1903340, Note_on_c, 1, 66, 0
4, 1903340, Note_on_c, 1, 74, 0
4, 1904128, Note_on_c, 1, 66, 105
4, 1904128, Note_on_c, 1, 74, 105
4, 1904876, Note_on_c, 1, 66, 0
4, 1904876, Note_on_c, 1, 74, 0
4, 1905664, Note_on_c, 1, 69, 105
4, 1905664, Note_on_c, 1, 76, 105
4, 1906412, Note_on_c, 1, 69, 0
4, 1906412, Note_on_c, 1, 76, 0
4, 1907200, Note_on_c, 1, 74, 105
4, 1907200, Note_on_c, 1, 78, 105
4, 1907948, Note_on_c, 1, 74, 0
4, 1907948, Note_on_c, 1, 78, 0
4, 1908736, Note_on_c, 1, 74, 105
4, 1908736, Note_on_c, 1, 78, 105
4, 1909484, Note_on_c, 1, 74, 0
4, 1909484, Note_on_c, 1, 78, 0
4, 1911296, Note_on_c, 1, 73, 105
4, 1911296, Note_on_c, 1, 76, 105
4, 1911552, Note_on_c, 1, 73, 0
4, 1911552, Note_on_c, 1, 76, 0
4, 1911808, Note_on_c, 1, 73, 105
4, 1911808, Note_on_c, 1, 76, 105
4, 1912556, Note_on_c, 1, 73, 0
4, 1912556, Note_on_c, 1, 76, 0
4, 1914880, Note_on_c, 1, 69, 105
4, 1914880, Note_on_c, 1, 78, 105
4, 1915628, Note_on_c, 1, 69, 0
4, 1915628, Note_on_c, 1, 78, 0
4, 1916416, Note_on_c, 1, 78, 105
4, 1916416, Note_on_c, 1, 81, 105
4, 1917164, Note_on_c, 1, 78, 0
4, 1917164, Note_on_c, 1, 81, 0
4, 1917952, Note_on_c, 1, 79, 105
4, 1917952, Note_on_c, 1, 83, 105
4, 1918700, Note_on_c, 1, 79, 0
4, 1918700, Note_on_c, 1, 83, 0
4, 1919488, Note_on_c, 1, 81, 105
4, 1919488, Note_on_c, 1, 84, 105
4, 1920236, Note_on_c, 1, 81, 0
4, 1920236, Note_on_c, 1, 84, 0
4, 1921024, Note_on_c, 1, 81, 105
4, 1921024, Note_on_c, 1, 84, 105
4, 1921772, Note_on_c, 1, 81, 0
4, 1921772, Note_on_c, 1, 84, 0
4, 1922560, Note_on_c, 1, 79, 105
4, 1922560, Note_on_c, 1, 83, 105
4, 1923308, Note_on_c, 1, 79, 0
4, 1923308, Note_on_c, 1, 83, 0
4, 1924096, Note_on_c, 1, 78, 105
4, 1924096, Note_on_c, 1, 81, 105
4, 1924844, Note_on_c, 1, 78, 0
4, 1924844, Note_on_c, 1, 81, 0
4, 1925632, Note_on_c, 1, 76, 105
4, 1925632, Note_on_c, 1, 79, 105
4, 1926380, Note_on_c, 1, 76, 0
4, 1926380, Note_on_c, 1, 79, 0
4, 1927168, Note_on_c, 1, 74, 105
4, 1927168, Note_on_c, 1, 78, 105
4, 1927916, Note_on_c, 1, 74, 0
4, 1927916, Note_on_c, 1, 78, 0
4, 1928704, Note_on_c, 1, 74, 105
4, 1928704, Note_on_c, 1, 78, 105
4, 1929452, Note_on_c, 1, 74, 0
4, 1929452, Note_on_c, 1, 78, 0
4, 1930240, Note_on_c, 1, 76, 105
4, 1930240, Note_on_c, 1, 79, 105
4, 1930988, Note_on_c, 1, 76, 0
4, 1930988, Note_on_c, 1, 79, 0
4, 1931776, Note_on_c, 1, 78, 105
4, 1931776, Note_on_c, 1, 81, 105
4, 1932524, Note_on_c, 1, 78, 0
4, 1932524, Note_on_c, 1, 81, 0
4, 1933312, Note_on_c, 1, 76, 105
4, 1933312, Note_on_c, 1, 79, 105
4, 1934060, Note_on_c, 1, 76, 0
4, 1934060, Note_on_c, 1, 79, 0
4, 1935872, Note_on_c, 1, 74, 105
4, 1935872, Note_on_c, 1, 78, 105
4, 1936128, Note_on_c, 1, 74, 0
4, 1936128, Note_on_c, 1, 78, 0
4, 1936384, Note_on_c, 1, 74, 105
4, 1936384, Note_on_c, 1, 78, 105
4, 1937132, Note_on_c, 1, 74, 0
4, 1937132, Note_on_c, 1, 78, 0
4, 1939456, Note_on_c, 1, 73, 99
4, 1939456, Note_on_c, 1, 76, 99
4, 1940204, Note_on_c, 1, 73, 0
4, 1940204, Note_on_c, 1, 76, 0
4, 1940992, Note_on_c, 1, 73, 99
4, 1940992, Note_on_c, 1, 76, 99
4, 1941740, Note_on_c, 1, 73, 0
4, 1941740, Note_on_c, 1, 76, 0
4, 1942528, Note_on_c, 1, 74, 100
4, 1942528, Note_on_c, 1, 78, 100
4, 1943276, Note_on_c, 1, 74, 0
4, 1943276, Note_on_c, 1, 78, 0
4, 1944064, Note_on_c, 1, 74, 101
4, 1944064, Note_on_c, 1, 78, 101
4, 1944812, Note_on_c, 1, 74, 0
4, 1944812, Note_on_c, 1, 78, 0
4, 1945600, Note_on_c, 1, 73, 102
4, 1945600, Note_on_c, 1, 76, 102
4, 1946348, Note_on_c, 1, 73, 0
4, 1946348, Note_on_c, 1, 76, 0
4, 1947136, Note_on_c, 1, 74, 102
4, 1947136, Note_on_c, 1, 78, 102
4, 1947884, Note_on_c, 1, 74, 0
4, 1947884, Note_on_c, 1, 78, 0
4, 1948160, Note_on_c, 1, 76, 103
4, 1948160, Note_on_c, 1, 79, 103
4, 1948416, Note_on_c, 1, 76, 0
4, 1948416, Note_on_c, 1, 79, 0
4, 1948672, Note_on_c, 1, 74, 103
4, 1948672, Note_on_c, 1, 78, 103
4, 1949420, Note_on_c, 1, 74, 0
4, 1949420, Note_on_c, 1, 78, 0
4, 1950208, Note_on_c, 1, 74, 104
4, 1950208, Note_on_c, 1, 78, 104
4, 1950956, Note_on_c, 1, 74, 0
4, 1950956, Note_on_c, 1, 78, 0
4, 1951744, Note_on_c, 1, 73, 105
4, 1951744, Note_on_c, 1, 76, 105
4, 1952492, Note_on_c, 1, 73, 0
4, 1952492, Note_on_c, 1, 76, 0
4, 1953280, Note_on_c, 1, 74, 106
4, 1953280, Note_on_c, 1, 78, 106
4, 1954028, Note_on_c, 1, 74, 0
4, 1954028, Note_on_c, 1, 78, 0
4, 1954304, Note_on_c, 1, 76, 106
4, 1954304, Note_on_c, 1, 79, 106
4, 1954560, Note_on_c, 1, 76, 0
4, 1954560, Note_on_c, 1, 79, 0
4, 1954816, Note_on_c, 1, 73, 106
4, 1954816, Note_on_c, 1, 78, 106
4, 1955564, Note_on_c, 1, 73, 0
4, 1955564, Note_on_c, 1, 78, 0
4, 1956352, Note_on_c, 1, 73, 107
4, 1956352, Note_on_c, 1, 76, 107
4, 1957100, Note_on_c, 1, 73, 0
4, 1957100, Note_on_c, 1, 76, 0
4, 1957888, Note_on_c, 1, 71, 108
4, 1957888, Note_on_c, 1, 74, 108
4, 1958636, Note_on_c, 1, 71, 0
4, 1958636, Note_on_c, 1, 74, 0
4, 1959424, Note_on_c, 1, 68, 109
4, 1959424, Note_on_c, 1, 76, 109
4, 1960172, Note_on_c, 1, 68, 0
4, 1960172, Note_on_c, 1, 76, 0
4, 1960960, Note_on_c, 1, 69, 109
4, 1961708, Note_on_c, 1, 69, 0
4, 1962496, Note_on_c, 1, 74, 110
4, 1962496, Note_on_c, 1, 78, 110
4, 1963244, Note_on_c, 1, 74, 0
4, 1963244, Note_on_c, 1, 78, 0
4, 1964032, Note_on_c, 1, 74, 111
4, 1964032, Note_on_c, 1, 78, 111
4, 1964780, Note_on_c, 1, 74, 0
4, 1964780, Note_on_c, 1, 78, 0
4, 1965568, Note_on_c, 1, 69, 111
4, 1965568, Note_on_c, 1, 78, 111
4, 1966316, Note_on_c, 1, 69, 0
4, 1966316, Note_on_c, 1, 78, 0
4, 1967104, Note_on_c, 1, 71, 111
4, 1967104, Note_on_c, 1, 79, 111
4, 1967852, Note_on_c, 1, 71, 0
4, 1967852, Note_on_c, 1, 79, 0
4, 1968640, Note_on_c, 1, 72, 111
4, 1968640, Note_on_c, 1, 81, 111
4, 1969388, Note_on_c, 1, 72, 0
4, 1969388, Note_on_c, 1, 81, 0
4, 1970176, Note_on_c, 1, 72, 111
4, 1970176, Note_on_c, 1, 81, 111
4, 1970924, Note_on_c, 1, 72, 0
4, 1970924, Note_on_c, 1, 81, 0
4, 1971712, Note_on_c, 1, 71, 111
4, 1971712, Note_on_c, 1, 79, 111
4, 1972460, Note_on_c, 1, 71, 0
4, 1972460, Note_on_c, 1, 79, 0
4, 1973248, Note_on_c, 1, 69, 111
4, 1973248, Note_on_c, 1, 78, 111
4, 1973996, Note_on_c, 1, 69, 0
4, 1973996, Note_on_c, 1, 78, 0
4, 1974784, Note_on_c, 1, 79, 111
4, 1974784, Note_on_c, 1, 67, 111
4, 1975040, Note_on_c, 1, 67, 0
4, 1975296, Note_on_c, 1, 69, 111
4, 1975532, Note_on_c, 1, 79, 0
4, 1975552, Note_on_c, 1, 69, 0
4, 1975808, Note_on_c, 1, 71, 111
4, 1975808, Note_on_c, 1, 76, 111
4, 1976064, Note_on_c, 1, 71, 0
4, 1976064, Note_on_c, 1, 76, 0
4, 1976320, Note_on_c, 1, 66, 111
4, 1976320, Note_on_c, 1, 74, 111
4, 1977068, Note_on_c, 1, 66, 0
4, 1977068, Note_on_c, 1, 74, 0
4, 1977856, Note_on_c, 1, 66, 111
4, 1977856, Note_on_c, 1, 74, 111
4, 1978604, Note_on_c, 1, 66, 0
4, 1978604, Note_on_c, 1, 74, 0
4, 1979392, Note_on_c, 1, 67, 111
4, 1979392, Note_on_c, 1, 76, 111
4, 1980140, Note_on_c, 1, 67, 0
4, 1980140, Note_on_c, 1, 76, 0
4, 1980928, Note_on_c, 1, 69, 111
4, 1980928, Note_on_c, 1, 78, 111
4, 1981676, Note_on_c, 1, 69, 0
4, 1981676, Note_on_c, 1, 78, 0
4, 1982464, Note_on_c, 1, 73, 111
4, 1982464, Note_on_c, 1, 76, 111
4, 1983212, Note_on_c, 1, 73, 0
4, 1983212, Note_on_c, 1, 76, 0
4, 1985024, Note_on_c, 1, 66, 111
4, 1985024, Note_on_c, 1, 74, 111
4, 1985280, Note_on_c, 1, 66, 0
4, 1985280, Note_on_c, 1, 74, 0
4, 1985536, Note_on_c, 1, 66, 111
4, 1985536, Note_on_c, 1, 74, 111
4, 1986284, Note_on_c, 1, 66, 0
4, 1986284, Note_on_c, 1, 74, 0
4, 1988608, Note_on_c, 1, 73, 105
4, 1988608, Note_on_c, 1, 76, 105
4, 1989356, Note_on_c, 1, 73, 0
4, 1989356, Note_on_c, 1, 76, 0
4, 1990144, Note_on_c, 1, 73, 104
4, 1990144, Note_on_c, 1, 76, 104
4, 1990892, Note_on_c, 1, 73, 0
4, 1990892, Note_on_c, 1, 76, 0
4, 1991680, Note_on_c, 1, 74, 105
4, 1991680, Note_on_c, 1, 78, 105
4, 1992428, Note_on_c, 1, 74, 0
4, 1992428, Note_on_c, 1, 78, 0
4, 1993216, Note_on_c, 1, 74, 106
4, 1993216, Note_on_c, 1, 78, 106
4, 1993964, Note_on_c, 1, 74, 0
4, 1993964, Note_on_c, 1, 78, 0
4, 1994752, Note_on_c, 1, 73, 106
4, 1994752, Note_on_c, 1, 76, 106
4, 1995500, Note_on_c, 1, 73, 0
4, 1995500, Note_on_c, 1, 76, 0
4, 1996288, Note_on_c, 1, 74, 107
4, 1996288, Note_on_c, 1, 78, 107
4, 1997036, Note_on_c, 1, 74, 0
4, 1997036, Note_on_c, 1, 78, 0
4, 1997312, Note_on_c, 1, 76, 108
4, 1997312, Note_on_c, 1, 79, 108
4, 1997568, Note_on_c, 1, 76, 0
4, 1997568, Note_on_c, 1, 79, 0
4, 1997824, Note_on_c, 1, 74, 108
4, 1997824, Note_on_c, 1, 78, 108
4, 1998572, Note_on_c, 1, 74, 0
4, 1998572, Note_on_c, 1, 78, 0
4, 1999360, Note_on_c, 1, 74, 109
4, 1999360, Note_on_c, 1, 78, 109
4, 2000108, Note_on_c, 1, 74, 0
4, 2000108, Note_on_c, 1, 78, 0
4, 2000896, Note_on_c, 1, 73, 109
4, 2000896, Note_on_c, 1, 76, 109
4, 2001644, Note_on_c, 1, 73, 0
4, 2001644, Note_on_c, 1, 76, 0
4, 2002432, Note_on_c, 1, 74, 110
4, 2002432, Note_on_c, 1, 78, 110
4, 2003180, Note_on_c, 1, 74, 0
4, 2003180, Note_on_c, 1, 78, 0
4, 2003456, Note_on_c, 1, 76, 110
4, 2003456, Note_on_c, 1, 79, 110
4, 2003712, Note_on_c, 1, 76, 0
4, 2003712, Note_on_c, 1, 79, 0
4, 2003968, Note_on_c, 1, 73, 111
4, 2003968, Note_on_c, 1, 78, 111
4, 2004716, Note_on_c, 1, 73, 0
4, 2004716, Note_on_c, 1, 78, 0
4, 2005504, Note_on_c, 1, 73, 111
4, 2005504, Note_on_c, 1, 76, 111
4, 2006252, Note_on_c, 1, 73, 0
4, 2006252, Note_on_c, 1, 76, 0
4, 2007040, Note_on_c, 1, 71, 112
4, 2007040, Note_on_c, 1, 74, 112
4, 2007788, Note_on_c, 1, 71, 0
4, 2007788, Note_on_c, 1, 74, 0
4, 2008576, Note_on_c, 1, 68, 113
4, 2008576, Note_on_c, 1, 76, 113
4, 2009324, Note_on_c, 1, 68, 0
4, 2009324, Note_on_c, 1, 76, 0
4, 2010112, Note_on_c, 1, 69, 114
4, 2010860, Note_on_c, 1, 69, 0
4, 2011648, Note_on_c, 1, 74, 114
4, 2011648, Note_on_c, 1, 78, 114
4, 2012396, Note_on_c, 1, 74, 0
4, 2012396, Note_on_c, 1, 78, 0
4, 2013184, Note_on_c, 1, 74, 114
4, 2013184, Note_on_c, 1, 78, 114
4, 2013932, Note_on_c, 1, 74, 0
4, 2013932, Note_on_c, 1, 78, 0
4, 2014720, Note_on_c, 1, 69, 113
4, 2014720, Note_on_c, 1, 78, 113
4, 2015468, Note_on_c, 1, 69, 0
4, 2015468, Note_on_c, 1, 78, 0
4, 2016256, Note_on_c, 1, 71, 112
4, 2016256, Note_on_c, 1, 79, 112
4, 2017004, Note_on_c, 1, 71, 0
4, 2017004, Note_on_c, 1, 79, 0
4, 2017792, Note_on_c, 1, 72, 112
4, 2017792, Note_on_c, 1, 81, 112
4, 2018540, Note_on_c, 1, 72, 0
4, 2018540, Note_on_c, 1, 81, 0
4, 2019328, Note_on_c, 1, 72, 111
4, 2019328, Note_on_c, 1, 81, 111
4, 2020076, Note_on_c, 1, 72, 0
4, 2020076, Note_on_c, 1, 81, 0
4, 2020864, Note_on_c, 1, 71, 110
4, 2020864, Note_on_c, 1, 79, 110
4, 2021612, Note_on_c, 1, 71, 0
4, 2021612, Note_on_c, 1, 79, 0
4, 2022400, Note_on_c, 1, 69, 109
4, 2022400, Note_on_c, 1, 78, 109
4, 2023148, Note_on_c, 1, 69, 0
4, 2023148, Note_on_c, 1, 78, 0
4, 2023936, Note_on_c, 1, 79, 109
4, 2023936, Note_on_c, 1, 67, 109
4, 2024192, Note_on_c, 1, 67, 0
4, 2024448, Note_on_c, 1, 69, 108
4, 2024684, Note_on_c, 1, 79, 0
4, 2024704, Note_on_c, 1, 69, 0
4, 2024960, Note_on_c, 1, 71, 108
4, 2024960, Note_on_c, 1, 76, 108
4, 2025216, Note_on_c, 1, 71, 0
4, 2025216, Note_on_c, 1, 76, 0
4, 2025472, Note_on_c, 1, 66, 108
4, 2025472, Note_on_c, 1, 74, 108
4, 2026220, Note_on_c, 1, 66, 0
4, 2026220, Note_on_c, 1, 74, 0
4, 2027008, Note_on_c, 1, 66, 107
4, 2027008, Note_on_c, 1, 74, 107
4, 2027756, Note_on_c, 1, 66, 0
4, 2027756, Note_on_c, 1, 74, 0
4, 2028544, Note_on_c, 1, 67, 106
4, 2028544, Note_on_c, 1, 76, 106
4, 2029292, Note_on_c, 1, 67, 0
4, 2029292, Note_on_c, 1, 76, 0
4, 2030080, Note_on_c, 1, 69, 106
4, 2030080, Note_on_c, 1, 78, 106
4, 2030828, Note_on_c, 1, 69, 0
4, 2030828, Note_on_c, 1, 78, 0
4, 2031616, Note_on_c, 1, 73, 105
4, 2031616, Note_on_c, 1, 76, 105
4, 2032364, Note_on_c, 1, 73, 0
4, 2032364, Note_on_c, 1, 76, 0
4, 2034176, Note_on_c, 1, 66, 104
4, 2034176, Note_on_c, 1, 74, 104
4, 2034432, Note_on_c, 1, 66, 0
4, 2034432, Note_on_c, 1, 74, 0
4, 2034688, Note_on_c, 1, 66, 104
4, 2034688, Note_on_c, 1, 74, 104
4, 2035436, Note_on_c, 1, 66, 0
4, 2035436, Note_on_c, 1, 74, 0
4, 2036224, Note_on_c, 1, 78, 104
4, 2036224, Note_on_c, 1, 81, 104
4, 2036972, Note_on_c, 1, 78, 0
4, 2036972, Note_on_c, 1, 81, 0
4, 2037760, Note_on_c, 1, 76, 118
4, 2037760, Note_on_c, 1, 79, 118
4, 2038508, Note_on_c, 1, 76, 0
4, 2038508, Note_on_c, 1, 79, 0
4, 2040320, Note_on_c, 1, 74, 104
4, 2040320, Note_on_c, 1, 78, 104
4, 2040576, Note_on_c, 1, 74, 0
4, 2040576, Note_on_c, 1, 78, 0
4, 2040832, Note_on_c, 1, 74, 104
4, 2040832, Note_on_c, 1, 78, 104
4, 2041580, Note_on_c, 1, 74, 0
4, 2041580, Note_on_c, 1, 78, 0
4, 2042368, Note_on_c, 1, 74, 104
4, 2042368, Note_on_c, 1, 86, 104
4, 2043116, Note_on_c, 1, 74, 0
4, 2043116, Note_on_c, 1, 86, 0
4, 2043904, Note_on_c, 1, 81, 118
4, 2043904, Note_on_c, 1, 84, 118
4, 2044652, Note_on_c, 1, 81, 0
4, 2044652, Note_on_c, 1, 84, 0
4, 2046464, Note_on_c, 1, 79, 111
4, 2046464, Note_on_c, 1, 83, 111
4, 2046720, Note_on_c, 1, 79, 0
4, 2046720, Note_on_c, 1, 83, 0
4, 2046976, Note_on_c, 1, 79, 113
4, 2046976, Note_on_c, 1, 83, 113
4, 2047724, Note_on_c, 1, 79, 0
4, 2047724, Note_on_c, 1, 83, 0
4, 2050048, Control_c, 1, 121, 127
4, 2050048, End_track
5, 0, Start_track
5, 0, Title_t, "Clarinet"
5, 0, Program_c, 2, 71
5, 0, Control_c, 2, 121, 127
5, 0, Control_c, 2, 91, 127
5, 0, Control_c, 2, 1, 10
5, 0, Control_c, 2, 10, 80
5, 0, Control_c, 2, 11, 80
5, 2048, Note_on_c, 2, 58, 105
5, 2048, Note_on_c, 2, 70, 105
5, 4301, Note_on_c, 2, 58, 0
5, 4301, Note_on_c, 2, 70, 0
5, 4608, Note_on_c, 2, 57, 94
5, 4608, Note_on_c, 2, 69, 94
5, 4864, Note_on_c, 2, 57, 0
5, 4864, Note_on_c, 2, 69, 0
5, 5120, Note_on_c, 2, 57, 95
5, 5120, Note_on_c, 2, 69, 95
5, 5376, Note_on_c, 2, 57, 0
5, 5376, Note_on_c, 2, 69, 0
5, 5632, Note_on_c, 2, 62, 95
5, 5632, Note_on_c, 2, 74, 95
5, 5888, Note_on_c, 2, 62, 0
5, 5888, Note_on_c, 2, 74, 0
5, 6144, Note_on_c, 2, 62, 95
5, 6144, Note_on_c, 2, 74, 95
5, 6400, Note_on_c, 2, 62, 0
5, 6400, Note_on_c, 2, 74, 0
5, 6656, Note_on_c, 2, 65, 96
5, 6656, Note_on_c, 2, 77, 96
5, 6912, Note_on_c, 2, 65, 0
5, 6912, Note_on_c, 2, 77, 0
5, 7168, Note_on_c, 2, 65, 96
5, 7168, Note_on_c, 2, 77, 96
5, 7424, Note_on_c, 2, 65, 0
5, 7424, Note_on_c, 2, 77, 0
5, 7680, Note_on_c, 2, 69, 97
5, 7680, Note_on_c, 2, 81, 97
5, 7936, Note_on_c, 2, 69, 0
5, 7936, Note_on_c, 2, 81, 0
5, 8192, Note_on_c, 2, 69, 97
5, 8192, Note_on_c, 2, 81, 97
5, 8448, Note_on_c, 2, 69, 0
5, 8448, Note_on_c, 2, 81, 0
5, 8704, Note_on_c, 2, 62, 97
5, 8704, Note_on_c, 2, 74, 97
5, 8960, Note_on_c, 2, 62, 0
5, 8960, Note_on_c, 2, 74, 0
5, 9216, Note_on_c, 2, 62, 98
5, 9216, Note_on_c, 2, 74, 98
5, 9472, Note_on_c, 2, 62, 0
5, 9472, Note_on_c, 2, 74, 0
5, 9728, Note_on_c, 2, 65, 98
5, 9728, Note_on_c, 2, 77, 98
5, 9984, Note_on_c, 2, 65, 0
5, 9984, Note_on_c, 2, 77, 0
5, 10240, Note_on_c, 2, 65, 99
5, 10240, Note_on_c, 2, 77, 99
5, 10496, Note_on_c, 2, 65, 0
5, 10496, Note_on_c, 2, 77, 0
5, 10752, Note_on_c, 2, 57, 99
5, 10752, Note_on_c, 2, 69, 99
5, 11008, Note_on_c, 2, 57, 0
5, 11008, Note_on_c, 2, 69, 0
5, 11264, Note_on_c, 2, 57, 99
5, 11264, Note_on_c, 2, 69, 99
5, 11520, Note_on_c, 2, 57, 0
5, 11520, Note_on_c, 2, 69, 0
5, 11776, Note_on_c, 2, 62, 100
5, 11776, Note_on_c, 2, 74, 100
5, 12032, Note_on_c, 2, 62, 0
5, 12032, Note_on_c, 2, 74, 0
5, 12288, Note_on_c, 2, 62, 100
5, 12288, Note_on_c, 2, 74, 100
5, 12544, Note_on_c, 2, 62, 0
5, 12544, Note_on_c, 2, 74, 0
5, 12800, Note_on_c, 2, 53, 101
5, 12800, Note_on_c, 2, 65, 101
5, 13056, Note_on_c, 2, 53, 0
5, 13056, Note_on_c, 2, 65, 0
5, 13312, Note_on_c, 2, 53, 101
5, 13312, Note_on_c, 2, 65, 101
5, 13568, Note_on_c, 2, 53, 0
5, 13568, Note_on_c, 2, 65, 0
5, 13824, Note_on_c, 2, 69, 101
5, 13824, Note_on_c, 2, 81, 101
5, 14080, Note_on_c, 2, 69, 0
5, 14080, Note_on_c, 2, 81, 0
5, 14336, Note_on_c, 2, 69, 102
5, 14336, Note_on_c, 2, 81, 102
5, 14592, Note_on_c, 2, 69, 0
5, 14592, Note_on_c, 2, 81, 0
5, 14848, Note_on_c, 2, 62, 102
5, 14848, Note_on_c, 2, 74, 102
5, 15104, Note_on_c, 2, 62, 0
5, 15104, Note_on_c, 2, 74, 0
5, 15360, Note_on_c, 2, 62, 99
5, 15360, Note_on_c, 2, 74, 99
5, 15616, Note_on_c, 2, 62, 0
5, 15616, Note_on_c, 2, 74, 0
5, 15872, Note_on_c, 2, 65, 100
5, 15872, Note_on_c, 2, 77, 100
5, 16128, Note_on_c, 2, 65, 0
5, 16128, Note_on_c, 2, 77, 0
5, 16384, Note_on_c, 2, 65, 102
5, 16384, Note_on_c, 2, 77, 102
5, 16640, Note_on_c, 2, 65, 0
5, 16640, Note_on_c, 2, 77, 0
5, 16896, Note_on_c, 2, 66, 104
5, 16896, Note_on_c, 2, 78, 104
5, 17152, Note_on_c, 2, 66, 0
5, 17152, Note_on_c, 2, 78, 0
5, 17408, Note_on_c, 2, 66, 105
5, 17408, Note_on_c, 2, 78, 105
5, 17664, Note_on_c, 2, 66, 0
5, 17664, Note_on_c, 2, 78, 0
5, 17920, Note_on_c, 2, 67, 107
5, 17920, Note_on_c, 2, 79, 107
5, 18176, Note_on_c, 2, 67, 0
5, 18176, Note_on_c, 2, 79, 0
5, 18432, Note_on_c, 2, 67, 109
5, 18432, Note_on_c, 2, 79, 109
5, 18688, Note_on_c, 2, 67, 0
5, 18688, Note_on_c, 2, 79, 0
5, 18944, Note_on_c, 2, 68, 111
5, 18944, Note_on_c, 2, 80, 111
5, 19200, Note_on_c, 2, 68, 0
5, 19200, Note_on_c, 2, 80, 0
5, 19456, Note_on_c, 2, 68, 112
5, 19456, Note_on_c, 2, 80, 112
5, 19712, Note_on_c, 2, 68, 0
5, 19712, Note_on_c, 2, 80, 0
5, 19968, Note_on_c, 2, 62, 114
5, 19968, Note_on_c, 2, 74, 114
5, 20224, Note_on_c, 2, 62, 0
5, 20224, Note_on_c, 2, 74, 0
5, 20480, Note_on_c, 2, 62, 116
5, 20480, Note_on_c, 2, 74, 116
5, 20736, Note_on_c, 2, 62, 0
5, 20736, Note_on_c, 2, 74, 0
5, 20992, Note_on_c, 2, 65, 117
5, 20992, Note_on_c, 2, 77, 117
5, 21248, Note_on_c, 2, 65, 0
5, 21248, Note_on_c, 2, 77, 0
5, 21504, Note_on_c, 2, 65, 119
5, 21504, Note_on_c, 2, 77, 119
5, 22016, Note_on_c, 2, 65, 0
5, 22016, Note_on_c, 2, 77, 0
5, 22528, Note_on_c, 2, 69, 118
5, 22528, Note_on_c, 2, 81, 118
5, 23040, Note_on_c, 2, 69, 0
5, 23040, Note_on_c, 2, 81, 0
5, 54272, Note_on_c, 2, 63, 104
5, 54272, Note_on_c, 2, 75, 104
5, 56525, Note_on_c, 2, 63, 0
5, 56525, Note_on_c, 2, 75, 0
5, 56832, Note_on_c, 2, 69, 94
5, 56832, Note_on_c, 2, 81, 94
5, 57088, Note_on_c, 2, 69, 0
5, 57088, Note_on_c, 2, 81, 0
5, 57344, Note_on_c, 2, 69, 94
5, 57344, Note_on_c, 2, 81, 94
5, 57600, Note_on_c, 2, 69, 0
5, 57600, Note_on_c, 2, 81, 0
5, 57856, Note_on_c, 2, 72, 94
5, 57856, Note_on_c, 2, 84, 94
5, 58112, Note_on_c, 2, 72, 0
5, 58112, Note_on_c, 2, 84, 0
5, 58368, Note_on_c, 2, 72, 94
5, 58368, Note_on_c, 2, 84, 94
5, 58624, Note_on_c, 2, 72, 0
5, 58624, Note_on_c, 2, 84, 0
5, 58880, Note_on_c, 2, 66, 94
5, 58880, Note_on_c, 2, 78, 94
5, 59136, Note_on_c, 2, 66, 0
5, 59136, Note_on_c, 2, 78, 0
5, 59392, Note_on_c, 2, 66, 93
5, 59392, Note_on_c, 2, 78, 93
5, 59648, Note_on_c, 2, 66, 0
5, 59648, Note_on_c, 2, 78, 0
5, 59904, Note_on_c, 2, 69, 93
5, 59904, Note_on_c, 2, 81, 93
5, 60160, Note_on_c, 2, 69, 0
5, 60160, Note_on_c, 2, 81, 0
5, 60416, Note_on_c, 2, 69, 94
5, 60416, Note_on_c, 2, 81, 94
5, 60672, Note_on_c, 2, 69, 0
5, 60672, Note_on_c, 2, 81, 0
5, 60928, Note_on_c, 2, 60, 94
5, 60928, Note_on_c, 2, 72, 94
5, 61184, Note_on_c, 2, 60, 0
5, 61184, Note_on_c, 2, 72, 0
5, 61440, Note_on_c, 2, 60, 95
5, 61440, Note_on_c, 2, 72, 95
5, 61696, Note_on_c, 2, 60, 0
5, 61696, Note_on_c, 2, 72, 0
5, 61952, Note_on_c, 2, 63, 95
5, 61952, Note_on_c, 2, 75, 95
5, 62208, Note_on_c, 2, 63, 0
5, 62208, Note_on_c, 2, 75, 0
5, 62464, Note_on_c, 2, 63, 96
5, 62464, Note_on_c, 2, 75, 96
5, 62720, Note_on_c, 2, 63, 0
5, 62720, Note_on_c, 2, 75, 0
5, 62976, Note_on_c, 2, 57, 96
5, 62976, Note_on_c, 2, 69, 96
5, 63232, Note_on_c, 2, 57, 0
5, 63232, Note_on_c, 2, 69, 0
5, 63488, Note_on_c, 2, 57, 97
5, 63488, Note_on_c, 2, 69, 97
5, 63744, Note_on_c, 2, 57, 0
5, 63744, Note_on_c, 2, 69, 0
5, 64000, Note_on_c, 2, 60, 97
5, 64000, Note_on_c, 2, 72, 97
5, 64256, Note_on_c, 2, 60, 0
5, 64256, Note_on_c, 2, 72, 0
5, 64512, Note_on_c, 2, 60, 98
5, 64512, Note_on_c, 2, 72, 98
5, 64768, Note_on_c, 2, 60, 0
5, 64768, Note_on_c, 2, 72, 0
5, 65024, Note_on_c, 2, 54, 98
5, 65024, Note_on_c, 2, 66, 98
5, 65280, Note_on_c, 2, 54, 0
5, 65280, Note_on_c, 2, 66, 0
5, 65536, Note_on_c, 2, 54, 99
5, 65536, Note_on_c, 2, 66, 99
5, 65792, Note_on_c, 2, 54, 0
5, 65792, Note_on_c, 2, 66, 0
5, 66048, Note_on_c, 2, 57, 99
5, 66048, Note_on_c, 2, 69, 99
5, 66304, Note_on_c, 2, 57, 0
5, 66304, Note_on_c, 2, 69, 0
5, 66560, Note_on_c, 2, 57, 99
5, 66560, Note_on_c, 2, 69, 99
5, 66816, Note_on_c, 2, 57, 0
5, 66816, Note_on_c, 2, 69, 0
5, 67072, Note_on_c, 2, 54, 100
5, 67328, Note_on_c, 2, 54, 0
5, 67584, Note_on_c, 2, 54, 100
5, 67840, Note_on_c, 2, 54, 0
5, 68096, Note_on_c, 2, 63, 101
5, 68096, Note_on_c, 2, 75, 101
5, 68352, Note_on_c, 2, 63, 0
5, 68352, Note_on_c, 2, 75, 0
5, 68608, Note_on_c, 2, 63, 102
5, 68608, Note_on_c, 2, 75, 102
5, 68864, Note_on_c, 2, 63, 0
5, 68864, Note_on_c, 2, 75, 0
5, 69120, Note_on_c, 2, 62, 104
5, 69120, Note_on_c, 2, 74, 104
5, 69376, Note_on_c, 2, 62, 0
5, 69376, Note_on_c, 2, 74, 0
5, 69632, Note_on_c, 2, 62, 106
5, 69632, Note_on_c, 2, 74, 106
5, 69888, Note_on_c, 2, 62, 0
5, 69888, Note_on_c, 2, 74, 0
5, 70144, Note_on_c, 2, 60, 107
5, 70144, Note_on_c, 2, 72, 107
5, 70400, Note_on_c, 2, 60, 0
5, 70400, Note_on_c, 2, 72, 0
5, 70656, Note_on_c, 2, 60, 109
5, 70656, Note_on_c, 2, 72, 109
5, 70912, Note_on_c, 2, 60, 0
5, 70912, Note_on_c, 2, 72, 0
5, 71168, Note_on_c, 2, 58, 110
5, 71168, Note_on_c, 2, 70, 110
5, 71424, Note_on_c, 2, 58, 0
5, 71424, Note_on_c, 2, 70, 0
5, 71680, Note_on_c, 2, 58, 112
5, 71680, Note_on_c, 2, 70, 112
5, 71936, Note_on_c, 2, 58, 0
5, 71936, Note_on_c, 2, 70, 0
5, 72192, Note_on_c, 2, 57, 113
5, 72192, Note_on_c, 2, 69, 113
5, 72448, Note_on_c, 2, 57, 0
5, 72448, Note_on_c, 2, 69, 0
5, 72704, Note_on_c, 2, 72, 115
5, 72704, Note_on_c, 2, 75, 115
5, 72960, Note_on_c, 2, 72, 0
5, 72960, Note_on_c, 2, 75, 0
5, 73216, Note_on_c, 2, 72, 117
5, 73216, Note_on_c, 2, 75, 117
5, 73472, Note_on_c, 2, 72, 0
5, 73472, Note_on_c, 2, 75, 0
5, 73728, Note_on_c, 2, 72, 118
5, 73728, Note_on_c, 2, 75, 118
5, 74240, Note_on_c, 2, 72, 0
5, 74240, Note_on_c, 2, 75, 0
5, 76288, Note_on_c, 2, 72, 110
5, 76288, Note_on_c, 2, 81, 110
5, 76544, Note_on_c, 2, 72, 0
5, 76544, Note_on_c, 2, 81, 0
5, 76800, Note_on_c, 2, 72, 110
5, 76800, Note_on_c, 2, 81, 110
5, 77210, Note_on_c, 2, 72, 0
5, 77210, Note_on_c, 2, 81, 0
5, 90112, Note_on_c, 2, 62, 90
5, 90112, Note_on_c, 2, 65, 90
5, 90368, Note_on_c, 2, 62, 0
5, 90368, Note_on_c, 2, 65, 0
5, 91136, Note_on_c, 2, 62, 74
5, 91136, Note_on_c, 2, 67, 74
5, 91392, Note_on_c, 2, 62, 0
5, 91392, Note_on_c, 2, 67, 0
5, 92160, Note_on_c, 2, 57, 28
5, 92160, Note_on_c, 2, 69, 28
5, 93184, Note_on_c, 2, 57, 0
5, 93184, Note_on_c, 2, 64, 28
5, 108544, Note_on_c, 2, 64, 0
5, 108544, Note_on_c, 2, 63, 103
5, 108954, Note_on_c, 2, 63, 0
5, 108954, Note_on_c, 2, 69, 0
5, 145408, Note_on_c, 2, 76, 44
5, 146176, Note_on_c, 2, 76, 0
5, 146944, Note_on_c, 2, 64, 37
5, 147200, Note_on_c, 2, 64, 0
5, 147456, Note_on_c, 2, 64, 37
5, 147968, Note_on_c, 2, 64, 0
5, 148480, Note_on_c, 2, 69, 44
5, 148992, Note_on_c, 2, 69, 0
5, 149504, Note_on_c, 2, 71, 37
5, 150016, Note_on_c, 2, 71, 0
5, 150528, Note_on_c, 2, 72, 37
5, 151040, Note_on_c, 2, 72, 0
5, 151552, Note_on_c, 2, 67, 44
5, 151552, Note_on_c, 2, 70, 44
5, 152064, Note_on_c, 2, 67, 0
5, 152064, Note_on_c, 2, 70, 0
5, 152576, Note_on_c, 2, 65, 37
5, 152576, Note_on_c, 2, 69, 37
5, 153088, Note_on_c, 2, 65, 0
5, 153088, Note_on_c, 2, 69, 0
5, 153600, Note_on_c, 2, 64, 37
5, 153600, Note_on_c, 2, 67, 37
5, 154112, Note_on_c, 2, 64, 0
5, 154112, Note_on_c, 2, 67, 0
5, 154624, Note_on_c, 2, 65, 44
5, 154624, Note_on_c, 2, 69, 44
5, 155136, Note_on_c, 2, 65, 0
5, 155136, Note_on_c, 2, 69, 0
5, 155648, Note_on_c, 2, 65, 37
5, 155648, Note_on_c, 2, 70, 37
5, 156160, Note_on_c, 2, 65, 0
5, 156160, Note_on_c, 2, 70, 0
5, 156672, Note_on_c, 2, 65, 37
5, 156672, Note_on_c, 2, 72, 37
5, 157184, Note_on_c, 2, 65, 0
5, 157184, Note_on_c, 2, 72, 0
5, 157696, Note_on_c, 2, 64, 44
5, 157696, Note_on_c, 2, 76, 44
5, 158208, Note_on_c, 2, 64, 0
5, 158208, Note_on_c, 2, 76, 0
5, 158720, Note_on_c, 2, 65, 37
5, 158720, Note_on_c, 2, 77, 37
5, 159232, Note_on_c, 2, 65, 0
5, 159232, Note_on_c, 2, 77, 0
5, 159744, Note_on_c, 2, 67, 37
5, 159744, Note_on_c, 2, 79, 37
5, 160256, Note_on_c, 2, 67, 0
5, 160256, Note_on_c, 2, 79, 0
5, 160768, Note_on_c, 2, 65, 42
5, 160768, Note_on_c, 2, 72, 42
5, 161280, Note_on_c, 2, 65, 0
5, 161280, Note_on_c, 2, 72, 0
5, 161792, Note_on_c, 2, 64, 35
5, 161792, Note_on_c, 2, 70, 35
5, 162304, Note_on_c, 2, 64, 0
5, 162304, Note_on_c, 2, 70, 0
5, 162816, Note_on_c, 2, 65, 28
5, 162816, Note_on_c, 2, 69, 28
5, 163328, Note_on_c, 2, 65, 0
5, 163328, Note_on_c, 2, 69, 0
5, 186368, Note_on_c, 2, 74, 44
5, 186368, Note_on_c, 2, 65, 44
5, 188416, Note_on_c, 2, 74, 0
5, 188416, Note_on_c, 2, 69, 44
5, 190464, Note_on_c, 2, 69, 0
5, 190464, Note_on_c, 2, 70, 43
5, 192000, Note_on_c, 2, 65, 0
5, 192000, Note_on_c, 2, 58, 43
5, 192512, Note_on_c, 2, 70, 0
5, 192512, Note_on_c, 2, 65, 43
5, 192512, Note_on_c, 2, 58, 0
5, 192512, Note_on_c, 2, 60, 43
5, 194048, Note_on_c, 2, 65, 0
5, 194048, Note_on_c, 2, 63, 37
5, 194560, Note_on_c, 2, 63, 0
5, 194560, Note_on_c, 2, 60, 0
5, 194560, Note_on_c, 2, 62, 34
5, 194560, Note_on_c, 2, 58, 34
5, 195072, Note_on_c, 2, 62, 0
5, 195072, Note_on_c, 2, 58, 0
5, 206848, Note_on_c, 2, 68, 34
5, 212992, Note_on_c, 2, 68, 0
5, 212992, Note_on_c, 2, 66, 58
5, 215040, Note_on_c, 2, 66, 0
5, 215040, Note_on_c, 2, 69, 62
5, 217088, Note_on_c, 2, 69, 0
5, 217088, Note_on_c, 2, 68, 82
5, 217600, Note_on_c, 2, 68, 0
5, 231424, Note_on_c, 2, 64, 41
5, 232243, Note_on_c, 2, 64, 0
5, 232448, Note_on_c, 2, 64, 41
5, 233472, Note_on_c, 2, 64, 0
5, 233472, Note_on_c, 2, 66, 44
5, 234496, Note_on_c, 2, 66, 0
5, 234496, Note_on_c, 2, 67, 47
5, 235520, Note_on_c, 2, 67, 0
5, 235520, Note_on_c, 2, 67, 50
5, 236544, Note_on_c, 2, 67, 0
5, 236544, Note_on_c, 2, 66, 46
5, 237568, Note_on_c, 2, 66, 0
5, 237568, Note_on_c, 2, 64, 42
5, 238592, Note_on_c, 2, 64, 0
5, 238592, Note_on_c, 2, 62, 38
5, 239616, Note_on_c, 2, 62, 0
5, 239616, Note_on_c, 2, 61, 34
5, 239616, Note_on_c, 2, 64, 34
5, 240435, Note_on_c, 2, 61, 0
5, 240435, Note_on_c, 2, 64, 0
5, 240640, Note_on_c, 2, 61, 37
5, 240640, Note_on_c, 2, 64, 37
5, 241664, Note_on_c, 2, 61, 0
5, 241664, Note_on_c, 2, 64, 0
5, 241664, Note_on_c, 2, 62, 41
5, 241664, Note_on_c, 2, 66, 41
5, 242688, Note_on_c, 2, 62, 0
5, 242688, Note_on_c, 2, 66, 0
5, 242688, Note_on_c, 2, 64, 44
5, 242688, Note_on_c, 2, 67, 44
5, 243712, Note_on_c, 2, 64, 0
5, 243712, Note_on_c, 2, 67, 0
5, 243712, Note_on_c, 2, 64, 45
5, 243712, Note_on_c, 2, 67, 45
5, 244736, Note_on_c, 2, 64, 0
5, 244736, Note_on_c, 2, 67, 0
5, 244736, Note_on_c, 2, 62, 41
5, 244736, Note_on_c, 2, 66, 41
5, 245760, Note_on_c, 2, 62, 0
5, 245760, Note_on_c, 2, 66, 0
5, 245760, Note_on_c, 2, 64, 37
5, 245760, Note_on_c, 2, 73, 37
5, 246784, Note_on_c, 2, 64, 0
5, 246784, Note_on_c, 2, 73, 0
5, 246784, Note_on_c, 2, 66, 33
5, 246784, Note_on_c, 2, 74, 33
5, 247808, Note_on_c, 2, 66, 0
5, 247808, Note_on_c, 2, 74, 0
5, 247808, Note_on_c, 2, 67, 64
5, 247808, Note_on_c, 2, 79, 64
5, 248320, Note_on_c, 2, 67, 0
5, 248320, Note_on_c, 2, 79, 0
5, 248832, Note_on_c, 2, 67, 100
5, 248832, Note_on_c, 2, 73, 100
5, 249344, Note_on_c, 2, 67, 0
5, 249344, Note_on_c, 2, 73, 0
5, 251904, Note_on_c, 2, 67, 96
5, 251904, Note_on_c, 2, 76, 96
5, 252416, Note_on_c, 2, 67, 0
5, 252416, Note_on_c, 2, 76, 0
5, 254976, Note_on_c, 2, 73, 93
5, 254976, Note_on_c, 2, 76, 93
5, 255488, Note_on_c, 2, 73, 0
5, 255488, Note_on_c, 2, 76, 0
5, 258048, Note_on_c, 2, 74, 99
5, 258048, Note_on_c, 2, 78, 99
5, 258560, Note_on_c, 2, 74, 0
5, 258560, Note_on_c, 2, 78, 0
5, 270336, Note_on_c, 2, 67, 107
5, 270336, Note_on_c, 2, 71, 107
5, 271155, Note_on_c, 2, 67, 0
5, 271155, Note_on_c, 2, 71, 0
5, 271360, Note_on_c, 2, 71, 101
5, 271360, Note_on_c, 2, 79, 101
5, 271616, Note_on_c, 2, 71, 0
5, 271616, Note_on_c, 2, 79, 0
5, 278528, Note_on_c, 2, 73, 101
5, 278528, Note_on_c, 2, 76, 101
5, 279040, Note_on_c, 2, 73, 0
5, 279040, Note_on_c, 2, 76, 0
5, 280576, Note_on_c, 2, 74, 103
5, 280576, Note_on_c, 2, 78, 103
5, 281088, Note_on_c, 2, 74, 0
5, 281088, Note_on_c, 2, 78, 0
5, 577536, Note_on_c, 2, 74, 98
5, 577536, Note_on_c, 2, 78, 98
5, 579584, Note_on_c, 2, 74, 0
5, 579584, Note_on_c, 2, 78, 0
5, 579584, Note_on_c, 2, 76, 99
5, 579584, Note_on_c, 2, 79, 99
5, 580608, Note_on_c, 2, 76, 0
5, 580608, Note_on_c, 2, 79, 0
5, 580608, Note_on_c, 2, 78, 99
5, 580608, Note_on_c, 2, 81, 99
5, 581427, Note_on_c, 2, 78, 0
5, 581427, Note_on_c, 2, 81, 0
5, 581632, Note_on_c, 2, 78, 99
5, 581632, Note_on_c, 2, 81, 99
5, 582656, Note_on_c, 2, 78, 0
5, 582656, Note_on_c, 2, 81, 0
5, 582656, Note_on_c, 2, 76, 99
5, 582656, Note_on_c, 2, 79, 99
5, 583680, Note_on_c, 2, 76, 0
5, 583680, Note_on_c, 2, 79, 0
5, 583680, Note_on_c, 2, 74, 99
5, 583680, Note_on_c, 2, 78, 99
5, 584428, Note_on_c, 2, 74, 0
5, 584428, Note_on_c, 2, 78, 0
5, 584704, Note_on_c, 2, 69, 99
5, 584704, Note_on_c, 2, 76, 99
5, 585452, Note_on_c, 2, 69, 0
5, 585452, Note_on_c, 2, 76, 0
5, 585728, Note_on_c, 2, 66, 99
5, 585728, Note_on_c, 2, 74, 99
5, 586476, Note_on_c, 2, 66, 0
5, 586476, Note_on_c, 2, 74, 0
5, 586752, Note_on_c, 2, 66, 99
5, 586752, Note_on_c, 2, 74, 99
5, 587776, Note_on_c, 2, 66, 0
5, 587776, Note_on_c, 2, 74, 0
5, 587776, Note_on_c, 2, 69, 99
5, 587776, Note_on_c, 2, 76, 99
5, 588800, Note_on_c, 2, 69, 0
5, 588800, Note_on_c, 2, 76, 0
5, 588800, Note_on_c, 2, 74, 99
5, 588800, Note_on_c, 2, 78, 99
5, 589619, Note_on_c, 2, 74, 0
5, 589619, Note_on_c, 2, 78, 0
5, 589824, Note_on_c, 2, 74, 99
5, 589824, Note_on_c, 2, 78, 99
5, 591360, Note_on_c, 2, 74, 0
5, 591360, Note_on_c, 2, 78, 0
5, 591360, Note_on_c, 2, 69, 99
5, 591360, Note_on_c, 2, 76, 99
5, 591770, Note_on_c, 2, 69, 0
5, 591770, Note_on_c, 2, 76, 0
5, 591872, Note_on_c, 2, 69, 99
5, 591872, Note_on_c, 2, 76, 99
5, 593510, Note_on_c, 2, 69, 0
5, 593510, Note_on_c, 2, 76, 0
5, 593920, Note_on_c, 2, 74, 99
5, 593920, Note_on_c, 2, 78, 99
5, 595968, Note_on_c, 2, 74, 0
5, 595968, Note_on_c, 2, 78, 0
5, 595968, Note_on_c, 2, 76, 99
5, 595968, Note_on_c, 2, 79, 99
5, 596992, Note_on_c, 2, 76, 0
5, 596992, Note_on_c, 2, 79, 0
5, 596992, Note_on_c, 2, 78, 99
5, 596992, Note_on_c, 2, 81, 99
5, 597811, Note_on_c, 2, 78, 0
5, 597811, Note_on_c, 2, 81, 0
5, 598016, Note_on_c, 2, 78, 99
5, 598016, Note_on_c, 2, 81, 99
5, 599040, Note_on_c, 2, 78, 0
5, 599040, Note_on_c, 2, 81, 0
5, 599040, Note_on_c, 2, 76, 99
5, 599040, Note_on_c, 2, 79, 99
5, 600064, Note_on_c, 2, 76, 0
5, 600064, Note_on_c, 2, 79, 0
5, 600064, Note_on_c, 2, 74, 99
5, 600064, Note_on_c, 2, 78, 99
5, 600812, Note_on_c, 2, 74, 0
5, 600812, Note_on_c, 2, 78, 0
5, 601088, Note_on_c, 2, 69, 99
5, 601088, Note_on_c, 2, 76, 99
5, 601836, Note_on_c, 2, 69, 0
5, 601836, Note_on_c, 2, 76, 0
5, 602112, Note_on_c, 2, 66, 99
5, 602112, Note_on_c, 2, 74, 99
5, 602860, Note_on_c, 2, 66, 0
5, 602860, Note_on_c, 2, 74, 0
5, 603136, Note_on_c, 2, 66, 99
5, 603136, Note_on_c, 2, 74, 99
5, 603884, Note_on_c, 2, 66, 0
5, 603884, Note_on_c, 2, 74, 0
5, 604160, Note_on_c, 2, 69, 99
5, 604160, Note_on_c, 2, 76, 99
5, 604908, Note_on_c, 2, 69, 0
5, 604908, Note_on_c, 2, 76, 0
5, 605184, Note_on_c, 2, 74, 99
5, 605184, Note_on_c, 2, 78, 99
5, 605932, Note_on_c, 2, 74, 0
5, 605932, Note_on_c, 2, 78, 0
5, 606208, Note_on_c, 2, 69, 99
5, 606208, Note_on_c, 2, 76, 99
5, 607744, Note_on_c, 2, 69, 0
5, 607744, Note_on_c, 2, 76, 0
5, 607744, Note_on_c, 2, 66, 99
5, 607744, Note_on_c, 2, 74, 99
5, 608154, Note_on_c, 2, 66, 0
5, 608154, Note_on_c, 2, 74, 0
5, 608256, Note_on_c, 2, 66, 99
5, 608256, Note_on_c, 2, 74, 99
5, 609894, Note_on_c, 2, 66, 0
5, 609894, Note_on_c, 2, 74, 0
5, 610304, Note_on_c, 2, 73, 98
5, 610304, Note_on_c, 2, 76, 98
5, 612352, Note_on_c, 2, 73, 0
5, 612352, Note_on_c, 2, 76, 0
5, 612352, Note_on_c, 2, 74, 98
5, 612352, Note_on_c, 2, 78, 98
5, 613376, Note_on_c, 2, 74, 0
5, 613376, Note_on_c, 2, 78, 0
5, 613376, Note_on_c, 2, 66, 98
5, 613376, Note_on_c, 2, 74, 98
5, 614195, Note_on_c, 2, 66, 0
5, 614195, Note_on_c, 2, 74, 0
5, 614400, Note_on_c, 2, 73, 98
5, 614400, Note_on_c, 2, 76, 98
5, 615424, Note_on_c, 2, 73, 0
5, 615424, Note_on_c, 2, 76, 0
5, 615424, Note_on_c, 2, 74, 98
5, 615424, Note_on_c, 2, 78, 98
5, 615936, Note_on_c, 2, 74, 0
5, 615936, Note_on_c, 2, 78, 0
5, 615936, Note_on_c, 2, 76, 98
5, 615936, Note_on_c, 2, 79, 98
5, 616448, Note_on_c, 2, 76, 0
5, 616448, Note_on_c, 2, 79, 0
5, 616448, Note_on_c, 2, 74, 97
5, 616448, Note_on_c, 2, 78, 97
5, 617196, Note_on_c, 2, 74, 0
5, 617196, Note_on_c, 2, 78, 0
5, 617472, Note_on_c, 2, 66, 97
5, 617472, Note_on_c, 2, 74, 97
5, 618220, Note_on_c, 2, 66, 0
5, 618220, Note_on_c, 2, 74, 0
5, 618496, Note_on_c, 2, 73, 97
5, 618496, Note_on_c, 2, 76, 97
5, 619520, Note_on_c, 2, 73, 0
5, 619520, Note_on_c, 2, 76, 0
5, 619520, Note_on_c, 2, 74, 97
5, 619520, Note_on_c, 2, 78, 97
5, 620032, Note_on_c, 2, 74, 0
5, 620032, Note_on_c, 2, 78, 0
5, 620032, Note_on_c, 2, 76, 97
5, 620032, Note_on_c, 2, 79, 97
5, 620544, Note_on_c, 2, 76, 0
5, 620544, Note_on_c, 2, 79, 0
5, 620544, Note_on_c, 2, 73, 97
5, 620544, Note_on_c, 2, 78, 97
5, 621568, Note_on_c, 2, 73, 0
5, 621568, Note_on_c, 2, 78, 0
5, 621568, Note_on_c, 2, 73, 100
5, 621568, Note_on_c, 2, 76, 100
5, 622316, Note_on_c, 2, 73, 0
5, 622316, Note_on_c, 2, 76, 0
5, 622592, Note_on_c, 2, 71, 101
5, 622592, Note_on_c, 2, 74, 101
5, 623104, Note_on_c, 2, 71, 0
5, 623104, Note_on_c, 2, 74, 0
5, 623616, Note_on_c, 2, 68, 103
5, 623616, Note_on_c, 2, 76, 103
5, 624128, Note_on_c, 2, 68, 0
5, 624128, Note_on_c, 2, 76, 0
5, 624640, Note_on_c, 2, 69, 104
5, 625152, Note_on_c, 2, 69, 0
5, 625664, Note_on_c, 2, 74, 101
5, 625664, Note_on_c, 2, 78, 101
5, 627507, Note_on_c, 2, 74, 0
5, 627507, Note_on_c, 2, 78, 0
5, 627712, Note_on_c, 2, 74, 101
5, 627712, Note_on_c, 2, 78, 101
5, 628460, Note_on_c, 2, 74, 0
5, 628460, Note_on_c, 2, 78, 0
5, 628736, Note_on_c, 2, 76, 101
5, 628736, Note_on_c, 2, 79, 101
5, 629484, Note_on_c, 2, 76, 0
5, 629484, Note_on_c, 2, 79, 0
5, 629760, Note_on_c, 2, 78, 101
5, 629760, Note_on_c, 2, 81, 101
5, 630508, Note_on_c, 2, 78, 0
5, 630508, Note_on_c, 2, 81, 0
5, 630784, Note_on_c, 2, 78, 101
5, 630784, Note_on_c, 2, 81, 101
5, 631808, Note_on_c, 2, 78, 0
5, 631808, Note_on_c, 2, 81, 0
5, 631808, Note_on_c, 2, 76, 101
5, 631808, Note_on_c, 2, 79, 101
5, 632832, Note_on_c, 2, 76, 0
5, 632832, Note_on_c, 2, 79, 0
5, 632832, Note_on_c, 2, 74, 101
5, 632832, Note_on_c, 2, 78, 101
5, 633580, Note_on_c, 2, 74, 0
5, 633580, Note_on_c, 2, 78, 0
5, 633856, Note_on_c, 2, 69, 101
5, 633856, Note_on_c, 2, 76, 101
5, 634604, Note_on_c, 2, 69, 0
5, 634604, Note_on_c, 2, 76, 0
5, 634880, Note_on_c, 2, 66, 101
5, 634880, Note_on_c, 2, 74, 101
5, 635628, Note_on_c, 2, 66, 0
5, 635628, Note_on_c, 2, 74, 0
5, 635904, Note_on_c, 2, 66, 101
5, 635904, Note_on_c, 2, 74, 101
5, 636652, Note_on_c, 2, 66, 0
5, 636652, Note_on_c, 2, 74, 0
5, 636928, Note_on_c, 2, 69, 101
5, 636928, Note_on_c, 2, 76, 101
5, 637676, Note_on_c, 2, 69, 0
5, 637676, Note_on_c, 2, 76, 0
5, 637952, Note_on_c, 2, 74, 101
5, 637952, Note_on_c, 2, 78, 101
5, 638700, Note_on_c, 2, 74, 0
5, 638700, Note_on_c, 2, 78, 0
5, 638976, Note_on_c, 2, 69, 101
5, 638976, Note_on_c, 2, 76, 101
5, 640512, Note_on_c, 2, 69, 0
5, 640512, Note_on_c, 2, 76, 0
5, 640512, Note_on_c, 2, 66, 101
5, 640512, Note_on_c, 2, 74, 101
5, 640768, Note_on_c, 2, 66, 0
5, 640768, Note_on_c, 2, 74, 0
5, 641024, Note_on_c, 2, 66, 101
5, 641024, Note_on_c, 2, 74, 101
5, 641280, Note_on_c, 2, 66, 0
5, 641280, Note_on_c, 2, 74, 0
5, 641536, Note_on_c, 2, 69, 101
5, 641536, Note_on_c, 2, 78, 101
5, 642048, Note_on_c, 2, 69, 0
5, 642048, Note_on_c, 2, 78, 0
5, 642048, Note_on_c, 2, 67, 101
5, 642048, Note_on_c, 2, 76, 101
5, 642560, Note_on_c, 2, 67, 0
5, 642560, Note_on_c, 2, 76, 0
5, 642560, Note_on_c, 2, 66, 101
5, 642560, Note_on_c, 2, 74, 101
5, 643072, Note_on_c, 2, 66, 0
5, 643072, Note_on_c, 2, 74, 0
5, 643072, Note_on_c, 2, 73, 98
5, 643072, Note_on_c, 2, 76, 98
5, 645120, Note_on_c, 2, 73, 0
5, 645120, Note_on_c, 2, 76, 0
5, 645120, Note_on_c, 2, 74, 98
5, 645120, Note_on_c, 2, 78, 98
5, 646144, Note_on_c, 2, 74, 0
5, 646144, Note_on_c, 2, 78, 0
5, 646144, Note_on_c, 2, 66, 98
5, 646144, Note_on_c, 2, 74, 98
5, 646963, Note_on_c, 2, 66, 0
5, 646963, Note_on_c, 2, 74, 0
5, 647168, Note_on_c, 2, 73, 99
5, 647168, Note_on_c, 2, 76, 99
5, 648192, Note_on_c, 2, 73, 0
5, 648192, Note_on_c, 2, 76, 0
5, 648192, Note_on_c, 2, 74, 99
5, 648192, Note_on_c, 2, 78, 99
5, 648704, Note_on_c, 2, 74, 0
5, 648704, Note_on_c, 2, 78, 0
5, 648704, Note_on_c, 2, 76, 99
5, 648704, Note_on_c, 2, 79, 99
5, 649216, Note_on_c, 2, 76, 0
5, 649216, Note_on_c, 2, 79, 0
5, 649216, Note_on_c, 2, 74, 99
5, 649216, Note_on_c, 2, 78, 99
5, 649728, Note_on_c, 2, 74, 0
5, 649728, Note_on_c, 2, 78, 0
5, 650240, Note_on_c, 2, 66, 100
5, 650240, Note_on_c, 2, 74, 100
5, 650752, Note_on_c, 2, 66, 0
5, 650752, Note_on_c, 2, 74, 0
5, 651264, Note_on_c, 2, 73, 100
5, 651264, Note_on_c, 2, 76, 100
5, 652288, Note_on_c, 2, 73, 0
5, 652288, Note_on_c, 2, 76, 0
5, 652288, Note_on_c, 2, 74, 100
5, 652288, Note_on_c, 2, 78, 100
5, 652800, Note_on_c, 2, 74, 0
5, 652800, Note_on_c, 2, 78, 0
5, 652800, Note_on_c, 2, 76, 100
5, 652800, Note_on_c, 2, 79, 100
5, 653312, Note_on_c, 2, 76, 0
5, 653312, Note_on_c, 2, 79, 0
5, 653312, Note_on_c, 2, 73, 100
5, 653312, Note_on_c, 2, 78, 100
5, 654336, Note_on_c, 2, 73, 0
5, 654336, Note_on_c, 2, 78, 0
5, 654336, Note_on_c, 2, 73, 100
5, 654336, Note_on_c, 2, 76, 100
5, 655155, Note_on_c, 2, 73, 0
5, 655155, Note_on_c, 2, 76, 0
5, 655360, Note_on_c, 2, 71, 101
5, 655360, Note_on_c, 2, 74, 101
5, 655872, Note_on_c, 2, 71, 0
5, 655872, Note_on_c, 2, 74, 0
5, 656384, Note_on_c, 2, 68, 102
5, 656384, Note_on_c, 2, 76, 102
5, 656896, Note_on_c, 2, 68, 0
5, 656896, Note_on_c, 2, 76, 0
5, 657408, Note_on_c, 2, 69, 103
5, 657920, Note_on_c, 2, 69, 0
5, 658432, Note_on_c, 2, 74, 101
5, 658432, Note_on_c, 2, 78, 101
5, 660275, Note_on_c, 2, 74, 0
5, 660275, Note_on_c, 2, 78, 0
5, 660480, Note_on_c, 2, 74, 101
5, 660480, Note_on_c, 2, 78, 101
5, 661228, Note_on_c, 2, 74, 0
5, 661228, Note_on_c, 2, 78, 0
5, 661504, Note_on_c, 2, 76, 101
5, 661504, Note_on_c, 2, 79, 101
5, 662252, Note_on_c, 2, 76, 0
5, 662252, Note_on_c, 2, 79, 0
5, 662528, Note_on_c, 2, 78, 101
5, 662528, Note_on_c, 2, 81, 101
5, 663276, Note_on_c, 2, 78, 0
5, 663276, Note_on_c, 2, 81, 0
5, 663552, Note_on_c, 2, 78, 100
5, 663552, Note_on_c, 2, 81, 100
5, 664576, Note_on_c, 2, 78, 0
5, 664576, Note_on_c, 2, 81, 0
5, 664576, Note_on_c, 2, 76, 100
5, 664576, Note_on_c, 2, 79, 100
5, 665600, Note_on_c, 2, 76, 0
5, 665600, Note_on_c, 2, 79, 0
5, 665600, Note_on_c, 2, 74, 100
5, 665600, Note_on_c, 2, 78, 100
5, 666348, Note_on_c, 2, 74, 0
5, 666348, Note_on_c, 2, 78, 0
5, 666624, Note_on_c, 2, 69, 100
5, 666624, Note_on_c, 2, 76, 100
5, 667372, Note_on_c, 2, 69, 0
5, 667372, Note_on_c, 2, 76, 0
5, 667648, Note_on_c, 2, 66, 99
5, 667648, Note_on_c, 2, 74, 99
5, 668396, Note_on_c, 2, 66, 0
5, 668396, Note_on_c, 2, 74, 0
5, 668672, Note_on_c, 2, 66, 99
5, 668672, Note_on_c, 2, 74, 99
5, 669420, Note_on_c, 2, 66, 0
5, 669420, Note_on_c, 2, 74, 0
5, 669696, Note_on_c, 2, 69, 99
5, 669696, Note_on_c, 2, 76, 99
5, 670444, Note_on_c, 2, 69, 0
5, 670444, Note_on_c, 2, 76, 0
5, 670720, Note_on_c, 2, 74, 99
5, 670720, Note_on_c, 2, 78, 99
5, 671468, Note_on_c, 2, 74, 0
5, 671468, Note_on_c, 2, 78, 0
5, 671744, Note_on_c, 2, 69, 99
5, 671744, Note_on_c, 2, 76, 99
5, 673280, Note_on_c, 2, 69, 0
5, 673280, Note_on_c, 2, 76, 0
5, 673280, Note_on_c, 2, 66, 88
5, 673280, Note_on_c, 2, 74, 88
5, 673654, Note_on_c, 2, 66, 0
5, 673654, Note_on_c, 2, 74, 0
5, 673792, Note_on_c, 2, 66, 83
5, 673792, Note_on_c, 2, 74, 83
5, 674540, Note_on_c, 2, 66, 0
5, 674540, Note_on_c, 2, 74, 0
5, 674816, Note_on_c, 2, 69, 83
5, 674816, Note_on_c, 2, 78, 83
5, 675840, Note_on_c, 2, 69, 0
5, 675840, Note_on_c, 2, 78, 0
5, 675840, Note_on_c, 2, 67, 83
5, 675840, Note_on_c, 2, 76, 83
5, 677376, Note_on_c, 2, 67, 0
5, 677376, Note_on_c, 2, 76, 0
5, 677376, Note_on_c, 2, 66, 83
5, 677376, Note_on_c, 2, 74, 83
5, 677632, Note_on_c, 2, 66, 0
5, 677632, Note_on_c, 2, 74, 0
5, 677888, Note_on_c, 2, 66, 83
5, 677888, Note_on_c, 2, 74, 83
5, 678400, Note_on_c, 2, 66, 0
5, 678400, Note_on_c, 2, 74, 0
5, 678912, Note_on_c, 2, 71, 83
5, 678912, Note_on_c, 2, 74, 83
5, 679936, Note_on_c, 2, 71, 0
5, 679936, Note_on_c, 2, 74, 0
5, 679936, Note_on_c, 2, 69, 83
5, 679936, Note_on_c, 2, 72, 83
5, 681472, Note_on_c, 2, 69, 0
5, 681472, Note_on_c, 2, 72, 0
5, 681472, Note_on_c, 2, 67, 83
5, 681472, Note_on_c, 2, 71, 83
5, 681728, Note_on_c, 2, 67, 0
5, 681728, Note_on_c, 2, 71, 0
5, 681984, Note_on_c, 2, 67, 83
5, 681984, Note_on_c, 2, 71, 83
5, 682496, Note_on_c, 2, 67, 0
5, 682496, Note_on_c, 2, 71, 0
5, 683008, Note_on_c, 2, 67, 83
5, 683008, Note_on_c, 2, 79, 83
5, 684032, Note_on_c, 2, 67, 0
5, 684032, Note_on_c, 2, 79, 0
5, 684032, Note_on_c, 2, 66, 83
5, 684032, Note_on_c, 2, 78, 83
5, 685568, Note_on_c, 2, 66, 0
5, 685568, Note_on_c, 2, 78, 0
5, 685568, Note_on_c, 2, 64, 83
5, 685568, Note_on_c, 2, 76, 83
5, 685824, Note_on_c, 2, 64, 0
5, 685824, Note_on_c, 2, 76, 0
5, 686080, Note_on_c, 2, 64, 83
5, 686080, Note_on_c, 2, 76, 83
5, 686592, Note_on_c, 2, 64, 0
5, 686592, Note_on_c, 2, 76, 0
5, 687104, Note_on_c, 2, 64, 83
5, 687104, Note_on_c, 2, 76, 83
5, 687616, Note_on_c, 2, 64, 0
5, 687616, Note_on_c, 2, 76, 0
5, 687616, Note_on_c, 2, 66, 83
5, 687616, Note_on_c, 2, 78, 83
5, 688128, Note_on_c, 2, 66, 0
5, 688128, Note_on_c, 2, 78, 0
5, 688128, Note_on_c, 2, 64, 83
5, 688128, Note_on_c, 2, 76, 83
5, 689664, Note_on_c, 2, 64, 0
5, 689664, Note_on_c, 2, 76, 0
5, 689664, Note_on_c, 2, 62, 83
5, 689664, Note_on_c, 2, 74, 83
5, 690074, Note_on_c, 2, 62, 0
5, 690074, Note_on_c, 2, 74, 0
5, 690176, Note_on_c, 2, 62, 83
5, 690176, Note_on_c, 2, 74, 83
5, 691200, Note_on_c, 2, 62, 0
5, 691200, Note_on_c, 2, 74, 0
5, 691200, Note_on_c, 2, 69, 83
5, 691200, Note_on_c, 2, 81, 83
5, 691712, Note_on_c, 2, 69, 0
5, 691712, Note_on_c, 2, 81, 0
5, 691712, Note_on_c, 2, 66, 83
5, 691712, Note_on_c, 2, 78, 83
5, 692224, Note_on_c, 2, 66, 0
5, 692224, Note_on_c, 2, 78, 0
5, 692224, Note_on_c, 2, 78, 83
5, 692224, Note_on_c, 2, 71, 83
5, 693760, Note_on_c, 2, 78, 0
5, 693760, Note_on_c, 2, 76, 83
5, 694016, Note_on_c, 2, 76, 0
5, 694272, Note_on_c, 2, 76, 83
5, 694272, Note_on_c, 2, 71, 0
5, 694272, Note_on_c, 2, 73, 83
5, 694784, Note_on_c, 2, 76, 0
5, 695296, Note_on_c, 2, 76, 83
5, 696320, Note_on_c, 2, 76, 0
5, 696320, Note_on_c, 2, 79, 83
5, 697856, Note_on_c, 2, 79, 0
5, 697856, Note_on_c, 2, 78, 83
5, 698112, Note_on_c, 2, 78, 0
5, 698368, Note_on_c, 2, 78, 83
5, 698368, Note_on_c, 2, 73, 0
5, 698368, Note_on_c, 2, 74, 83
5, 698880, Note_on_c, 2, 78, 0
5, 699392, Note_on_c, 2, 78, 83
5, 700416, Note_on_c, 2, 78, 0
5, 700416, Note_on_c, 2, 74, 0
5, 700416, Note_on_c, 2, 78, 82
5, 700416, Note_on_c, 2, 75, 82
5, 701440, Note_on_c, 2, 78, 0
5, 701440, Note_on_c, 2, 69, 83
5, 701440, Note_on_c, 2, 75, 0
5, 701440, Note_on_c, 2, 66, 83
5, 701952, Note_on_c, 2, 69, 0
5, 701952, Note_on_c, 2, 68, 84
5, 702362, Note_on_c, 2, 68, 0
5, 702464, Note_on_c, 2, 68, 85
5, 702464, Note_on_c, 2, 66, 0
5, 702464, Note_on_c, 2, 65, 85
5, 703283, Note_on_c, 2, 68, 0
5, 703488, Note_on_c, 2, 68, 87
5, 704512, Note_on_c, 2, 68, 0
5, 704512, Note_on_c, 2, 65, 0
5, 704512, Note_on_c, 2, 71, 88
5, 704512, Note_on_c, 2, 67, 88
5, 706048, Note_on_c, 2, 71, 0
5, 706048, Note_on_c, 2, 70, 91
5, 706458, Note_on_c, 2, 70, 0
5, 706560, Note_on_c, 2, 73, 92
5, 706560, Note_on_c, 2, 67, 0
5, 706560, Note_on_c, 2, 66, 92
5, 707584, Note_on_c, 2, 66, 0
5, 707584, Note_on_c, 2, 59, 94
5, 708096, Note_on_c, 2, 73, 0
5, 708096, Note_on_c, 2, 71, 94
5, 708506, Note_on_c, 2, 71, 0
5, 708608, Note_on_c, 2, 74, 95
5, 709632, Note_on_c, 2, 59, 0
5, 709632, Note_on_c, 2, 68, 97
5, 710144, Note_on_c, 2, 74, 0
5, 710144, Note_on_c, 2, 73, 98
5, 710144, Note_on_c, 2, 68, 0
5, 710144, Note_on_c, 2, 61, 98
5, 710554, Note_on_c, 2, 73, 0
5, 710554, Note_on_c, 2, 61, 0
5, 710656, Note_on_c, 2, 76, 99
5, 710656, Note_on_c, 2, 69, 99
5, 712192, Note_on_c, 2, 76, 0
5, 712192, Note_on_c, 2, 74, 101
5, 712602, Note_on_c, 2, 74, 0
5, 712704, Note_on_c, 2, 69, 0
5, 712704, Note_on_c, 2, 78, 102
5, 712704, Note_on_c, 2, 71, 102
5, 714240, Note_on_c, 2, 78, 0
5, 714240, Note_on_c, 2, 76, 103
5, 714650, Note_on_c, 2, 76, 0
5, 714752, Note_on_c, 2, 76, 103
5, 715776, Note_on_c, 2, 71, 0
5, 715776, Note_on_c, 2, 71, 103
5, 716288, Note_on_c, 2, 76, 0
5, 716288, Note_on_c, 2, 74, 103
5, 716698, Note_on_c, 2, 74, 0
5, 716800, Note_on_c, 2, 78, 103
5, 717824, Note_on_c, 2, 71, 0
5, 717824, Note_on_c, 2, 71, 103
5, 718336, Note_on_c, 2, 78, 0
5, 718336, Note_on_c, 2, 76, 103
5, 718336, Note_on_c, 2, 71, 0
5, 718336, Note_on_c, 2, 71, 103
5, 719360, Note_on_c, 2, 76, 0
5, 719360, Note_on_c, 2, 74, 103
5, 719360, Note_on_c, 2, 71, 0
5, 719360, Note_on_c, 2, 64, 103
5, 719872, Note_on_c, 2, 74, 0
5, 719872, Note_on_c, 2, 71, 103
5, 719872, Note_on_c, 2, 64, 0
5, 719872, Note_on_c, 2, 71, 103
5, 720384, Note_on_c, 2, 71, 0
5, 720384, Note_on_c, 2, 64, 103
5, 720384, Note_on_c, 2, 76, 103
5, 720384, Note_on_c, 2, 71, 0
5, 721920, Note_on_c, 2, 64, 0
5, 721920, Note_on_c, 2, 76, 0
5, 721920, Note_on_c, 2, 61, 103
5, 721920, Note_on_c, 2, 73, 103
5, 722944, Note_on_c, 2, 61, 0
5, 722944, Note_on_c, 2, 73, 0
5, 722944, Note_on_c, 2, 57, 103
5, 722944, Note_on_c, 2, 69, 103
5, 723968, Note_on_c, 2, 57, 0
5, 723968, Note_on_c, 2, 69, 0
5, 723968, Note_on_c, 2, 66, 103
5, 723968, Note_on_c, 2, 78, 103
5, 724992, Note_on_c, 2, 66, 0
5, 724992, Note_on_c, 2, 78, 0
5, 724992, Note_on_c, 2, 64, 103
5, 724992, Note_on_c, 2, 76, 103
5, 725811, Note_on_c, 2, 64, 0
5, 725811, Note_on_c, 2, 76, 0
5, 726016, Note_on_c, 2, 69, 103
5, 726016, Note_on_c, 2, 81, 103
5, 727654, Note_on_c, 2, 69, 0
5, 727654, Note_on_c, 2, 81, 0
5, 728064, Note_on_c, 2, 68, 109
5, 728064, Note_on_c, 2, 80, 109
5, 728883, Note_on_c, 2, 68, 0
5, 728883, Note_on_c, 2, 80, 0
5, 729088, Note_on_c, 2, 69, 113
5, 729088, Note_on_c, 2, 81, 113
5, 729344, Note_on_c, 2, 69, 0
5, 729344, Note_on_c, 2, 81, 0
5, 729600, Note_on_c, 2, 57, 114
5, 729600, Note_on_c, 2, 69, 114
5, 729856, Note_on_c, 2, 57, 0
5, 729856, Note_on_c, 2, 69, 0
5, 729856, Note_on_c, 2, 59, 114
5, 729856, Note_on_c, 2, 71, 114
5, 730112, Note_on_c, 2, 59, 0
5, 730112, Note_on_c, 2, 71, 0
5, 730112, Note_on_c, 2, 61, 114
5, 730112, Note_on_c, 2, 73, 114
5, 730368, Note_on_c, 2, 61, 0
5, 730368, Note_on_c, 2, 73, 0
5, 730624, Note_on_c, 2, 61, 114
5, 730624, Note_on_c, 2, 73, 114
5, 730880, Note_on_c, 2, 61, 0
5, 730880, Note_on_c, 2, 73, 0
5, 730880, Note_on_c, 2, 62, 114
5, 730880, Note_on_c, 2, 74, 114
5, 731136, Note_on_c, 2, 62, 0
5, 731136, Note_on_c, 2, 74, 0
5, 731136, Note_on_c, 2, 64, 114
5, 731136, Note_on_c, 2, 76, 114
5, 731392, Note_on_c, 2, 64, 0
5, 731392, Note_on_c, 2, 76, 0
5, 731648, Note_on_c, 2, 64, 114
5, 731648, Note_on_c, 2, 76, 114
5, 731904, Note_on_c, 2, 64, 0
5, 731904, Note_on_c, 2, 76, 0
5, 731904, Note_on_c, 2, 66, 114
5, 731904, Note_on_c, 2, 78, 114
5, 732160, Note_on_c, 2, 66, 0
5, 732160, Note_on_c, 2, 78, 0
5, 732160, Note_on_c, 2, 68, 114
5, 732160, Note_on_c, 2, 80, 114
5, 732416, Note_on_c, 2, 68, 0
5, 732416, Note_on_c, 2, 80, 0
5, 732672, Note_on_c, 2, 64, 114
5, 732672, Note_on_c, 2, 76, 114
5, 732843, Note_on_c, 2, 64, 0
5, 732843, Note_on_c, 2, 76, 0
5, 732843, Note_on_c, 2, 66, 114
5, 732843, Note_on_c, 2, 78, 114
5, 733013, Note_on_c, 2, 66, 0
5, 733013, Note_on_c, 2, 78, 0
5, 733013, Note_on_c, 2, 68, 114
5, 733013, Note_on_c, 2, 80, 114
5, 733184, Note_on_c, 2, 68, 0
5, 733184, Note_on_c, 2, 80, 0
5, 733184, Note_on_c, 2, 69, 114
5, 733184, Note_on_c, 2, 81, 114
5, 734822, Note_on_c, 2, 69, 0
5, 734822, Note_on_c, 2, 81, 0
5, 735232, Note_on_c, 2, 64, 114
5, 735232, Note_on_c, 2, 76, 114
5, 735744, Note_on_c, 2, 64, 0
5, 735744, Note_on_c, 2, 76, 0
5, 736256, Note_on_c, 2, 64, 114
5, 736256, Note_on_c, 2, 76, 114
5, 736768, Note_on_c, 2, 64, 0
5, 736768, Note_on_c, 2, 76, 0
5, 749568, Note_on_c, 2, 64, 98
5, 749568, Note_on_c, 2, 76, 98
5, 750592, Note_on_c, 2, 64, 0
5, 750592, Note_on_c, 2, 76, 0
5, 750592, Note_on_c, 2, 61, 105
5, 750592, Note_on_c, 2, 73, 105
5, 750848, Note_on_c, 2, 61, 0
5, 750848, Note_on_c, 2, 73, 0
5, 751104, Note_on_c, 2, 57, 105
5, 751104, Note_on_c, 2, 69, 105
5, 751360, Note_on_c, 2, 57, 0
5, 751360, Note_on_c, 2, 69, 0
5, 751616, Note_on_c, 2, 59, 105
5, 751616, Note_on_c, 2, 71, 105
5, 751872, Note_on_c, 2, 59, 0
5, 751872, Note_on_c, 2, 71, 0
5, 752128, Note_on_c, 2, 69, 105
5, 752128, Note_on_c, 2, 73, 105
5, 753152, Note_on_c, 2, 69, 0
5, 753152, Note_on_c, 2, 73, 0
5, 753152, Note_on_c, 2, 68, 105
5, 753152, Note_on_c, 2, 71, 105
5, 753664, Note_on_c, 2, 68, 0
5, 753664, Note_on_c, 2, 71, 0
5, 755200, Note_on_c, 2, 71, 105
5, 755200, Note_on_c, 2, 80, 105
5, 755712, Note_on_c, 2, 71, 0
5, 755712, Note_on_c, 2, 80, 0
5, 757248, Note_on_c, 2, 73, 116
5, 757248, Note_on_c, 2, 81, 116
5, 757760, Note_on_c, 2, 73, 0
5, 757760, Note_on_c, 2, 81, 0
5, 760320, Note_on_c, 2, 70, 116
5, 762573, Note_on_c, 2, 70, 0
5, 762880, Note_on_c, 2, 69, 108
5, 763136, Note_on_c, 2, 69, 0
5, 763392, Note_on_c, 2, 69, 106
5, 763648, Note_on_c, 2, 69, 0
5, 763904, Note_on_c, 2, 74, 104
5, 764160, Note_on_c, 2, 74, 0
5, 764416, Note_on_c, 2, 74, 102
5, 764672, Note_on_c, 2, 74, 0
5, 764928, Note_on_c, 2, 65, 101
5, 764928, Note_on_c, 2, 77, 101
5, 765184, Note_on_c, 2, 65, 0
5, 765184, Note_on_c, 2, 77, 0
5, 765440, Note_on_c, 2, 65, 102
5, 765440, Note_on_c, 2, 77, 102
5, 765696, Note_on_c, 2, 65, 0
5, 765696, Note_on_c, 2, 77, 0
5, 765952, Note_on_c, 2, 69, 102
5, 765952, Note_on_c, 2, 81, 102
5, 766208, Note_on_c, 2, 69, 0
5, 766208, Note_on_c, 2, 81, 0
5, 766464, Note_on_c, 2, 69, 103
5, 766464, Note_on_c, 2, 81, 103
5, 766720, Note_on_c, 2, 69, 0
5, 766720, Note_on_c, 2, 81, 0
5, 766976, Note_on_c, 2, 62, 103
5, 766976, Note_on_c, 2, 74, 103
5, 767232, Note_on_c, 2, 62, 0
5, 767232, Note_on_c, 2, 74, 0
5, 767488, Note_on_c, 2, 62, 104
5, 767488, Note_on_c, 2, 74, 104
5, 767744, Note_on_c, 2, 62, 0
5, 767744, Note_on_c, 2, 74, 0
5, 768000, Note_on_c, 2, 77, 104
5, 768256, Note_on_c, 2, 77, 0
5, 768512, Note_on_c, 2, 77, 105
5, 768768, Note_on_c, 2, 77, 0
5, 769024, Note_on_c, 2, 69, 106
5, 769280, Note_on_c, 2, 69, 0
5, 769536, Note_on_c, 2, 69, 106
5, 769792, Note_on_c, 2, 69, 0
5, 770048, Note_on_c, 2, 74, 107
5, 770304, Note_on_c, 2, 74, 0
5, 770560, Note_on_c, 2, 74, 107
5, 770816, Note_on_c, 2, 74, 0
5, 771072, Note_on_c, 2, 65, 108
5, 771328, Note_on_c, 2, 65, 0
5, 771584, Note_on_c, 2, 65, 109
5, 771840, Note_on_c, 2, 65, 0
5, 772096, Note_on_c, 2, 69, 109
5, 772352, Note_on_c, 2, 69, 0
5, 772608, Note_on_c, 2, 69, 110
5, 772864, Note_on_c, 2, 69, 0
5, 773120, Note_on_c, 2, 62, 110
5, 773376, Note_on_c, 2, 62, 0
5, 773632, Note_on_c, 2, 62, 111
5, 773888, Note_on_c, 2, 62, 0
5, 774144, Note_on_c, 2, 65, 112
5, 774144, Note_on_c, 2, 77, 112
5, 774400, Note_on_c, 2, 65, 0
5, 774400, Note_on_c, 2, 77, 0
5, 774656, Note_on_c, 2, 65, 112
5, 774656, Note_on_c, 2, 77, 112
5, 774912, Note_on_c, 2, 65, 0
5, 774912, Note_on_c, 2, 77, 0
5, 775168, Note_on_c, 2, 66, 113
5, 775168, Note_on_c, 2, 78, 113
5, 775424, Note_on_c, 2, 66, 0
5, 775424, Note_on_c, 2, 78, 0
5, 775680, Note_on_c, 2, 66, 113
5, 775680, Note_on_c, 2, 78, 113
5, 775936, Note_on_c, 2, 66, 0
5, 775936, Note_on_c, 2, 78, 0
5, 776192, Note_on_c, 2, 67, 114
5, 776192, Note_on_c, 2, 79, 114
5, 776448, Note_on_c, 2, 67, 0
5, 776448, Note_on_c, 2, 79, 0
5, 776704, Note_on_c, 2, 67, 115
5, 776704, Note_on_c, 2, 79, 115
5, 776960, Note_on_c, 2, 67, 0
5, 776960, Note_on_c, 2, 79, 0
5, 777216, Note_on_c, 2, 68, 115
5, 777216, Note_on_c, 2, 80, 115
5, 777472, Note_on_c, 2, 68, 0
5, 777472, Note_on_c, 2, 80, 0
5, 777728, Note_on_c, 2, 68, 116
5, 777728, Note_on_c, 2, 80, 116
5, 777984, Note_on_c, 2, 68, 0
5, 777984, Note_on_c, 2, 80, 0
5, 778240, Note_on_c, 2, 62, 116
5, 778240, Note_on_c, 2, 74, 116
5, 778496, Note_on_c, 2, 62, 0
5, 778496, Note_on_c, 2, 74, 0
5, 778752, Note_on_c, 2, 62, 117
5, 778752, Note_on_c, 2, 74, 117
5, 779008, Note_on_c, 2, 62, 0
5, 779008, Note_on_c, 2, 74, 0
5, 779264, Note_on_c, 2, 65, 117
5, 779264, Note_on_c, 2, 77, 117
5, 779520, Note_on_c, 2, 65, 0
5, 779520, Note_on_c, 2, 77, 0
5, 779776, Note_on_c, 2, 74, 118
5, 779776, Note_on_c, 2, 77, 118
5, 780288, Note_on_c, 2, 74, 0
5, 780288, Note_on_c, 2, 77, 0
5, 780800, Note_on_c, 2, 69, 120
5, 780800, Note_on_c, 2, 81, 120
5, 781312, Note_on_c, 2, 69, 0
5, 781312, Note_on_c, 2, 81, 0
5, 825856, Note_on_c, 2, 69, 100
5, 825856, Note_on_c, 2, 73, 100
5, 826368, Note_on_c, 2, 69, 0
5, 826368, Note_on_c, 2, 73, 0
5, 826880, Note_on_c, 2, 69, 102
5, 826880, Note_on_c, 2, 74, 102
5, 827136, Note_on_c, 2, 69, 0
5, 827136, Note_on_c, 2, 74, 0
5, 827392, Note_on_c, 2, 74, 102
5, 827392, Note_on_c, 2, 78, 102
5, 827648, Note_on_c, 2, 74, 0
5, 827648, Note_on_c, 2, 78, 0
5, 827904, Note_on_c, 2, 74, 103
5, 827904, Note_on_c, 2, 81, 103
5, 828416, Note_on_c, 2, 74, 0
5, 828416, Note_on_c, 2, 81, 0
5, 840192, Note_on_c, 2, 67, 53
5, 840192, Note_on_c, 2, 71, 53
5, 840602, Note_on_c, 2, 67, 0
5, 840602, Note_on_c, 2, 71, 0
5, 841216, Note_on_c, 2, 71, 88
5, 841216, Note_on_c, 2, 74, 88
5, 841626, Note_on_c, 2, 71, 0
5, 841626, Note_on_c, 2, 74, 0
5, 847360, Note_on_c, 2, 64, 106
5, 847360, Note_on_c, 2, 73, 106
5, 847872, Note_on_c, 2, 64, 0
5, 847872, Note_on_c, 2, 73, 0
5, 848896, Note_on_c, 2, 64, 45
5, 849644, Note_on_c, 2, 64, 0
5, 849920, Note_on_c, 2, 64, 46
5, 850944, Note_on_c, 2, 64, 0
5, 850944, Note_on_c, 2, 66, 48
5, 851968, Note_on_c, 2, 66, 0
5, 851968, Note_on_c, 2, 67, 50
5, 852787, Note_on_c, 2, 67, 0
5, 852992, Note_on_c, 2, 67, 51
5, 854016, Note_on_c, 2, 67, 0
5, 854016, Note_on_c, 2, 66, 50
5, 855040, Note_on_c, 2, 66, 0
5, 855040, Note_on_c, 2, 64, 48
5, 856064, Note_on_c, 2, 64, 0
5, 856064, Note_on_c, 2, 62, 45
5, 856883, Note_on_c, 2, 62, 0
5, 857088, Note_on_c, 2, 73, 46
5, 857836, Note_on_c, 2, 73, 0
5, 858112, Note_on_c, 2, 73, 49
5, 859136, Note_on_c, 2, 73, 0
5, 859136, Note_on_c, 2, 74, 53
5, 860160, Note_on_c, 2, 74, 0
5, 860160, Note_on_c, 2, 76, 56
5, 861184, Note_on_c, 2, 76, 0
5, 861184, Note_on_c, 2, 76, 59
5, 862208, Note_on_c, 2, 76, 0
5, 862208, Note_on_c, 2, 74, 57
5, 863232, Note_on_c, 2, 74, 0
5, 863232, Note_on_c, 2, 67, 49
5, 864256, Note_on_c, 2, 67, 0
5, 864256, Note_on_c, 2, 66, 43
5, 865075, Note_on_c, 2, 66, 0
5, 867328, Note_on_c, 2, 69, 34
5, 872448, Note_on_c, 2, 69, 0
5, 872448, Note_on_c, 2, 67, 34
5, 873472, Note_on_c, 2, 67, 0
5, 873472, Note_on_c, 2, 66, 34
5, 874220, Note_on_c, 2, 66, 0
5, 874496, Note_on_c, 2, 66, 34
5, 875520, Note_on_c, 2, 66, 0
5, 875520, Note_on_c, 2, 67, 34
5, 876544, Note_on_c, 2, 67, 0
5, 876544, Note_on_c, 2, 69, 34
5, 877568, Note_on_c, 2, 69, 0
5, 877568, Note_on_c, 2, 69, 34
5, 879104, Note_on_c, 2, 69, 0
5, 879104, Note_on_c, 2, 67, 34
5, 879514, Note_on_c, 2, 67, 0
5, 879616, Note_on_c, 2, 67, 34
5, 880640, Note_on_c, 2, 67, 0
5, 880640, Note_on_c, 2, 79, 34
5, 881152, Note_on_c, 2, 79, 0
5, 881152, Note_on_c, 2, 73, 34
5, 881664, Note_on_c, 2, 73, 0
5, 881664, Note_on_c, 2, 74, 34
5, 882176, Note_on_c, 2, 74, 0
5, 883200, Note_on_c, 2, 74, 34
5, 883456, Note_on_c, 2, 74, 0
5, 883712, Note_on_c, 2, 69, 34
5, 884224, Note_on_c, 2, 69, 0
5, 885248, Note_on_c, 2, 69, 34
5, 885504, Note_on_c, 2, 69, 0
5, 885760, Note_on_c, 2, 71, 34
5, 886272, Note_on_c, 2, 71, 0
5, 887296, Note_on_c, 2, 71, 34
5, 887552, Note_on_c, 2, 71, 0
5, 887808, Note_on_c, 2, 71, 34
5, 888320, Note_on_c, 2, 71, 0
5, 889344, Note_on_c, 2, 73, 34
5, 889600, Note_on_c, 2, 73, 0
5, 889856, Note_on_c, 2, 74, 34
5, 890368, Note_on_c, 2, 74, 0
5, 891392, Note_on_c, 2, 66, 34
5, 891648, Note_on_c, 2, 66, 0
5, 891904, Note_on_c, 2, 67, 34
5, 892416, Note_on_c, 2, 67, 0
5, 893440, Note_on_c, 2, 69, 34
5, 893696, Note_on_c, 2, 69, 0
5, 893952, Note_on_c, 2, 67, 34
5, 894464, Note_on_c, 2, 67, 0
5, 895488, Note_on_c, 2, 66, 34
5, 895744, Note_on_c, 2, 66, 0
5, 896000, Note_on_c, 2, 66, 34
5, 896512, Note_on_c, 2, 66, 0
5, 896512, Note_on_c, 2, 66, 34
5, 897024, Note_on_c, 2, 66, 0
5, 897024, Note_on_c, 2, 64, 34
5, 897536, Note_on_c, 2, 64, 0
5, 897536, Note_on_c, 2, 62, 34
5, 898048, Note_on_c, 2, 62, 0
5, 898048, Note_on_c, 2, 61, 34
5, 898560, Note_on_c, 2, 61, 0
5, 899584, Note_on_c, 2, 69, 36
5, 899840, Note_on_c, 2, 69, 0
5, 900096, Note_on_c, 2, 69, 36
5, 900608, Note_on_c, 2, 69, 0
5, 901632, Note_on_c, 2, 69, 37
5, 901888, Note_on_c, 2, 69, 0
5, 902144, Note_on_c, 2, 69, 37
5, 902656, Note_on_c, 2, 69, 0
5, 903680, Note_on_c, 2, 69, 39
5, 903936, Note_on_c, 2, 69, 0
5, 904192, Note_on_c, 2, 69, 39
5, 904704, Note_on_c, 2, 69, 0
5, 905728, Note_on_c, 2, 69, 40
5, 905984, Note_on_c, 2, 69, 0
5, 906240, Note_on_c, 2, 69, 40
5, 906752, Note_on_c, 2, 69, 0
5, 907776, Note_on_c, 2, 69, 42
5, 908032, Note_on_c, 2, 69, 0
5, 908288, Note_on_c, 2, 69, 42
5, 908800, Note_on_c, 2, 69, 0
5, 909824, Note_on_c, 2, 67, 43
5, 910848, Note_on_c, 2, 67, 0
5, 910848, Note_on_c, 2, 66, 44
5, 911360, Note_on_c, 2, 66, 0
5, 911360, Note_on_c, 2, 67, 44
5, 911872, Note_on_c, 2, 67, 0
5, 911872, Note_on_c, 2, 64, 45
5, 912384, Note_on_c, 2, 64, 0
5, 912384, Note_on_c, 2, 62, 45
5, 912896, Note_on_c, 2, 62, 0
5, 912896, Note_on_c, 2, 61, 45
5, 913408, Note_on_c, 2, 61, 0
5, 913408, Note_on_c, 2, 64, 46
5, 913920, Note_on_c, 2, 64, 0
5, 913920, Note_on_c, 2, 62, 46
5, 914432, Note_on_c, 2, 62, 0
5, 914432, Note_on_c, 2, 74, 47
5, 915456, Note_on_c, 2, 74, 0
5, 915456, Note_on_c, 2, 75, 47
5, 916480, Note_on_c, 2, 75, 0
5, 916480, Note_on_c, 2, 76, 48
5, 917504, Note_on_c, 2, 76, 0
5, 917504, Note_on_c, 2, 78, 49
5, 918528, Note_on_c, 2, 78, 0
5, 918528, Note_on_c, 2, 78, 50
5, 919552, Note_on_c, 2, 78, 0
5, 919552, Note_on_c, 2, 76, 50
5, 920576, Note_on_c, 2, 76, 0
5, 920576, Note_on_c, 2, 69, 51
5, 921600, Note_on_c, 2, 69, 0
5, 921600, Note_on_c, 2, 71, 46
5, 922112, Note_on_c, 2, 71, 0
5, 922112, Note_on_c, 2, 67, 42
5, 922624, Note_on_c, 2, 67, 0
5, 922624, Note_on_c, 2, 66, 41
5, 923136, Note_on_c, 2, 66, 0
5, 924160, Note_on_c, 2, 66, 41
5, 924416, Note_on_c, 2, 66, 0
5, 924672, Note_on_c, 2, 67, 41
5, 924928, Note_on_c, 2, 67, 0
5, 925696, Note_on_c, 2, 69, 41
5, 926208, Note_on_c, 2, 69, 0
5, 926208, Note_on_c, 2, 62, 41
5, 926720, Note_on_c, 2, 62, 0
5, 926720, Note_on_c, 2, 61, 41
5, 927744, Note_on_c, 2, 61, 0
5, 927744, Note_on_c, 2, 73, 41
5, 928256, Note_on_c, 2, 73, 0
5, 928256, Note_on_c, 2, 74, 41
5, 928630, Note_on_c, 2, 74, 0
5, 928768, Note_on_c, 2, 74, 47
5, 929280, Note_on_c, 2, 74, 0
5, 929280, Note_on_c, 2, 62, 56
5, 929280, Note_on_c, 2, 74, 56
5, 929792, Note_on_c, 2, 62, 0
5, 929792, Note_on_c, 2, 74, 0
5, 929792, Note_on_c, 2, 64, 68
5, 929792, Note_on_c, 2, 76, 68
5, 930304, Note_on_c, 2, 64, 0
5, 930304, Note_on_c, 2, 76, 0
5, 930304, Note_on_c, 2, 66, 81
5, 930304, Note_on_c, 2, 78, 81
5, 930816, Note_on_c, 2, 66, 0
5, 930816, Note_on_c, 2, 78, 0
5, 930816, Note_on_c, 2, 67, 96
5, 930816, Note_on_c, 2, 79, 96
5, 931840, Note_on_c, 2, 67, 0
5, 931840, Note_on_c, 2, 79, 0
5, 931840, Note_on_c, 2, 61, 96
5, 931840, Note_on_c, 2, 73, 96
5, 932864, Note_on_c, 2, 61, 0
5, 932864, Note_on_c, 2, 73, 0
5, 932864, Note_on_c, 2, 62, 96
5, 932864, Note_on_c, 2, 74, 96
5, 933888, Note_on_c, 2, 62, 0
5, 933888, Note_on_c, 2, 74, 0
5, 933888, Note_on_c, 2, 64, 96
5, 933888, Note_on_c, 2, 76, 96
5, 934400, Note_on_c, 2, 64, 0
5, 934400, Note_on_c, 2, 76, 0
5, 934400, Note_on_c, 2, 66, 96
5, 934400, Note_on_c, 2, 78, 96
5, 934912, Note_on_c, 2, 66, 0
5, 934912, Note_on_c, 2, 78, 0
5, 934912, Note_on_c, 2, 67, 96
5, 934912, Note_on_c, 2, 79, 96
5, 935936, Note_on_c, 2, 67, 0
5, 935936, Note_on_c, 2, 79, 0
5, 935936, Note_on_c, 2, 61, 96
5, 935936, Note_on_c, 2, 73, 96
5, 936960, Note_on_c, 2, 61, 0
5, 936960, Note_on_c, 2, 73, 0
5, 936960, Note_on_c, 2, 62, 96
5, 936960, Note_on_c, 2, 74, 96
5, 937984, Note_on_c, 2, 62, 0
5, 937984, Note_on_c, 2, 74, 0
5, 937984, Note_on_c, 2, 64, 96
5, 937984, Note_on_c, 2, 76, 96
5, 938496, Note_on_c, 2, 64, 0
5, 938496, Note_on_c, 2, 76, 0
5, 938496, Note_on_c, 2, 66, 96
5, 938496, Note_on_c, 2, 78, 96
5, 939008, Note_on_c, 2, 66, 0
5, 939008, Note_on_c, 2, 78, 0
5, 939008, Note_on_c, 2, 67, 96
5, 939008, Note_on_c, 2, 79, 96
5, 939520, Note_on_c, 2, 67, 0
5, 939520, Note_on_c, 2, 79, 0
5, 939520, Note_on_c, 2, 61, 96
5, 939520, Note_on_c, 2, 73, 96
5, 940032, Note_on_c, 2, 61, 0
5, 940032, Note_on_c, 2, 73, 0
5, 940032, Note_on_c, 2, 62, 96
5, 940032, Note_on_c, 2, 74, 96
5, 940544, Note_on_c, 2, 62, 0
5, 940544, Note_on_c, 2, 74, 0
5, 940544, Note_on_c, 2, 64, 96
5, 940544, Note_on_c, 2, 76, 96
5, 941056, Note_on_c, 2, 64, 0
5, 941056, Note_on_c, 2, 76, 0
5, 941056, Note_on_c, 2, 62, 96
5, 941056, Note_on_c, 2, 74, 96
5, 941568, Note_on_c, 2, 62, 0
5, 941568, Note_on_c, 2, 74, 0
5, 941568, Note_on_c, 2, 64, 96
5, 941568, Note_on_c, 2, 76, 96
5, 942080, Note_on_c, 2, 64, 0
5, 942080, Note_on_c, 2, 76, 0
5, 942080, Note_on_c, 2, 66, 96
5, 942080, Note_on_c, 2, 78, 96
5, 942592, Note_on_c, 2, 66, 0
5, 942592, Note_on_c, 2, 78, 0
5, 942592, Note_on_c, 2, 67, 96
5, 942592, Note_on_c, 2, 79, 96
5, 943616, Note_on_c, 2, 67, 0
5, 943616, Note_on_c, 2, 79, 0
5, 943616, Note_on_c, 2, 66, 97
5, 943616, Note_on_c, 2, 78, 97
5, 944128, Note_on_c, 2, 66, 0
5, 944128, Note_on_c, 2, 78, 0
5, 944128, Note_on_c, 2, 67, 98
5, 944128, Note_on_c, 2, 79, 98
5, 944640, Note_on_c, 2, 67, 0
5, 944640, Note_on_c, 2, 79, 0
5, 944640, Note_on_c, 2, 64, 100
5, 944640, Note_on_c, 2, 76, 100
5, 945152, Note_on_c, 2, 64, 0
5, 945152, Note_on_c, 2, 76, 0
5, 945152, Note_on_c, 2, 62, 101
5, 945152, Note_on_c, 2, 74, 101
5, 945664, Note_on_c, 2, 62, 0
5, 945664, Note_on_c, 2, 74, 0
5, 945664, Note_on_c, 2, 61, 102
5, 945664, Note_on_c, 2, 73, 102
5, 946176, Note_on_c, 2, 61, 0
5, 946176, Note_on_c, 2, 73, 0
5, 946176, Note_on_c, 2, 64, 103
5, 946176, Note_on_c, 2, 76, 103
5, 946688, Note_on_c, 2, 64, 0
5, 946688, Note_on_c, 2, 76, 0
5, 946688, Note_on_c, 2, 62, 103
5, 946688, Note_on_c, 2, 74, 103
5, 947200, Note_on_c, 2, 62, 0
5, 947200, Note_on_c, 2, 74, 0
5, 947200, Note_on_c, 2, 62, 103
5, 947200, Note_on_c, 2, 74, 103
5, 948224, Note_on_c, 2, 62, 0
5, 948224, Note_on_c, 2, 74, 0
5, 948224, Note_on_c, 2, 63, 102
5, 948224, Note_on_c, 2, 75, 102
5, 949248, Note_on_c, 2, 63, 0
5, 949248, Note_on_c, 2, 75, 0
5, 949248, Note_on_c, 2, 64, 100
5, 949248, Note_on_c, 2, 76, 100
5, 950272, Note_on_c, 2, 64, 0
5, 950272, Note_on_c, 2, 76, 0
5, 950272, Note_on_c, 2, 66, 98
5, 950272, Note_on_c, 2, 78, 98
5, 951296, Note_on_c, 2, 66, 0
5, 951296, Note_on_c, 2, 78, 0
5, 951296, Note_on_c, 2, 66, 96
5, 951296, Note_on_c, 2, 78, 96
5, 952320, Note_on_c, 2, 66, 0
5, 952320, Note_on_c, 2, 78, 0
5, 952320, Note_on_c, 2, 64, 96
5, 952320, Note_on_c, 2, 76, 96
5, 953344, Note_on_c, 2, 64, 0
5, 953344, Note_on_c, 2, 76, 0
5, 953344, Note_on_c, 2, 69, 96
5, 953344, Note_on_c, 2, 81, 96
5, 953856, Note_on_c, 2, 69, 0
5, 953856, Note_on_c, 2, 81, 0
5, 953856, Note_on_c, 2, 57, 96
5, 953856, Note_on_c, 2, 69, 96
5, 954368, Note_on_c, 2, 57, 0
5, 954368, Note_on_c, 2, 69, 0
5, 954368, Note_on_c, 2, 59, 96
5, 954368, Note_on_c, 2, 71, 96
5, 954880, Note_on_c, 2, 59, 0
5, 954880, Note_on_c, 2, 71, 0
5, 954880, Note_on_c, 2, 55, 96
5, 954880, Note_on_c, 2, 67, 96
5, 955392, Note_on_c, 2, 55, 0
5, 955392, Note_on_c, 2, 67, 0
5, 955392, Note_on_c, 2, 54, 96
5, 955392, Note_on_c, 2, 66, 96
5, 955766, Note_on_c, 2, 54, 0
5, 955766, Note_on_c, 2, 66, 0
5, 955904, Note_on_c, 2, 69, 96
5, 955904, Note_on_c, 2, 81, 96
5, 956416, Note_on_c, 2, 69, 0
5, 956416, Note_on_c, 2, 81, 0
5, 956416, Note_on_c, 2, 71, 96
5, 956416, Note_on_c, 2, 83, 96
5, 956928, Note_on_c, 2, 71, 0
5, 956928, Note_on_c, 2, 83, 0
5, 956928, Note_on_c, 2, 69, 95
5, 956928, Note_on_c, 2, 81, 95
5, 957440, Note_on_c, 2, 69, 0
5, 957440, Note_on_c, 2, 81, 0
5, 957440, Note_on_c, 2, 67, 95
5, 957440, Note_on_c, 2, 79, 95
5, 957952, Note_on_c, 2, 67, 0
5, 957952, Note_on_c, 2, 79, 0
5, 957952, Note_on_c, 2, 66, 95
5, 957952, Note_on_c, 2, 78, 95
5, 958464, Note_on_c, 2, 66, 0
5, 958464, Note_on_c, 2, 78, 0
5, 958464, Note_on_c, 2, 64, 95
5, 958464, Note_on_c, 2, 76, 95
5, 958976, Note_on_c, 2, 64, 0
5, 958976, Note_on_c, 2, 76, 0
5, 958976, Note_on_c, 2, 62, 95
5, 958976, Note_on_c, 2, 74, 95
5, 959488, Note_on_c, 2, 62, 0
5, 959488, Note_on_c, 2, 74, 0
5, 959488, Note_on_c, 2, 67, 95
5, 959488, Note_on_c, 2, 79, 95
5, 960512, Note_on_c, 2, 67, 0
5, 960512, Note_on_c, 2, 79, 0
5, 960512, Note_on_c, 2, 61, 95
5, 960512, Note_on_c, 2, 67, 95
5, 961024, Note_on_c, 2, 61, 0
5, 961024, Note_on_c, 2, 67, 0
5, 961024, Note_on_c, 2, 62, 95
5, 961024, Note_on_c, 2, 66, 95
5, 961536, Note_on_c, 2, 62, 0
5, 961536, Note_on_c, 2, 66, 0
5, 961536, Note_on_c, 2, 62, 95
5, 961536, Note_on_c, 2, 66, 95
5, 962048, Note_on_c, 2, 62, 0
5, 962048, Note_on_c, 2, 66, 0
5, 963072, Note_on_c, 2, 62, 94
5, 963072, Note_on_c, 2, 66, 94
5, 963482, Note_on_c, 2, 62, 0
5, 963482, Note_on_c, 2, 66, 0
5, 963584, Note_on_c, 2, 64, 94
5, 963584, Note_on_c, 2, 73, 94
5, 964096, Note_on_c, 2, 64, 0
5, 964096, Note_on_c, 2, 73, 0
5, 965120, Note_on_c, 2, 66, 94
5, 965120, Note_on_c, 2, 74, 94
5, 965530, Note_on_c, 2, 66, 0
5, 965530, Note_on_c, 2, 74, 0
5, 965632, Note_on_c, 2, 66, 94
5, 965632, Note_on_c, 2, 74, 94
5, 966144, Note_on_c, 2, 66, 0
5, 966144, Note_on_c, 2, 74, 0
5, 967168, Note_on_c, 2, 62, 94
5, 967168, Note_on_c, 2, 66, 94
5, 967578, Note_on_c, 2, 62, 0
5, 967578, Note_on_c, 2, 66, 0
5, 967680, Note_on_c, 2, 62, 98
5, 967680, Note_on_c, 2, 66, 98
5, 968192, Note_on_c, 2, 62, 0
5, 968192, Note_on_c, 2, 66, 0
5, 969216, Note_on_c, 2, 62, 95
5, 969216, Note_on_c, 2, 67, 95
5, 969626, Note_on_c, 2, 62, 0
5, 969626, Note_on_c, 2, 67, 0
5, 969728, Note_on_c, 2, 62, 94
5, 969728, Note_on_c, 2, 67, 94
5, 970240, Note_on_c, 2, 62, 0
5, 970240, Note_on_c, 2, 67, 0
5, 971264, Note_on_c, 2, 64, 97
5, 971264, Note_on_c, 2, 67, 97
5, 971674, Note_on_c, 2, 64, 0
5, 971674, Note_on_c, 2, 67, 0
5, 971776, Note_on_c, 2, 64, 101
5, 971776, Note_on_c, 2, 67, 101
5, 972288, Note_on_c, 2, 64, 0
5, 972288, Note_on_c, 2, 67, 0
5, 973312, Note_on_c, 2, 64, 99
5, 973312, Note_on_c, 2, 67, 99
5, 973722, Note_on_c, 2, 64, 0
5, 973722, Note_on_c, 2, 67, 0
5, 973824, Note_on_c, 2, 64, 97
5, 973824, Note_on_c, 2, 67, 97
5, 974336, Note_on_c, 2, 64, 0
5, 974336, Note_on_c, 2, 67, 0
5, 975360, Note_on_c, 2, 64, 99
5, 975360, Note_on_c, 2, 67, 99
5, 975770, Note_on_c, 2, 64, 0
5, 975770, Note_on_c, 2, 67, 0
5, 975872, Note_on_c, 2, 62, 101
5, 975872, Note_on_c, 2, 66, 101
5, 976384, Note_on_c, 2, 62, 0
5, 976384, Note_on_c, 2, 66, 0
5, 977408, Note_on_c, 2, 69, 94
5, 977408, Note_on_c, 2, 81, 94
5, 977818, Note_on_c, 2, 69, 0
5, 977818, Note_on_c, 2, 81, 0
5, 977920, Note_on_c, 2, 62, 90
5, 977920, Note_on_c, 2, 74, 90
5, 978432, Note_on_c, 2, 62, 0
5, 978432, Note_on_c, 2, 74, 0
5, 1045504, Note_on_c, 2, 73, 96
5, 1045504, Note_on_c, 2, 76, 96
5, 1046252, Note_on_c, 2, 73, 0
5, 1046252, Note_on_c, 2, 76, 0
5, 1046528, Note_on_c, 2, 73, 93
5, 1046528, Note_on_c, 2, 76, 93
5, 1047276, Note_on_c, 2, 73, 0
5, 1047276, Note_on_c, 2, 76, 0
5, 1047552, Note_on_c, 2, 74, 93
5, 1047552, Note_on_c, 2, 78, 93
5, 1048300, Note_on_c, 2, 74, 0
5, 1048300, Note_on_c, 2, 78, 0
5, 1048576, Note_on_c, 2, 66, 93
5, 1048576, Note_on_c, 2, 74, 93
5, 1049324, Note_on_c, 2, 66, 0
5, 1049324, Note_on_c, 2, 74, 0
5, 1049600, Note_on_c, 2, 73, 93
5, 1049600, Note_on_c, 2, 76, 93
5, 1050624, Note_on_c, 2, 73, 0
5, 1050624, Note_on_c, 2, 76, 0
5, 1050624, Note_on_c, 2, 74, 93
5, 1050624, Note_on_c, 2, 78, 93
5, 1051136, Note_on_c, 2, 74, 0
5, 1051136, Note_on_c, 2, 78, 0
5, 1051136, Note_on_c, 2, 76, 93
5, 1051136, Note_on_c, 2, 79, 93
5, 1051648, Note_on_c, 2, 76, 0
5, 1051648, Note_on_c, 2, 79, 0
5, 1051648, Note_on_c, 2, 74, 93
5, 1051648, Note_on_c, 2, 78, 93
5, 1052160, Note_on_c, 2, 74, 0
5, 1052160, Note_on_c, 2, 78, 0
5, 1052160, Note_on_c, 2, 66, 94
5, 1052160, Note_on_c, 2, 69, 94
5, 1052672, Note_on_c, 2, 66, 0
5, 1052672, Note_on_c, 2, 69, 0
5, 1052672, Note_on_c, 2, 64, 94
5, 1052672, Note_on_c, 2, 67, 94
5, 1053184, Note_on_c, 2, 64, 0
5, 1053184, Note_on_c, 2, 67, 0
5, 1053184, Note_on_c, 2, 62, 94
5, 1053184, Note_on_c, 2, 66, 94
5, 1053696, Note_on_c, 2, 62, 0
5, 1053696, Note_on_c, 2, 66, 0
5, 1053696, Note_on_c, 2, 61, 94
5, 1053696, Note_on_c, 2, 64, 94
5, 1054208, Note_on_c, 2, 61, 0
5, 1054208, Note_on_c, 2, 64, 0
5, 1054208, Note_on_c, 2, 73, 94
5, 1054208, Note_on_c, 2, 76, 94
5, 1054720, Note_on_c, 2, 73, 0
5, 1054720, Note_on_c, 2, 76, 0
5, 1054720, Note_on_c, 2, 74, 94
5, 1054720, Note_on_c, 2, 78, 94
5, 1055232, Note_on_c, 2, 74, 0
5, 1055232, Note_on_c, 2, 78, 0
5, 1055232, Note_on_c, 2, 76, 94
5, 1055232, Note_on_c, 2, 79, 94
5, 1055744, Note_on_c, 2, 76, 0
5, 1055744, Note_on_c, 2, 79, 0
5, 1055744, Note_on_c, 2, 73, 94
5, 1055744, Note_on_c, 2, 78, 94
5, 1056492, Note_on_c, 2, 73, 0
5, 1056492, Note_on_c, 2, 78, 0
5, 1056768, Note_on_c, 2, 73, 94
5, 1056768, Note_on_c, 2, 76, 94
5, 1057516, Note_on_c, 2, 73, 0
5, 1057516, Note_on_c, 2, 76, 0
5, 1057792, Note_on_c, 2, 71, 94
5, 1057792, Note_on_c, 2, 74, 94
5, 1058304, Note_on_c, 2, 71, 0
5, 1058304, Note_on_c, 2, 74, 0
5, 1058816, Note_on_c, 2, 68, 97
5, 1058816, Note_on_c, 2, 76, 97
5, 1059328, Note_on_c, 2, 68, 0
5, 1059328, Note_on_c, 2, 76, 0
5, 1059840, Note_on_c, 2, 69, 100
5, 1060352, Note_on_c, 2, 69, 0
5, 1060864, Note_on_c, 2, 74, 103
5, 1060864, Note_on_c, 2, 78, 103
5, 1062912, Note_on_c, 2, 74, 0
5, 1062912, Note_on_c, 2, 78, 0
5, 1062912, Note_on_c, 2, 74, 106
5, 1062912, Note_on_c, 2, 78, 106
5, 1063660, Note_on_c, 2, 74, 0
5, 1063660, Note_on_c, 2, 78, 0
5, 1063936, Note_on_c, 2, 76, 108
5, 1063936, Note_on_c, 2, 79, 108
5, 1064684, Note_on_c, 2, 76, 0
5, 1064684, Note_on_c, 2, 79, 0
5, 1064960, Note_on_c, 2, 78, 107
5, 1064960, Note_on_c, 2, 81, 107
5, 1065708, Note_on_c, 2, 78, 0
5, 1065708, Note_on_c, 2, 81, 0
5, 1065984, Note_on_c, 2, 78, 106
5, 1065984, Note_on_c, 2, 81, 106
5, 1067008, Note_on_c, 2, 78, 0
5, 1067008, Note_on_c, 2, 81, 0
5, 1067008, Note_on_c, 2, 76, 91
5, 1067008, Note_on_c, 2, 79, 91
5, 1068032, Note_on_c, 2, 76, 0
5, 1068032, Note_on_c, 2, 79, 0
5, 1068032, Note_on_c, 2, 74, 76
5, 1068032, Note_on_c, 2, 78, 76
5, 1069056, Note_on_c, 2, 74, 0
5, 1069056, Note_on_c, 2, 78, 0
5, 1069056, Note_on_c, 2, 73, 61
5, 1069056, Note_on_c, 2, 76, 61
5, 1070080, Note_on_c, 2, 73, 0
5, 1070080, Note_on_c, 2, 76, 0
5, 1070080, Note_on_c, 2, 69, 46
5, 1070080, Note_on_c, 2, 74, 46
5, 1070828, Note_on_c, 2, 69, 0
5, 1070828, Note_on_c, 2, 74, 0
5, 1071104, Note_on_c, 2, 69, 42
5, 1071104, Note_on_c, 2, 74, 42
5, 1072128, Note_on_c, 2, 69, 0
5, 1072128, Note_on_c, 2, 74, 0
5, 1072128, Note_on_c, 2, 76, 41
5, 1072128, Note_on_c, 2, 67, 41
5, 1072640, Note_on_c, 2, 67, 0
5, 1072640, Note_on_c, 2, 73, 40
5, 1073152, Note_on_c, 2, 76, 0
5, 1073152, Note_on_c, 2, 73, 0
5, 1073152, Note_on_c, 2, 74, 40
5, 1073152, Note_on_c, 2, 78, 40
5, 1074176, Note_on_c, 2, 74, 0
5, 1074176, Note_on_c, 2, 78, 0
5, 1074176, Note_on_c, 2, 73, 39
5, 1074176, Note_on_c, 2, 76, 39
5, 1074688, Note_on_c, 2, 73, 0
5, 1074688, Note_on_c, 2, 76, 0
5, 1074688, Note_on_c, 2, 64, 38
5, 1074688, Note_on_c, 2, 67, 38
5, 1075200, Note_on_c, 2, 64, 0
5, 1075200, Note_on_c, 2, 67, 0
5, 1075200, Note_on_c, 2, 61, 38
5, 1075200, Note_on_c, 2, 73, 38
5, 1075712, Note_on_c, 2, 61, 0
5, 1075712, Note_on_c, 2, 73, 0
5, 1075712, Note_on_c, 2, 62, 37
5, 1075712, Note_on_c, 2, 74, 37
5, 1076086, Note_on_c, 2, 62, 0
5, 1076086, Note_on_c, 2, 74, 0
5, 1076224, Note_on_c, 2, 62, 37
5, 1076224, Note_on_c, 2, 74, 37
5, 1076972, Note_on_c, 2, 62, 0
5, 1076972, Note_on_c, 2, 74, 0
5, 1077248, Note_on_c, 2, 66, 41
5, 1077248, Note_on_c, 2, 69, 41
5, 1078272, Note_on_c, 2, 66, 0
5, 1078272, Note_on_c, 2, 69, 0
5, 1078272, Note_on_c, 2, 64, 50
5, 1078272, Note_on_c, 2, 67, 50
5, 1079808, Note_on_c, 2, 64, 0
5, 1079808, Note_on_c, 2, 67, 0
5, 1079808, Note_on_c, 2, 62, 45
5, 1079808, Note_on_c, 2, 66, 45
5, 1080182, Note_on_c, 2, 62, 0
5, 1080182, Note_on_c, 2, 66, 0
5, 1080320, Note_on_c, 2, 62, 42
5, 1080320, Note_on_c, 2, 66, 42
5, 1081068, Note_on_c, 2, 62, 0
5, 1081068, Note_on_c, 2, 66, 0
5, 1081344, Note_on_c, 2, 71, 41
5, 1081344, Note_on_c, 2, 74, 41
5, 1082368, Note_on_c, 2, 71, 0
5, 1082368, Note_on_c, 2, 74, 0
5, 1082368, Note_on_c, 2, 69, 51
5, 1082368, Note_on_c, 2, 72, 51
5, 1083904, Note_on_c, 2, 69, 0
5, 1083904, Note_on_c, 2, 72, 0
5, 1083904, Note_on_c, 2, 67, 48
5, 1083904, Note_on_c, 2, 71, 48
5, 1084278, Note_on_c, 2, 67, 0
5, 1084278, Note_on_c, 2, 71, 0
5, 1084416, Note_on_c, 2, 67, 45
5, 1084416, Note_on_c, 2, 71, 45
5, 1085164, Note_on_c, 2, 67, 0
5, 1085164, Note_on_c, 2, 71, 0
5, 1085440, Note_on_c, 2, 71, 41
5, 1085440, Note_on_c, 2, 79, 41
5, 1085952, Note_on_c, 2, 71, 0
5, 1085952, Note_on_c, 2, 79, 0
5, 1085952, Note_on_c, 2, 67, 42
5, 1085952, Note_on_c, 2, 76, 42
5, 1086464, Note_on_c, 2, 67, 0
5, 1086464, Note_on_c, 2, 76, 0
5, 1086464, Note_on_c, 2, 66, 43
5, 1086464, Note_on_c, 2, 74, 43
5, 1086976, Note_on_c, 2, 66, 0
5, 1086976, Note_on_c, 2, 74, 0
5, 1086976, Note_on_c, 2, 64, 44
5, 1086976, Note_on_c, 2, 73, 44
5, 1087488, Note_on_c, 2, 64, 0
5, 1087488, Note_on_c, 2, 73, 0
5, 1087488, Note_on_c, 2, 67, 46
5, 1087488, Note_on_c, 2, 76, 46
5, 1088000, Note_on_c, 2, 67, 0
5, 1088000, Note_on_c, 2, 76, 0
5, 1088000, Note_on_c, 2, 64, 47
5, 1088000, Note_on_c, 2, 73, 47
5, 1088512, Note_on_c, 2, 64, 0
5, 1088512, Note_on_c, 2, 73, 0
5, 1088512, Note_on_c, 2, 62, 46
5, 1088512, Note_on_c, 2, 71, 46
5, 1089024, Note_on_c, 2, 62, 0
5, 1089024, Note_on_c, 2, 71, 0
5, 1089024, Note_on_c, 2, 61, 45
5, 1089024, Note_on_c, 2, 69, 45
5, 1089536, Note_on_c, 2, 61, 0
5, 1089536, Note_on_c, 2, 69, 0
5, 1089536, Note_on_c, 2, 62, 44
5, 1089536, Note_on_c, 2, 71, 44
5, 1090048, Note_on_c, 2, 62, 0
5, 1090048, Note_on_c, 2, 71, 0
5, 1090048, Note_on_c, 2, 64, 43
5, 1090048, Note_on_c, 2, 73, 43
5, 1090560, Note_on_c, 2, 64, 0
5, 1090560, Note_on_c, 2, 73, 0
5, 1090560, Note_on_c, 2, 66, 42
5, 1090560, Note_on_c, 2, 74, 42
5, 1091072, Note_on_c, 2, 66, 0
5, 1091072, Note_on_c, 2, 74, 0
5, 1091072, Note_on_c, 2, 69, 41
5, 1091072, Note_on_c, 2, 78, 41
5, 1091584, Note_on_c, 2, 69, 0
5, 1091584, Note_on_c, 2, 78, 0
5, 1091584, Note_on_c, 2, 67, 40
5, 1091584, Note_on_c, 2, 76, 40
5, 1092096, Note_on_c, 2, 67, 0
5, 1092096, Note_on_c, 2, 76, 0
5, 1092096, Note_on_c, 2, 64, 39
5, 1092096, Note_on_c, 2, 73, 39
5, 1092608, Note_on_c, 2, 64, 0
5, 1092608, Note_on_c, 2, 73, 0
5, 1092608, Note_on_c, 2, 66, 38
5, 1092608, Note_on_c, 2, 74, 38
5, 1092982, Note_on_c, 2, 66, 0
5, 1092982, Note_on_c, 2, 74, 0
5, 1093120, Note_on_c, 2, 66, 37
5, 1093632, Note_on_c, 2, 66, 0
5, 1093632, Note_on_c, 2, 67, 37
5, 1094144, Note_on_c, 2, 67, 0
5, 1094144, Note_on_c, 2, 64, 37
5, 1094656, Note_on_c, 2, 64, 0
5, 1094656, Note_on_c, 2, 66, 37
5, 1095168, Note_on_c, 2, 66, 0
5, 1095168, Note_on_c, 2, 67, 37
5, 1095542, Note_on_c, 2, 67, 0
5, 1095680, Note_on_c, 2, 64, 37
5, 1096192, Note_on_c, 2, 64, 0
5, 1096192, Note_on_c, 2, 66, 37
5, 1096566, Note_on_c, 2, 66, 0
5, 1096704, Note_on_c, 2, 67, 37
5, 1097216, Note_on_c, 2, 67, 0
5, 1097216, Note_on_c, 2, 69, 37
5, 1097590, Note_on_c, 2, 69, 0
5, 1097728, Note_on_c, 2, 71, 37
5, 1098240, Note_on_c, 2, 71, 0
5, 1098240, Note_on_c, 2, 69, 37
5, 1098614, Note_on_c, 2, 69, 0
5, 1098752, Note_on_c, 2, 69, 37
5, 1099264, Note_on_c, 2, 69, 0
5, 1099264, Note_on_c, 2, 67, 37
5, 1099638, Note_on_c, 2, 67, 0
5, 1099776, Note_on_c, 2, 71, 37
5, 1100288, Note_on_c, 2, 71, 0
5, 1100288, Note_on_c, 2, 67, 37
5, 1100662, Note_on_c, 2, 67, 0
5, 1100800, Note_on_c, 2, 66, 37
5, 1101312, Note_on_c, 2, 66, 0
5, 1101312, Note_on_c, 2, 64, 37
5, 1101686, Note_on_c, 2, 64, 0
5, 1101824, Note_on_c, 2, 67, 37
5, 1102336, Note_on_c, 2, 67, 0
5, 1102336, Note_on_c, 2, 64, 37
5, 1102710, Note_on_c, 2, 64, 0
5, 1102848, Note_on_c, 2, 62, 37
5, 1103596, Note_on_c, 2, 62, 0
5, 1136640, Note_on_c, 2, 71, 35
5, 1137152, Note_on_c, 2, 71, 0
5, 1137152, Note_on_c, 2, 73, 35
5, 1137526, Note_on_c, 2, 73, 0
5, 1138688, Note_on_c, 2, 74, 35
5, 1139200, Note_on_c, 2, 74, 0
5, 1139200, Note_on_c, 2, 73, 35
5, 1139456, Note_on_c, 2, 73, 0
5, 1140736, Note_on_c, 2, 71, 36
5, 1141555, Note_on_c, 2, 71, 0
5, 1142784, Note_on_c, 2, 69, 36
5, 1143296, Note_on_c, 2, 69, 0
5, 1143296, Note_on_c, 2, 66, 36
5, 1143552, Note_on_c, 2, 66, 0
5, 1143808, Note_on_c, 2, 66, 37
5, 1144556, Note_on_c, 2, 66, 0
5, 1144832, Note_on_c, 2, 67, 42
5, 1145344, Note_on_c, 2, 67, 0
5, 1145344, Note_on_c, 2, 66, 44
5, 1145718, Note_on_c, 2, 66, 0
5, 1146880, Note_on_c, 2, 71, 50
5, 1147392, Note_on_c, 2, 71, 0
5, 1147392, Note_on_c, 2, 69, 52
5, 1147766, Note_on_c, 2, 69, 0
5, 1148928, Note_on_c, 2, 71, 59
5, 1149440, Note_on_c, 2, 71, 0
5, 1149440, Note_on_c, 2, 67, 61
5, 1149814, Note_on_c, 2, 67, 0
5, 1150976, Note_on_c, 2, 67, 67
5, 1151488, Note_on_c, 2, 67, 0
5, 1151488, Note_on_c, 2, 64, 70
5, 1151862, Note_on_c, 2, 64, 0
5, 1153024, Note_on_c, 2, 67, 76
5, 1153536, Note_on_c, 2, 67, 0
5, 1153536, Note_on_c, 2, 69, 78
5, 1153910, Note_on_c, 2, 69, 0
5, 1159168, Note_on_c, 2, 76, 89
5, 1159168, Note_on_c, 2, 79, 89
5, 1159680, Note_on_c, 2, 76, 0
5, 1159680, Note_on_c, 2, 79, 0
5, 1159680, Note_on_c, 2, 74, 89
5, 1159680, Note_on_c, 2, 78, 89
5, 1160054, Note_on_c, 2, 74, 0
5, 1160054, Note_on_c, 2, 78, 0
5, 1160192, Note_on_c, 2, 74, 89
5, 1160192, Note_on_c, 2, 78, 89
5, 1160704, Note_on_c, 2, 74, 0
5, 1160704, Note_on_c, 2, 78, 0
5, 1160704, Note_on_c, 2, 73, 89
5, 1160704, Note_on_c, 2, 76, 89
5, 1161078, Note_on_c, 2, 73, 0
5, 1161078, Note_on_c, 2, 76, 0
5, 1161216, Note_on_c, 2, 71, 89
5, 1161216, Note_on_c, 2, 74, 89
5, 1161728, Note_on_c, 2, 71, 0
5, 1161728, Note_on_c, 2, 74, 0
5, 1161728, Note_on_c, 2, 73, 89
5, 1161728, Note_on_c, 2, 76, 89
5, 1162102, Note_on_c, 2, 73, 0
5, 1162102, Note_on_c, 2, 76, 0
5, 1162240, Note_on_c, 2, 76, 90
5, 1162240, Note_on_c, 2, 79, 90
5, 1162752, Note_on_c, 2, 76, 0
5, 1162752, Note_on_c, 2, 79, 0
5, 1162752, Note_on_c, 2, 74, 90
5, 1162752, Note_on_c, 2, 78, 90
5, 1163126, Note_on_c, 2, 74, 0
5, 1163126, Note_on_c, 2, 78, 0
5, 1163264, Note_on_c, 2, 67, 90
5, 1163264, Note_on_c, 2, 76, 90
5, 1163776, Note_on_c, 2, 67, 0
5, 1163776, Note_on_c, 2, 76, 0
5, 1163776, Note_on_c, 2, 66, 90
5, 1163776, Note_on_c, 2, 74, 90
5, 1164150, Note_on_c, 2, 66, 0
5, 1164150, Note_on_c, 2, 74, 0
5, 1164288, Note_on_c, 2, 74, 90
5, 1164288, Note_on_c, 2, 78, 90
5, 1164800, Note_on_c, 2, 74, 0
5, 1164800, Note_on_c, 2, 78, 0
5, 1164800, Note_on_c, 2, 73, 90
5, 1164800, Note_on_c, 2, 76, 90
5, 1165174, Note_on_c, 2, 73, 0
5, 1165174, Note_on_c, 2, 76, 0
5, 1165312, Note_on_c, 2, 71, 91
5, 1165312, Note_on_c, 2, 74, 91
5, 1165824, Note_on_c, 2, 71, 0
5, 1165824, Note_on_c, 2, 74, 0
5, 1165824, Note_on_c, 2, 73, 91
5, 1165824, Note_on_c, 2, 76, 91
5, 1166198, Note_on_c, 2, 73, 0
5, 1166198, Note_on_c, 2, 76, 0
5, 1166336, Note_on_c, 2, 76, 91
5, 1166336, Note_on_c, 2, 79, 91
5, 1166848, Note_on_c, 2, 76, 0
5, 1166848, Note_on_c, 2, 79, 0
5, 1166848, Note_on_c, 2, 74, 91
5, 1166848, Note_on_c, 2, 78, 91
5, 1167222, Note_on_c, 2, 74, 0
5, 1167222, Note_on_c, 2, 78, 0
5, 1167360, Note_on_c, 2, 67, 91
5, 1167360, Note_on_c, 2, 76, 91
5, 1167872, Note_on_c, 2, 67, 0
5, 1167872, Note_on_c, 2, 76, 0
5, 1167872, Note_on_c, 2, 66, 91
5, 1167872, Note_on_c, 2, 74, 91
5, 1168246, Note_on_c, 2, 66, 0
5, 1168246, Note_on_c, 2, 74, 0
5, 1168384, Note_on_c, 2, 74, 91
5, 1168384, Note_on_c, 2, 78, 91
5, 1168896, Note_on_c, 2, 74, 0
5, 1168896, Note_on_c, 2, 78, 0
5, 1168896, Note_on_c, 2, 73, 92
5, 1168896, Note_on_c, 2, 76, 92
5, 1169270, Note_on_c, 2, 73, 0
5, 1169270, Note_on_c, 2, 76, 0
5, 1169408, Note_on_c, 2, 71, 92
5, 1169408, Note_on_c, 2, 74, 92
5, 1169920, Note_on_c, 2, 71, 0
5, 1169920, Note_on_c, 2, 74, 0
5, 1169920, Note_on_c, 2, 73, 93
5, 1169920, Note_on_c, 2, 76, 93
5, 1170294, Note_on_c, 2, 73, 0
5, 1170294, Note_on_c, 2, 76, 0
5, 1170432, Note_on_c, 2, 76, 94
5, 1170432, Note_on_c, 2, 79, 94
5, 1170944, Note_on_c, 2, 76, 0
5, 1170944, Note_on_c, 2, 79, 0
5, 1170944, Note_on_c, 2, 74, 94
5, 1170944, Note_on_c, 2, 78, 94
5, 1171318, Note_on_c, 2, 74, 0
5, 1171318, Note_on_c, 2, 78, 0
5, 1171456, Note_on_c, 2, 74, 95
5, 1171456, Note_on_c, 2, 78, 95
5, 1171968, Note_on_c, 2, 74, 0
5, 1171968, Note_on_c, 2, 78, 0
5, 1171968, Note_on_c, 2, 73, 95
5, 1171968, Note_on_c, 2, 76, 95
5, 1172342, Note_on_c, 2, 73, 0
5, 1172342, Note_on_c, 2, 76, 0
5, 1172480, Note_on_c, 2, 73, 96
5, 1172480, Note_on_c, 2, 76, 96
5, 1172992, Note_on_c, 2, 73, 0
5, 1172992, Note_on_c, 2, 76, 0
5, 1172992, Note_on_c, 2, 71, 96
5, 1172992, Note_on_c, 2, 74, 96
5, 1173366, Note_on_c, 2, 71, 0
5, 1173366, Note_on_c, 2, 74, 0
5, 1173504, Note_on_c, 2, 71, 97
5, 1173504, Note_on_c, 2, 74, 97
5, 1174016, Note_on_c, 2, 71, 0
5, 1174016, Note_on_c, 2, 74, 0
5, 1174016, Note_on_c, 2, 68, 97
5, 1174016, Note_on_c, 2, 76, 97
5, 1174390, Note_on_c, 2, 68, 0
5, 1174390, Note_on_c, 2, 76, 0
5, 1174528, Note_on_c, 2, 69, 98
5, 1175040, Note_on_c, 2, 69, 0
5, 1175040, Note_on_c, 2, 73, 98
5, 1175040, Note_on_c, 2, 76, 98
5, 1175414, Note_on_c, 2, 73, 0
5, 1175414, Note_on_c, 2, 76, 0
5, 1175552, Note_on_c, 2, 74, 99
5, 1175552, Note_on_c, 2, 78, 99
5, 1177088, Note_on_c, 2, 74, 0
5, 1177088, Note_on_c, 2, 78, 0
5, 1177088, Note_on_c, 2, 76, 99
5, 1177088, Note_on_c, 2, 79, 99
5, 1177462, Note_on_c, 2, 76, 0
5, 1177462, Note_on_c, 2, 79, 0
5, 1177600, Note_on_c, 2, 73, 99
5, 1177600, Note_on_c, 2, 76, 99
5, 1178112, Note_on_c, 2, 73, 0
5, 1178112, Note_on_c, 2, 76, 0
5, 1178112, Note_on_c, 2, 74, 99
5, 1178112, Note_on_c, 2, 78, 99
5, 1178486, Note_on_c, 2, 74, 0
5, 1178486, Note_on_c, 2, 78, 0
5, 1178624, Note_on_c, 2, 76, 99
5, 1178624, Note_on_c, 2, 79, 99
5, 1179136, Note_on_c, 2, 76, 0
5, 1179136, Note_on_c, 2, 79, 0
5, 1179136, Note_on_c, 2, 78, 99
5, 1179136, Note_on_c, 2, 81, 99
5, 1179510, Note_on_c, 2, 78, 0
5, 1179510, Note_on_c, 2, 81, 0
5, 1179648, Note_on_c, 2, 79, 99
5, 1179648, Note_on_c, 2, 83, 99
5, 1180160, Note_on_c, 2, 79, 0
5, 1180160, Note_on_c, 2, 83, 0
5, 1180160, Note_on_c, 2, 78, 99
5, 1180160, Note_on_c, 2, 81, 99
5, 1180534, Note_on_c, 2, 78, 0
5, 1180534, Note_on_c, 2, 81, 0
5, 1180672, Note_on_c, 2, 72, 99
5, 1180672, Note_on_c, 2, 81, 99
5, 1181184, Note_on_c, 2, 72, 0
5, 1181184, Note_on_c, 2, 81, 0
5, 1181184, Note_on_c, 2, 71, 99
5, 1181184, Note_on_c, 2, 79, 99
5, 1181558, Note_on_c, 2, 71, 0
5, 1181558, Note_on_c, 2, 79, 0
5, 1181696, Note_on_c, 2, 74, 99
5, 1181696, Note_on_c, 2, 83, 99
5, 1182208, Note_on_c, 2, 74, 0
5, 1182208, Note_on_c, 2, 83, 0
5, 1182208, Note_on_c, 2, 71, 99
5, 1182208, Note_on_c, 2, 79, 99
5, 1182582, Note_on_c, 2, 71, 0
5, 1182582, Note_on_c, 2, 79, 0
5, 1182720, Note_on_c, 2, 74, 99
5, 1182720, Note_on_c, 2, 78, 99
5, 1183232, Note_on_c, 2, 74, 0
5, 1183232, Note_on_c, 2, 78, 0
5, 1183232, Note_on_c, 2, 73, 99
5, 1183232, Note_on_c, 2, 76, 99
5, 1183606, Note_on_c, 2, 73, 0
5, 1183606, Note_on_c, 2, 76, 0
5, 1183744, Note_on_c, 2, 76, 99
5, 1183744, Note_on_c, 2, 79, 99
5, 1184256, Note_on_c, 2, 76, 0
5, 1184256, Note_on_c, 2, 79, 0
5, 1184256, Note_on_c, 2, 73, 99
5, 1184256, Note_on_c, 2, 76, 99
5, 1184630, Note_on_c, 2, 73, 0
5, 1184630, Note_on_c, 2, 76, 0
5, 1184768, Note_on_c, 2, 67, 100
5, 1184768, Note_on_c, 2, 76, 100
5, 1185280, Note_on_c, 2, 67, 0
5, 1185280, Note_on_c, 2, 76, 0
5, 1185280, Note_on_c, 2, 66, 101
5, 1185280, Note_on_c, 2, 74, 101
5, 1185654, Note_on_c, 2, 66, 0
5, 1185654, Note_on_c, 2, 74, 0
5, 1185792, Note_on_c, 2, 64, 103
5, 1185792, Note_on_c, 2, 73, 103
5, 1186304, Note_on_c, 2, 64, 0
5, 1186304, Note_on_c, 2, 73, 0
5, 1186304, Note_on_c, 2, 66, 105
5, 1186304, Note_on_c, 2, 74, 105
5, 1186678, Note_on_c, 2, 66, 0
5, 1186678, Note_on_c, 2, 74, 0
5, 1186816, Note_on_c, 2, 74, 111
5, 1186816, Note_on_c, 2, 78, 111
5, 1187328, Note_on_c, 2, 74, 0
5, 1187328, Note_on_c, 2, 78, 0
5, 1187328, Note_on_c, 2, 73, 109
5, 1187328, Note_on_c, 2, 76, 109
5, 1187840, Note_on_c, 2, 73, 0
5, 1187840, Note_on_c, 2, 76, 0
5, 1187840, Note_on_c, 2, 76, 109
5, 1187840, Note_on_c, 2, 79, 109
5, 1188214, Note_on_c, 2, 76, 0
5, 1188214, Note_on_c, 2, 79, 0
5, 1188352, Note_on_c, 2, 74, 109
5, 1188352, Note_on_c, 2, 78, 109
5, 1188726, Note_on_c, 2, 74, 0
5, 1188726, Note_on_c, 2, 78, 0
5, 1188864, Note_on_c, 2, 74, 108
5, 1188864, Note_on_c, 2, 78, 108
5, 1189376, Note_on_c, 2, 74, 0
5, 1189376, Note_on_c, 2, 78, 0
5, 1189376, Note_on_c, 2, 73, 108
5, 1189376, Note_on_c, 2, 76, 108
5, 1190124, Note_on_c, 2, 73, 0
5, 1190124, Note_on_c, 2, 76, 0
5, 1190400, Note_on_c, 2, 69, 107
5, 1190400, Note_on_c, 2, 74, 107
5, 1190774, Note_on_c, 2, 69, 0
5, 1190774, Note_on_c, 2, 74, 0
5, 1190912, Note_on_c, 2, 74, 107
5, 1191660, Note_on_c, 2, 74, 0
5, 1265152, Note_on_c, 2, 62, 29
5, 1265152, Note_on_c, 2, 74, 29
5, 1265900, Note_on_c, 2, 62, 0
5, 1265900, Note_on_c, 2, 74, 0
5, 1268224, Note_on_c, 2, 62, 29
5, 1268224, Note_on_c, 2, 74, 29
5, 1268972, Note_on_c, 2, 62, 0
5, 1268972, Note_on_c, 2, 74, 0
5, 1271296, Note_on_c, 2, 62, 29
5, 1271296, Note_on_c, 2, 74, 29
5, 1272044, Note_on_c, 2, 62, 0
5, 1272044, Note_on_c, 2, 74, 0
5, 1274368, Note_on_c, 2, 62, 29
5, 1274368, Note_on_c, 2, 74, 29
5, 1275116, Note_on_c, 2, 62, 0
5, 1275116, Note_on_c, 2, 74, 0
5, 1276928, Note_on_c, 2, 70, 34
5, 1276928, Note_on_c, 2, 74, 34
5, 1277302, Note_on_c, 2, 70, 0
5, 1277302, Note_on_c, 2, 74, 0
5, 1277440, Note_on_c, 2, 70, 34
5, 1277440, Note_on_c, 2, 74, 34
5, 1279724, Note_on_c, 2, 70, 0
5, 1279724, Note_on_c, 2, 74, 0
5, 1280000, Note_on_c, 2, 72, 34
5, 1280000, Note_on_c, 2, 75, 34
5, 1280374, Note_on_c, 2, 72, 0
5, 1280374, Note_on_c, 2, 75, 0
5, 1280512, Note_on_c, 2, 74, 34
5, 1280512, Note_on_c, 2, 77, 34
5, 1282796, Note_on_c, 2, 74, 0
5, 1282796, Note_on_c, 2, 77, 0
5, 1283072, Note_on_c, 2, 74, 35
5, 1283072, Note_on_c, 2, 77, 35
5, 1283446, Note_on_c, 2, 74, 0
5, 1283446, Note_on_c, 2, 77, 0
5, 1283584, Note_on_c, 2, 72, 35
5, 1283584, Note_on_c, 2, 75, 35
5, 1285868, Note_on_c, 2, 72, 0
5, 1285868, Note_on_c, 2, 75, 0
5, 1286144, Note_on_c, 2, 70, 35
5, 1286144, Note_on_c, 2, 74, 35
5, 1286518, Note_on_c, 2, 70, 0
5, 1286518, Note_on_c, 2, 74, 0
5, 1286656, Note_on_c, 2, 65, 35
5, 1286656, Note_on_c, 2, 72, 35
5, 1288940, Note_on_c, 2, 65, 0
5, 1288940, Note_on_c, 2, 72, 0
5, 1289216, Note_on_c, 2, 62, 36
5, 1289216, Note_on_c, 2, 70, 36
5, 1289590, Note_on_c, 2, 62, 0
5, 1289590, Note_on_c, 2, 70, 0
5, 1289728, Note_on_c, 2, 62, 36
5, 1289728, Note_on_c, 2, 70, 36
5, 1292012, Note_on_c, 2, 62, 0
5, 1292012, Note_on_c, 2, 70, 0
5, 1292288, Note_on_c, 2, 65, 36
5, 1292288, Note_on_c, 2, 72, 36
5, 1292662, Note_on_c, 2, 65, 0
5, 1292662, Note_on_c, 2, 72, 0
5, 1292800, Note_on_c, 2, 70, 36
5, 1292800, Note_on_c, 2, 74, 36
5, 1295084, Note_on_c, 2, 70, 0
5, 1295084, Note_on_c, 2, 74, 0
5, 1295360, Note_on_c, 2, 70, 37
5, 1295360, Note_on_c, 2, 74, 37
5, 1295734, Note_on_c, 2, 70, 0
5, 1295734, Note_on_c, 2, 74, 0
5, 1295872, Note_on_c, 2, 65, 37
5, 1295872, Note_on_c, 2, 72, 37
5, 1298156, Note_on_c, 2, 65, 0
5, 1298156, Note_on_c, 2, 72, 0
5, 1298432, Note_on_c, 2, 62, 37
5, 1298432, Note_on_c, 2, 70, 37
5, 1298806, Note_on_c, 2, 62, 0
5, 1298806, Note_on_c, 2, 70, 0
5, 1298944, Note_on_c, 2, 65, 37
5, 1298944, Note_on_c, 2, 72, 37
5, 1301228, Note_on_c, 2, 65, 0
5, 1301228, Note_on_c, 2, 72, 0
5, 1301504, Note_on_c, 2, 70, 38
5, 1301504, Note_on_c, 2, 74, 38
5, 1301878, Note_on_c, 2, 70, 0
5, 1301878, Note_on_c, 2, 74, 0
5, 1302016, Note_on_c, 2, 70, 38
5, 1302016, Note_on_c, 2, 74, 38
5, 1304300, Note_on_c, 2, 70, 0
5, 1304300, Note_on_c, 2, 74, 0
5, 1304576, Note_on_c, 2, 72, 38
5, 1304576, Note_on_c, 2, 75, 38
5, 1304950, Note_on_c, 2, 72, 0
5, 1304950, Note_on_c, 2, 75, 0
5, 1305088, Note_on_c, 2, 74, 38
5, 1305088, Note_on_c, 2, 77, 38
5, 1307372, Note_on_c, 2, 74, 0
5, 1307372, Note_on_c, 2, 77, 0
5, 1307648, Note_on_c, 2, 74, 39
5, 1307648, Note_on_c, 2, 77, 39
5, 1308022, Note_on_c, 2, 74, 0
5, 1308022, Note_on_c, 2, 77, 0
5, 1308160, Note_on_c, 2, 72, 38
5, 1308160, Note_on_c, 2, 75, 38
5, 1310444, Note_on_c, 2, 72, 0
5, 1310444, Note_on_c, 2, 75, 0
5, 1310720, Note_on_c, 2, 70, 37
5, 1310720, Note_on_c, 2, 74, 37
5, 1311094, Note_on_c, 2, 70, 0
5, 1311094, Note_on_c, 2, 74, 0
5, 1311232, Note_on_c, 2, 65, 37
5, 1311232, Note_on_c, 2, 72, 37
5, 1313516, Note_on_c, 2, 65, 0
5, 1313516, Note_on_c, 2, 72, 0
5, 1313792, Note_on_c, 2, 62, 36
5, 1313792, Note_on_c, 2, 70, 36
5, 1314166, Note_on_c, 2, 62, 0
5, 1314166, Note_on_c, 2, 70, 0
5, 1314304, Note_on_c, 2, 62, 35
5, 1314304, Note_on_c, 2, 70, 35
5, 1316588, Note_on_c, 2, 62, 0
5, 1316588, Note_on_c, 2, 70, 0
5, 1316864, Note_on_c, 2, 65, 34
5, 1316864, Note_on_c, 2, 72, 34
5, 1317238, Note_on_c, 2, 65, 0
5, 1317238, Note_on_c, 2, 72, 0
5, 1317376, Note_on_c, 2, 70, 34
5, 1317376, Note_on_c, 2, 74, 34
5, 1319660, Note_on_c, 2, 70, 0
5, 1319660, Note_on_c, 2, 74, 0
5, 1319936, Note_on_c, 2, 65, 33
5, 1319936, Note_on_c, 2, 72, 33
5, 1320310, Note_on_c, 2, 65, 0
5, 1320310, Note_on_c, 2, 72, 0
5, 1320448, Note_on_c, 2, 65, 32
5, 1320448, Note_on_c, 2, 72, 32
5, 1321196, Note_on_c, 2, 65, 0
5, 1321196, Note_on_c, 2, 72, 0
5, 1321472, Note_on_c, 2, 62, 32
5, 1321472, Note_on_c, 2, 70, 32
5, 1321846, Note_on_c, 2, 62, 0
5, 1321846, Note_on_c, 2, 70, 0
5, 1321984, Note_on_c, 2, 62, 32
5, 1321984, Note_on_c, 2, 70, 32
5, 1322732, Note_on_c, 2, 62, 0
5, 1322732, Note_on_c, 2, 70, 0
5, 1326080, Note_on_c, 2, 65, 31
5, 1326080, Note_on_c, 2, 72, 31
5, 1326454, Note_on_c, 2, 65, 0
5, 1326454, Note_on_c, 2, 72, 0
5, 1326592, Note_on_c, 2, 65, 31
5, 1326592, Note_on_c, 2, 72, 31
5, 1329664, Note_on_c, 2, 65, 0
5, 1329664, Note_on_c, 2, 72, 0
5, 1329664, Note_on_c, 2, 70, 31
5, 1329664, Note_on_c, 2, 74, 31
5, 1330412, Note_on_c, 2, 70, 0
5, 1330412, Note_on_c, 2, 74, 0
5, 1330688, Note_on_c, 2, 62, 31
5, 1330688, Note_on_c, 2, 70, 31
5, 1331062, Note_on_c, 2, 62, 0
5, 1331062, Note_on_c, 2, 70, 0
5, 1331200, Note_on_c, 2, 65, 31
5, 1331200, Note_on_c, 2, 72, 31
5, 1331948, Note_on_c, 2, 65, 0
5, 1331948, Note_on_c, 2, 72, 0
5, 1332224, Note_on_c, 2, 65, 31
5, 1332224, Note_on_c, 2, 72, 31
5, 1332598, Note_on_c, 2, 65, 0
5, 1332598, Note_on_c, 2, 72, 0
5, 1332736, Note_on_c, 2, 72, 31
5, 1332736, Note_on_c, 2, 65, 31
5, 1334784, Note_on_c, 2, 72, 0
5, 1334784, Note_on_c, 2, 74, 31
5, 1335296, Note_on_c, 2, 74, 0
5, 1335296, Note_on_c, 2, 75, 31
5, 1335296, Note_on_c, 2, 65, 0
5, 1335296, Note_on_c, 2, 72, 31
5, 1335670, Note_on_c, 2, 75, 0
5, 1335670, Note_on_c, 2, 72, 0
5, 1335808, Note_on_c, 2, 74, 32
5, 1335808, Note_on_c, 2, 70, 32
5, 1336556, Note_on_c, 2, 74, 0
5, 1336556, Note_on_c, 2, 70, 0
5, 1336832, Note_on_c, 2, 70, 32
5, 1336832, Note_on_c, 2, 62, 32
5, 1337206, Note_on_c, 2, 70, 0
5, 1337206, Note_on_c, 2, 62, 0
5, 1337344, Note_on_c, 2, 72, 33
5, 1337344, Note_on_c, 2, 65, 33
5, 1337856, Note_on_c, 2, 72, 0
5, 1337856, Note_on_c, 2, 74, 33
5, 1338368, Note_on_c, 2, 74, 0
5, 1338368, Note_on_c, 2, 75, 33
5, 1338368, Note_on_c, 2, 65, 0
5, 1338368, Note_on_c, 2, 72, 33
5, 1338742, Note_on_c, 2, 75, 0
5, 1338742, Note_on_c, 2, 72, 0
5, 1338880, Note_on_c, 2, 74, 34
5, 1338880, Note_on_c, 2, 70, 34
5, 1339628, Note_on_c, 2, 74, 0
5, 1339628, Note_on_c, 2, 70, 0
5, 1339904, Note_on_c, 2, 70, 34
5, 1339904, Note_on_c, 2, 62, 34
5, 1340278, Note_on_c, 2, 70, 0
5, 1340278, Note_on_c, 2, 62, 0
5, 1340416, Note_on_c, 2, 72, 35
5, 1340416, Note_on_c, 2, 65, 35
5, 1340928, Note_on_c, 2, 72, 0
5, 1340928, Note_on_c, 2, 74, 35
5, 1341440, Note_on_c, 2, 74, 0
5, 1341440, Note_on_c, 2, 75, 35
5, 1341440, Note_on_c, 2, 65, 0
5, 1341440, Note_on_c, 2, 72, 35
5, 1341814, Note_on_c, 2, 75, 0
5, 1341814, Note_on_c, 2, 72, 0
5, 1341952, Note_on_c, 2, 74, 35
5, 1341952, Note_on_c, 2, 70, 35
5, 1342700, Note_on_c, 2, 74, 0
5, 1342700, Note_on_c, 2, 70, 0
5, 1342976, Note_on_c, 2, 72, 36
5, 1342976, Note_on_c, 2, 69, 36
5, 1344000, Note_on_c, 2, 72, 0
5, 1344000, Note_on_c, 2, 70, 37
5, 1344000, Note_on_c, 2, 69, 0
5, 1344000, Note_on_c, 2, 67, 37
5, 1344512, Note_on_c, 2, 70, 0
5, 1344512, Note_on_c, 2, 69, 36
5, 1344512, Note_on_c, 2, 67, 0
5, 1344512, Note_on_c, 2, 65, 36
5, 1344886, Note_on_c, 2, 69, 0
5, 1344886, Note_on_c, 2, 65, 0
5, 1345024, Note_on_c, 2, 70, 35
5, 1345024, Note_on_c, 2, 67, 35
5, 1345772, Note_on_c, 2, 70, 0
5, 1345772, Note_on_c, 2, 67, 0
5, 1346048, Note_on_c, 2, 72, 34
5, 1346048, Note_on_c, 2, 64, 34
5, 1346422, Note_on_c, 2, 72, 0
5, 1346422, Note_on_c, 2, 64, 0
5, 1346560, Note_on_c, 2, 65, 33
5, 1346560, Note_on_c, 2, 53, 33
5, 1347072, Note_on_c, 2, 65, 0
5, 1347072, Note_on_c, 2, 67, 33
5, 1347072, Note_on_c, 2, 53, 0
5, 1347072, Note_on_c, 2, 55, 33
5, 1347584, Note_on_c, 2, 67, 0
5, 1347584, Note_on_c, 2, 69, 34
5, 1347584, Note_on_c, 2, 55, 0
5, 1347584, Note_on_c, 2, 57, 34
5, 1348096, Note_on_c, 2, 69, 0
5, 1348096, Note_on_c, 2, 70, 36
5, 1348096, Note_on_c, 2, 57, 0
5, 1348096, Note_on_c, 2, 58, 36
5, 1348608, Note_on_c, 2, 70, 0
5, 1348608, Note_on_c, 2, 72, 37
5, 1348608, Note_on_c, 2, 58, 0
5, 1348608, Note_on_c, 2, 60, 37
5, 1349120, Note_on_c, 2, 72, 0
5, 1349120, Note_on_c, 2, 74, 39
5, 1349120, Note_on_c, 2, 60, 0
5, 1349120, Note_on_c, 2, 62, 39
5, 1349632, Note_on_c, 2, 74, 0
5, 1349632, Note_on_c, 2, 62, 0
5, 1349632, Note_on_c, 2, 74, 40
5, 1349632, Note_on_c, 2, 62, 40
5, 1350380, Note_on_c, 2, 74, 0
5, 1350380, Note_on_c, 2, 62, 0
5, 1350656, Note_on_c, 2, 74, 40
5, 1350656, Note_on_c, 2, 70, 40
5, 1351030, Note_on_c, 2, 74, 0
5, 1351030, Note_on_c, 2, 70, 0
5, 1351168, Note_on_c, 2, 74, 40
5, 1351168, Note_on_c, 2, 70, 40
5, 1353452, Note_on_c, 2, 74, 0
5, 1353452, Note_on_c, 2, 70, 0
5, 1353728, Note_on_c, 2, 75, 40
5, 1353728, Note_on_c, 2, 72, 40
5, 1354102, Note_on_c, 2, 75, 0
5, 1354102, Note_on_c, 2, 72, 0
5, 1354240, Note_on_c, 2, 77, 40
5, 1354240, Note_on_c, 2, 74, 40
5, 1355776, Note_on_c, 2, 74, 0
5, 1355776, Note_on_c, 2, 70, 40
5, 1356524, Note_on_c, 2, 77, 0
5, 1356800, Note_on_c, 2, 77, 40
5, 1357174, Note_on_c, 2, 77, 0
5, 1357312, Note_on_c, 2, 75, 40
5, 1357312, Note_on_c, 2, 70, 0
5, 1357312, Note_on_c, 2, 63, 40
5, 1358060, Note_on_c, 2, 63, 0
5, 1358336, Note_on_c, 2, 65, 40
5, 1358710, Note_on_c, 2, 65, 0
5, 1358848, Note_on_c, 2, 67, 40
5, 1359596, Note_on_c, 2, 75, 0
5, 1359872, Note_on_c, 2, 74, 40
5, 1360246, Note_on_c, 2, 74, 0
5, 1360384, Note_on_c, 2, 72, 40
5, 1360384, Note_on_c, 2, 67, 0
5, 1360384, Note_on_c, 2, 67, 40
5, 1361920, Note_on_c, 2, 67, 0
5, 1361920, Note_on_c, 2, 63, 40
5, 1362668, Note_on_c, 2, 72, 0
5, 1362668, Note_on_c, 2, 63, 0
5, 1362944, Note_on_c, 2, 62, 41
5, 1362944, Note_on_c, 2, 70, 41
5, 1363318, Note_on_c, 2, 62, 0
5, 1363318, Note_on_c, 2, 70, 0
5, 1363456, Note_on_c, 2, 62, 40
5, 1363456, Note_on_c, 2, 70, 40
5, 1365740, Note_on_c, 2, 62, 0
5, 1365740, Note_on_c, 2, 70, 0
5, 1366016, Note_on_c, 2, 65, 37
5, 1366016, Note_on_c, 2, 72, 37
5, 1366390, Note_on_c, 2, 65, 0
5, 1366390, Note_on_c, 2, 72, 0
5, 1366528, Note_on_c, 2, 70, 37
5, 1366528, Note_on_c, 2, 74, 37
5, 1368812, Note_on_c, 2, 70, 0
5, 1368812, Note_on_c, 2, 74, 0
5, 1369088, Note_on_c, 2, 65, 34
5, 1369088, Note_on_c, 2, 72, 34
5, 1369462, Note_on_c, 2, 65, 0
5, 1369462, Note_on_c, 2, 72, 0
5, 1369600, Note_on_c, 2, 65, 33
5, 1369600, Note_on_c, 2, 72, 33
5, 1370348, Note_on_c, 2, 65, 0
5, 1370348, Note_on_c, 2, 72, 0
5, 1370624, Note_on_c, 2, 62, 32
5, 1370624, Note_on_c, 2, 70, 32
5, 1370998, Note_on_c, 2, 62, 0
5, 1370998, Note_on_c, 2, 70, 0
5, 1371136, Note_on_c, 2, 62, 32
5, 1371136, Note_on_c, 2, 70, 32
5, 1371884, Note_on_c, 2, 62, 0
5, 1371884, Note_on_c, 2, 70, 0
5, 1375232, Note_on_c, 2, 70, 32
5, 1375232, Note_on_c, 2, 74, 32
5, 1375606, Note_on_c, 2, 70, 0
5, 1375606, Note_on_c, 2, 74, 0
5, 1375744, Note_on_c, 2, 70, 32
5, 1375744, Note_on_c, 2, 74, 32
5, 1378028, Note_on_c, 2, 70, 0
5, 1378028, Note_on_c, 2, 74, 0
5, 1378304, Note_on_c, 2, 72, 33
5, 1378304, Note_on_c, 2, 75, 33
5, 1378678, Note_on_c, 2, 72, 0
5, 1378678, Note_on_c, 2, 75, 0
5, 1378816, Note_on_c, 2, 74, 33
5, 1378816, Note_on_c, 2, 77, 33
5, 1381100, Note_on_c, 2, 74, 0
5, 1381100, Note_on_c, 2, 77, 0
5, 1381376, Note_on_c, 2, 74, 34
5, 1381376, Note_on_c, 2, 77, 34
5, 1381750, Note_on_c, 2, 74, 0
5, 1381750, Note_on_c, 2, 77, 0
5, 1381888, Note_on_c, 2, 72, 34
5, 1381888, Note_on_c, 2, 75, 34
5, 1384172, Note_on_c, 2, 72, 0
5, 1384172, Note_on_c, 2, 75, 0
5, 1384448, Note_on_c, 2, 70, 34
5, 1384448, Note_on_c, 2, 74, 34
5, 1384822, Note_on_c, 2, 70, 0
5, 1384822, Note_on_c, 2, 74, 0
5, 1384960, Note_on_c, 2, 65, 35
5, 1384960, Note_on_c, 2, 72, 35
5, 1387244, Note_on_c, 2, 65, 0
5, 1387244, Note_on_c, 2, 72, 0
5, 1387520, Note_on_c, 2, 62, 35
5, 1387520, Note_on_c, 2, 70, 35
5, 1387894, Note_on_c, 2, 62, 0
5, 1387894, Note_on_c, 2, 70, 0
5, 1388032, Note_on_c, 2, 62, 36
5, 1388032, Note_on_c, 2, 70, 36
5, 1390316, Note_on_c, 2, 62, 0
5, 1390316, Note_on_c, 2, 70, 0
5, 1390592, Note_on_c, 2, 65, 36
5, 1390592, Note_on_c, 2, 72, 36
5, 1390966, Note_on_c, 2, 65, 0
5, 1390966, Note_on_c, 2, 72, 0
5, 1391104, Note_on_c, 2, 70, 37
5, 1391104, Note_on_c, 2, 74, 37
5, 1393388, Note_on_c, 2, 70, 0
5, 1393388, Note_on_c, 2, 74, 0
5, 1393664, Note_on_c, 2, 70, 37
5, 1393664, Note_on_c, 2, 74, 37
5, 1394038, Note_on_c, 2, 70, 0
5, 1394038, Note_on_c, 2, 74, 0
5, 1394176, Note_on_c, 2, 65, 37
5, 1394176, Note_on_c, 2, 72, 37
5, 1396460, Note_on_c, 2, 65, 0
5, 1396460, Note_on_c, 2, 72, 0
5, 1396736, Note_on_c, 2, 62, 38
5, 1396736, Note_on_c, 2, 70, 38
5, 1397110, Note_on_c, 2, 62, 0
5, 1397110, Note_on_c, 2, 70, 0
5, 1397248, Note_on_c, 2, 65, 38
5, 1397248, Note_on_c, 2, 72, 38
5, 1399532, Note_on_c, 2, 65, 0
5, 1399532, Note_on_c, 2, 72, 0
5, 1399808, Note_on_c, 2, 70, 39
5, 1399808, Note_on_c, 2, 74, 39
5, 1400182, Note_on_c, 2, 70, 0
5, 1400182, Note_on_c, 2, 74, 0
5, 1400320, Note_on_c, 2, 70, 39
5, 1400320, Note_on_c, 2, 74, 39
5, 1402604, Note_on_c, 2, 70, 0
5, 1402604, Note_on_c, 2, 74, 0
5, 1402880, Note_on_c, 2, 72, 39
5, 1402880, Note_on_c, 2, 75, 39
5, 1403254, Note_on_c, 2, 72, 0
5, 1403254, Note_on_c, 2, 75, 0
5, 1403392, Note_on_c, 2, 74, 39
5, 1403392, Note_on_c, 2, 77, 39
5, 1405676, Note_on_c, 2, 74, 0
5, 1405676, Note_on_c, 2, 77, 0
5, 1405952, Note_on_c, 2, 74, 39
5, 1405952, Note_on_c, 2, 77, 39
5, 1406326, Note_on_c, 2, 74, 0
5, 1406326, Note_on_c, 2, 77, 0
5, 1406464, Note_on_c, 2, 72, 39
5, 1406464, Note_on_c, 2, 75, 39
5, 1408748, Note_on_c, 2, 72, 0
5, 1408748, Note_on_c, 2, 75, 0
5, 1409024, Note_on_c, 2, 70, 38
5, 1409024, Note_on_c, 2, 74, 38
5, 1409398, Note_on_c, 2, 70, 0
5, 1409398, Note_on_c, 2, 74, 0
5, 1409536, Note_on_c, 2, 65, 37
5, 1409536, Note_on_c, 2, 72, 37
5, 1411820, Note_on_c, 2, 65, 0
5, 1411820, Note_on_c, 2, 72, 0
5, 1412096, Note_on_c, 2, 62, 36
5, 1412096, Note_on_c, 2, 70, 36
5, 1412470, Note_on_c, 2, 62, 0
5, 1412470, Note_on_c, 2, 70, 0
5, 1412608, Note_on_c, 2, 62, 36
5, 1412608, Note_on_c, 2, 70, 36
5, 1414892, Note_on_c, 2, 62, 0
5, 1414892, Note_on_c, 2, 70, 0
5, 1415168, Note_on_c, 2, 65, 34
5, 1415168, Note_on_c, 2, 72, 34
5, 1415542, Note_on_c, 2, 65, 0
5, 1415542, Note_on_c, 2, 72, 0
5, 1415680, Note_on_c, 2, 70, 34
5, 1415680, Note_on_c, 2, 74, 34
5, 1417964, Note_on_c, 2, 70, 0
5, 1417964, Note_on_c, 2, 74, 0
5, 1418240, Note_on_c, 2, 65, 30
5, 1418240, Note_on_c, 2, 72, 30
5, 1418614, Note_on_c, 2, 65, 0
5, 1418614, Note_on_c, 2, 72, 0
5, 1418752, Note_on_c, 2, 65, 30
5, 1418752, Note_on_c, 2, 72, 30
5, 1419500, Note_on_c, 2, 65, 0
5, 1419500, Note_on_c, 2, 72, 0
5, 1419776, Note_on_c, 2, 62, 30
5, 1419776, Note_on_c, 2, 70, 30
5, 1420150, Note_on_c, 2, 62, 0
5, 1420150, Note_on_c, 2, 70, 0
5, 1420288, Note_on_c, 2, 62, 30
5, 1420288, Note_on_c, 2, 70, 30
5, 1421036, Note_on_c, 2, 62, 0
5, 1421036, Note_on_c, 2, 70, 0
5, 1424384, Note_on_c, 2, 65, 30
5, 1424384, Note_on_c, 2, 72, 30
5, 1424758, Note_on_c, 2, 65, 0
5, 1424758, Note_on_c, 2, 72, 0
5, 1424896, Note_on_c, 2, 65, 30
5, 1424896, Note_on_c, 2, 72, 30
5, 1427968, Note_on_c, 2, 65, 0
5, 1427968, Note_on_c, 2, 72, 0
5, 1427968, Note_on_c, 2, 70, 33
5, 1427968, Note_on_c, 2, 74, 33
5, 1428716, Note_on_c, 2, 70, 0
5, 1428716, Note_on_c, 2, 74, 0
5, 1428992, Note_on_c, 2, 62, 33
5, 1428992, Note_on_c, 2, 70, 33
5, 1429366, Note_on_c, 2, 62, 0
5, 1429366, Note_on_c, 2, 70, 0
5, 1429504, Note_on_c, 2, 65, 34
5, 1429504, Note_on_c, 2, 72, 34
5, 1430252, Note_on_c, 2, 65, 0
5, 1430252, Note_on_c, 2, 72, 0
5, 1430528, Note_on_c, 2, 65, 35
5, 1430528, Note_on_c, 2, 72, 35
5, 1430902, Note_on_c, 2, 65, 0
5, 1430902, Note_on_c, 2, 72, 0
5, 1431040, Note_on_c, 2, 72, 35
5, 1431040, Note_on_c, 2, 65, 35
5, 1433088, Note_on_c, 2, 72, 0
5, 1433088, Note_on_c, 2, 74, 37
5, 1433600, Note_on_c, 2, 74, 0
5, 1433600, Note_on_c, 2, 75, 37
5, 1433600, Note_on_c, 2, 65, 0
5, 1433600, Note_on_c, 2, 72, 37
5, 1433974, Note_on_c, 2, 75, 0
5, 1433974, Note_on_c, 2, 72, 0
5, 1434112, Note_on_c, 2, 74, 38
5, 1434112, Note_on_c, 2, 70, 38
5, 1434860, Note_on_c, 2, 74, 0
5, 1434860, Note_on_c, 2, 70, 0
5, 1435136, Note_on_c, 2, 70, 39
5, 1435136, Note_on_c, 2, 62, 39
5, 1435510, Note_on_c, 2, 70, 0
5, 1435510, Note_on_c, 2, 62, 0
5, 1435648, Note_on_c, 2, 72, 39
5, 1435648, Note_on_c, 2, 65, 39
5, 1436160, Note_on_c, 2, 72, 0
5, 1436160, Note_on_c, 2, 74, 39
5, 1436672, Note_on_c, 2, 74, 0
5, 1436672, Note_on_c, 2, 75, 40
5, 1436672, Note_on_c, 2, 65, 0
5, 1436672, Note_on_c, 2, 72, 40
5, 1437046, Note_on_c, 2, 75, 0
5, 1437046, Note_on_c, 2, 72, 0
5, 1437184, Note_on_c, 2, 74, 40
5, 1437184, Note_on_c, 2, 70, 40
5, 1437932, Note_on_c, 2, 74, 0
5, 1437932, Note_on_c, 2, 70, 0
5, 1438208, Note_on_c, 2, 70, 41
5, 1438208, Note_on_c, 2, 62, 41
5, 1438582, Note_on_c, 2, 70, 0
5, 1438582, Note_on_c, 2, 62, 0
5, 1438720, Note_on_c, 2, 72, 41
5, 1438720, Note_on_c, 2, 65, 41
5, 1439232, Note_on_c, 2, 72, 0
5, 1439232, Note_on_c, 2, 74, 41
5, 1439744, Note_on_c, 2, 74, 0
5, 1439744, Note_on_c, 2, 75, 42
5, 1439744, Note_on_c, 2, 65, 0
5, 1439744, Note_on_c, 2, 72, 42
5, 1440118, Note_on_c, 2, 75, 0
5, 1440118, Note_on_c, 2, 72, 0
5, 1440256, Note_on_c, 2, 74, 42
5, 1440256, Note_on_c, 2, 70, 42
5, 1441004, Note_on_c, 2, 74, 0
5, 1441004, Note_on_c, 2, 70, 0
5, 1441280, Note_on_c, 2, 72, 43
5, 1441280, Note_on_c, 2, 69, 43
5, 1442304, Note_on_c, 2, 72, 0
5, 1442304, Note_on_c, 2, 70, 44
5, 1442304, Note_on_c, 2, 69, 0
5, 1442304, Note_on_c, 2, 67, 44
5, 1442816, Note_on_c, 2, 70, 0
5, 1442816, Note_on_c, 2, 69, 45
5, 1442816, Note_on_c, 2, 67, 0
5, 1442816, Note_on_c, 2, 65, 45
5, 1443328, Note_on_c, 2, 69, 0
5, 1443328, Note_on_c, 2, 70, 45
5, 1443328, Note_on_c, 2, 65, 0
5, 1443328, Note_on_c, 2, 67, 45
5, 1444076, Note_on_c, 2, 70, 0
5, 1444076, Note_on_c, 2, 67, 0
5, 1444352, Note_on_c, 2, 72, 47
5, 1444352, Note_on_c, 2, 64, 47
5, 1444726, Note_on_c, 2, 72, 0
5, 1444726, Note_on_c, 2, 64, 0
5, 1444864, Note_on_c, 2, 65, 47
5, 1444864, Note_on_c, 2, 53, 47
5, 1445376, Note_on_c, 2, 65, 0
5, 1445376, Note_on_c, 2, 67, 48
5, 1445376, Note_on_c, 2, 53, 0
5, 1445376, Note_on_c, 2, 55, 48
5, 1445888, Note_on_c, 2, 67, 0
5, 1445888, Note_on_c, 2, 69, 48
5, 1445888, Note_on_c, 2, 55, 0
5, 1445888, Note_on_c, 2, 57, 48
5, 1446400, Note_on_c, 2, 69, 0
5, 1446400, Note_on_c, 2, 70, 49
5, 1446400, Note_on_c, 2, 57, 0
5, 1446400, Note_on_c, 2, 58, 49
5, 1446912, Note_on_c, 2, 70, 0
5, 1446912, Note_on_c, 2, 72, 49
5, 1446912, Note_on_c, 2, 58, 0
5, 1446912, Note_on_c, 2, 60, 49
5, 1447424, Note_on_c, 2, 72, 0
5, 1447424, Note_on_c, 2, 74, 50
5, 1447424, Note_on_c, 2, 60, 0
5, 1447424, Note_on_c, 2, 62, 50
5, 1447936, Note_on_c, 2, 74, 0
5, 1447936, Note_on_c, 2, 62, 0
5, 1447936, Note_on_c, 2, 74, 50
5, 1447936, Note_on_c, 2, 62, 50
5, 1448684, Note_on_c, 2, 74, 0
5, 1448684, Note_on_c, 2, 62, 0
5, 1448960, Note_on_c, 2, 74, 51
5, 1448960, Note_on_c, 2, 70, 51
5, 1449334, Note_on_c, 2, 74, 0
5, 1449334, Note_on_c, 2, 70, 0
5, 1449472, Note_on_c, 2, 74, 52
5, 1449472, Note_on_c, 2, 70, 52
5, 1451756, Note_on_c, 2, 74, 0
5, 1451756, Note_on_c, 2, 70, 0
5, 1452032, Note_on_c, 2, 75, 54
5, 1452032, Note_on_c, 2, 72, 54
5, 1452406, Note_on_c, 2, 75, 0
5, 1452406, Note_on_c, 2, 72, 0
5, 1452544, Note_on_c, 2, 77, 55
5, 1452544, Note_on_c, 2, 74, 55
5, 1454080, Note_on_c, 2, 74, 0
5, 1454080, Note_on_c, 2, 70, 56
5, 1454828, Note_on_c, 2, 77, 0
5, 1455104, Note_on_c, 2, 77, 58
5, 1455478, Note_on_c, 2, 77, 0
5, 1455616, Note_on_c, 2, 75, 58
5, 1455616, Note_on_c, 2, 70, 0
5, 1455616, Note_on_c, 2, 63, 58
5, 1456364, Note_on_c, 2, 63, 0
5, 1456640, Note_on_c, 2, 65, 59
5, 1457014, Note_on_c, 2, 65, 0
5, 1457152, Note_on_c, 2, 67, 59
5, 1457900, Note_on_c, 2, 75, 0
5, 1458176, Note_on_c, 2, 74, 59
5, 1458550, Note_on_c, 2, 74, 0
5, 1458688, Note_on_c, 2, 72, 60
5, 1458688, Note_on_c, 2, 67, 0
5, 1458688, Note_on_c, 2, 67, 60
5, 1460224, Note_on_c, 2, 67, 0
5, 1460224, Note_on_c, 2, 63, 60
5, 1460972, Note_on_c, 2, 72, 0
5, 1460972, Note_on_c, 2, 63, 0
5, 1461248, Note_on_c, 2, 62, 61
5, 1461248, Note_on_c, 2, 70, 61
5, 1461622, Note_on_c, 2, 62, 0
5, 1461622, Note_on_c, 2, 70, 0
5, 1461760, Note_on_c, 2, 62, 61
5, 1461760, Note_on_c, 2, 70, 61
5, 1464044, Note_on_c, 2, 62, 0
5, 1464044, Note_on_c, 2, 70, 0
5, 1464320, Note_on_c, 2, 65, 62
5, 1464320, Note_on_c, 2, 72, 62
5, 1464694, Note_on_c, 2, 65, 0
5, 1464694, Note_on_c, 2, 72, 0
5, 1464832, Note_on_c, 2, 70, 63
5, 1464832, Note_on_c, 2, 74, 63
5, 1467116, Note_on_c, 2, 70, 0
5, 1467116, Note_on_c, 2, 74, 0
5, 1467392, Note_on_c, 2, 65, 62
5, 1467392, Note_on_c, 2, 72, 62
5, 1467766, Note_on_c, 2, 65, 0
5, 1467766, Note_on_c, 2, 72, 0
5, 1467904, Note_on_c, 2, 65, 60
5, 1467904, Note_on_c, 2, 72, 60
5, 1468652, Note_on_c, 2, 65, 0
5, 1468652, Note_on_c, 2, 72, 0
5, 1468928, Note_on_c, 2, 62, 56
5, 1468928, Note_on_c, 2, 70, 56
5, 1469302, Note_on_c, 2, 62, 0
5, 1469302, Note_on_c, 2, 70, 0
5, 1469440, Note_on_c, 2, 62, 54
5, 1469440, Note_on_c, 2, 70, 54
5, 1470188, Note_on_c, 2, 62, 0
5, 1470188, Note_on_c, 2, 70, 0
5, 1473536, Note_on_c, 2, 65, 55
5, 1473536, Note_on_c, 2, 72, 55
5, 1473910, Note_on_c, 2, 65, 0
5, 1473910, Note_on_c, 2, 72, 0
5, 1474048, Note_on_c, 2, 65, 56
5, 1474048, Note_on_c, 2, 72, 56
5, 1477120, Note_on_c, 2, 65, 0
5, 1477120, Note_on_c, 2, 72, 0
5, 1477120, Note_on_c, 2, 70, 59
5, 1477120, Note_on_c, 2, 74, 59
5, 1477868, Note_on_c, 2, 70, 0
5, 1477868, Note_on_c, 2, 74, 0
5, 1478144, Note_on_c, 2, 62, 60
5, 1478144, Note_on_c, 2, 70, 60
5, 1478518, Note_on_c, 2, 62, 0
5, 1478518, Note_on_c, 2, 70, 0
5, 1478656, Note_on_c, 2, 65, 61
5, 1478656, Note_on_c, 2, 72, 61
5, 1479404, Note_on_c, 2, 65, 0
5, 1479404, Note_on_c, 2, 72, 0
5, 1479680, Note_on_c, 2, 65, 62
5, 1479680, Note_on_c, 2, 72, 62
5, 1480054, Note_on_c, 2, 65, 0
5, 1480054, Note_on_c, 2, 72, 0
5, 1480192, Note_on_c, 2, 72, 62
5, 1480192, Note_on_c, 2, 65, 62
5, 1482240, Note_on_c, 2, 72, 0
5, 1482240, Note_on_c, 2, 74, 65
5, 1482752, Note_on_c, 2, 74, 0
5, 1482752, Note_on_c, 2, 75, 65
5, 1482752, Note_on_c, 2, 65, 0
5, 1482752, Note_on_c, 2, 72, 65
5, 1483126, Note_on_c, 2, 75, 0
5, 1483126, Note_on_c, 2, 72, 0
5, 1483264, Note_on_c, 2, 74, 66
5, 1483264, Note_on_c, 2, 70, 66
5, 1484012, Note_on_c, 2, 74, 0
5, 1484012, Note_on_c, 2, 70, 0
5, 1484288, Note_on_c, 2, 70, 67
5, 1484288, Note_on_c, 2, 62, 67
5, 1484662, Note_on_c, 2, 70, 0
5, 1484662, Note_on_c, 2, 62, 0
5, 1484800, Note_on_c, 2, 72, 67
5, 1484800, Note_on_c, 2, 65, 67
5, 1485312, Note_on_c, 2, 72, 0
5, 1485312, Note_on_c, 2, 74, 68
5, 1485824, Note_on_c, 2, 74, 0
5, 1485824, Note_on_c, 2, 75, 69
5, 1485824, Note_on_c, 2, 65, 0
5, 1485824, Note_on_c, 2, 72, 69
5, 1486198, Note_on_c, 2, 75, 0
5, 1486198, Note_on_c, 2, 72, 0
5, 1486336, Note_on_c, 2, 74, 69
5, 1486336, Note_on_c, 2, 70, 69
5, 1487084, Note_on_c, 2, 74, 0
5, 1487084, Note_on_c, 2, 70, 0
5, 1487360, Note_on_c, 2, 70, 70
5, 1487360, Note_on_c, 2, 62, 70
5, 1487734, Note_on_c, 2, 70, 0
5, 1487734, Note_on_c, 2, 62, 0
5, 1487872, Note_on_c, 2, 72, 71
5, 1487872, Note_on_c, 2, 65, 71
5, 1488384, Note_on_c, 2, 72, 0
5, 1488384, Note_on_c, 2, 74, 72
5, 1488896, Note_on_c, 2, 74, 0
5, 1488896, Note_on_c, 2, 75, 72
5, 1488896, Note_on_c, 2, 65, 0
5, 1488896, Note_on_c, 2, 72, 72
5, 1489270, Note_on_c, 2, 75, 0
5, 1489270, Note_on_c, 2, 72, 0
5, 1489408, Note_on_c, 2, 74, 72
5, 1489408, Note_on_c, 2, 70, 72
5, 1490156, Note_on_c, 2, 74, 0
5, 1490156, Note_on_c, 2, 70, 0
5, 1490432, Note_on_c, 2, 72, 71
5, 1490432, Note_on_c, 2, 69, 71
5, 1491456, Note_on_c, 2, 72, 0
5, 1491456, Note_on_c, 2, 70, 71
5, 1491456, Note_on_c, 2, 69, 0
5, 1491456, Note_on_c, 2, 67, 71
5, 1491968, Note_on_c, 2, 70, 0
5, 1491968, Note_on_c, 2, 69, 70
5, 1491968, Note_on_c, 2, 67, 0
5, 1491968, Note_on_c, 2, 65, 70
5, 1492342, Note_on_c, 2, 69, 0
5, 1492342, Note_on_c, 2, 65, 0
5, 1492480, Note_on_c, 2, 70, 70
5, 1492480, Note_on_c, 2, 67, 70
5, 1493228, Note_on_c, 2, 70, 0
5, 1493228, Note_on_c, 2, 67, 0
5, 1493504, Note_on_c, 2, 72, 70
5, 1493504, Note_on_c, 2, 64, 70
5, 1493878, Note_on_c, 2, 72, 0
5, 1493878, Note_on_c, 2, 64, 0
5, 1494016, Note_on_c, 2, 65, 68
5, 1494016, Note_on_c, 2, 53, 68
5, 1494528, Note_on_c, 2, 65, 0
5, 1494528, Note_on_c, 2, 67, 68
5, 1494528, Note_on_c, 2, 53, 0
5, 1494528, Note_on_c, 2, 55, 68
5, 1495040, Note_on_c, 2, 67, 0
5, 1495040, Note_on_c, 2, 69, 69
5, 1495040, Note_on_c, 2, 55, 0
5, 1495040, Note_on_c, 2, 57, 69
5, 1495552, Note_on_c, 2, 69, 0
5, 1495552, Note_on_c, 2, 70, 69
5, 1495552, Note_on_c, 2, 57, 0
5, 1495552, Note_on_c, 2, 58, 69
5, 1496064, Note_on_c, 2, 70, 0
5, 1496064, Note_on_c, 2, 72, 70
5, 1496064, Note_on_c, 2, 58, 0
5, 1496064, Note_on_c, 2, 60, 70
5, 1496576, Note_on_c, 2, 72, 0
5, 1496576, Note_on_c, 2, 74, 70
5, 1496576, Note_on_c, 2, 60, 0
5, 1496576, Note_on_c, 2, 62, 70
5, 1497088, Note_on_c, 2, 74, 0
5, 1497088, Note_on_c, 2, 62, 0
5, 1497088, Note_on_c, 2, 74, 71
5, 1497088, Note_on_c, 2, 62, 71
5, 1497836, Note_on_c, 2, 74, 0
5, 1497836, Note_on_c, 2, 62, 0
5, 1498112, Note_on_c, 2, 74, 72
5, 1498112, Note_on_c, 2, 70, 72
5, 1498486, Note_on_c, 2, 74, 0
5, 1498486, Note_on_c, 2, 70, 0
5, 1498624, Note_on_c, 2, 74, 72
5, 1498624, Note_on_c, 2, 70, 72
5, 1500908, Note_on_c, 2, 74, 0
5, 1500908, Note_on_c, 2, 70, 0
5, 1501184, Note_on_c, 2, 75, 75
5, 1501184, Note_on_c, 2, 72, 75
5, 1501558, Note_on_c, 2, 75, 0
5, 1501558, Note_on_c, 2, 72, 0
5, 1501696, Note_on_c, 2, 77, 75
5, 1501696, Note_on_c, 2, 74, 75
5, 1503232, Note_on_c, 2, 74, 0
5, 1503232, Note_on_c, 2, 70, 77
5, 1503980, Note_on_c, 2, 77, 0
5, 1504256, Note_on_c, 2, 77, 78
5, 1504630, Note_on_c, 2, 77, 0
5, 1504768, Note_on_c, 2, 75, 78
5, 1504768, Note_on_c, 2, 70, 0
5, 1504768, Note_on_c, 2, 63, 78
5, 1505516, Note_on_c, 2, 63, 0
5, 1505792, Note_on_c, 2, 65, 79
5, 1506166, Note_on_c, 2, 65, 0
5, 1506304, Note_on_c, 2, 67, 80
5, 1507052, Note_on_c, 2, 75, 0
5, 1507328, Note_on_c, 2, 74, 80
5, 1507702, Note_on_c, 2, 74, 0
5, 1507840, Note_on_c, 2, 72, 81
5, 1507840, Note_on_c, 2, 67, 0
5, 1507840, Note_on_c, 2, 67, 81
5, 1509376, Note_on_c, 2, 67, 0
5, 1509376, Note_on_c, 2, 63, 82
5, 1510124, Note_on_c, 2, 72, 0
5, 1510124, Note_on_c, 2, 63, 0
5, 1510400, Note_on_c, 2, 62, 72
5, 1510400, Note_on_c, 2, 70, 72
5, 1510774, Note_on_c, 2, 62, 0
5, 1510774, Note_on_c, 2, 70, 0
5, 1510912, Note_on_c, 2, 62, 73
5, 1510912, Note_on_c, 2, 70, 73
5, 1513196, Note_on_c, 2, 62, 0
5, 1513196, Note_on_c, 2, 70, 0
5, 1513472, Note_on_c, 2, 65, 79
5, 1513472, Note_on_c, 2, 72, 79
5, 1513846, Note_on_c, 2, 65, 0
5, 1513846, Note_on_c, 2, 72, 0
5, 1513984, Note_on_c, 2, 70, 80
5, 1513984, Note_on_c, 2, 74, 80
5, 1516268, Note_on_c, 2, 70, 0
5, 1516268, Note_on_c, 2, 74, 0
5, 1516544, Note_on_c, 2, 65, 85
5, 1516544, Note_on_c, 2, 72, 85
5, 1516918, Note_on_c, 2, 65, 0
5, 1516918, Note_on_c, 2, 72, 0
5, 1517056, Note_on_c, 2, 65, 86
5, 1517056, Note_on_c, 2, 72, 86
5, 1517804, Note_on_c, 2, 65, 0
5, 1517804, Note_on_c, 2, 72, 0
5, 1518080, Note_on_c, 2, 62, 88
5, 1518080, Note_on_c, 2, 70, 88
5, 1518454, Note_on_c, 2, 62, 0
5, 1518454, Note_on_c, 2, 70, 0
5, 1518592, Note_on_c, 2, 62, 89
5, 1518592, Note_on_c, 2, 70, 89
5, 1519340, Note_on_c, 2, 62, 0
5, 1519340, Note_on_c, 2, 70, 0
5, 1519616, Note_on_c, 2, 74, 91
5, 1519616, Note_on_c, 2, 77, 91
5, 1519990, Note_on_c, 2, 74, 0
5, 1519990, Note_on_c, 2, 77, 0
5, 1520128, Note_on_c, 2, 74, 92
5, 1520128, Note_on_c, 2, 77, 92
5, 1522412, Note_on_c, 2, 74, 0
5, 1522412, Note_on_c, 2, 77, 0
5, 1522688, Note_on_c, 2, 72, 89
5, 1522688, Note_on_c, 2, 75, 89
5, 1523062, Note_on_c, 2, 72, 0
5, 1523062, Note_on_c, 2, 75, 0
5, 1523200, Note_on_c, 2, 70, 88
5, 1523200, Note_on_c, 2, 74, 88
5, 1525484, Note_on_c, 2, 70, 0
5, 1525484, Note_on_c, 2, 74, 0
5, 1525760, Note_on_c, 2, 74, 83
5, 1525760, Note_on_c, 2, 82, 83
5, 1526134, Note_on_c, 2, 74, 0
5, 1526134, Note_on_c, 2, 82, 0
5, 1526272, Note_on_c, 2, 74, 82
5, 1526272, Note_on_c, 2, 82, 82
5, 1527808, Note_on_c, 2, 74, 0
5, 1527808, Note_on_c, 2, 79, 78
5, 1528556, Note_on_c, 2, 79, 0
5, 1528556, Note_on_c, 2, 82, 0
5, 1528832, Note_on_c, 2, 77, 76
5, 1528832, Note_on_c, 2, 80, 76
5, 1529206, Note_on_c, 2, 77, 0
5, 1529206, Note_on_c, 2, 80, 0
5, 1529344, Note_on_c, 2, 75, 75
5, 1529344, Note_on_c, 2, 79, 75
5, 1531628, Note_on_c, 2, 75, 0
5, 1531628, Note_on_c, 2, 79, 0
5, 1531904, Note_on_c, 2, 67, 79
5, 1531904, Note_on_c, 2, 75, 79
5, 1532278, Note_on_c, 2, 67, 0
5, 1532278, Note_on_c, 2, 75, 0
5, 1532416, Note_on_c, 2, 72, 80
5, 1532416, Note_on_c, 2, 75, 80
5, 1533164, Note_on_c, 2, 72, 0
5, 1533164, Note_on_c, 2, 75, 0
5, 1533440, Note_on_c, 2, 72, 82
5, 1533440, Note_on_c, 2, 84, 82
5, 1533952, Note_on_c, 2, 72, 0
5, 1533952, Note_on_c, 2, 75, 83
5, 1534464, Note_on_c, 2, 75, 0
5, 1534464, Note_on_c, 2, 84, 0
5, 1534464, Note_on_c, 2, 74, 84
5, 1534464, Note_on_c, 2, 82, 84
5, 1534976, Note_on_c, 2, 74, 0
5, 1534976, Note_on_c, 2, 82, 0
5, 1534976, Note_on_c, 2, 72, 84
5, 1534976, Note_on_c, 2, 81, 84
5, 1535350, Note_on_c, 2, 72, 0
5, 1535350, Note_on_c, 2, 81, 0
5, 1535488, Note_on_c, 2, 75, 85
5, 1535488, Note_on_c, 2, 84, 85
5, 1536236, Note_on_c, 2, 75, 0
5, 1536236, Note_on_c, 2, 84, 0
5, 1536512, Note_on_c, 2, 72, 87
5, 1536512, Note_on_c, 2, 81, 87
5, 1537536, Note_on_c, 2, 72, 0
5, 1537536, Note_on_c, 2, 81, 0
5, 1537536, Note_on_c, 2, 70, 89
5, 1537536, Note_on_c, 2, 79, 89
5, 1538048, Note_on_c, 2, 70, 0
5, 1538048, Note_on_c, 2, 79, 0
5, 1538048, Note_on_c, 2, 69, 90
5, 1538048, Note_on_c, 2, 77, 90
5, 1538422, Note_on_c, 2, 69, 0
5, 1538422, Note_on_c, 2, 77, 0
5, 1538560, Note_on_c, 2, 70, 91
5, 1538560, Note_on_c, 2, 79, 91
5, 1539308, Note_on_c, 2, 70, 0
5, 1539308, Note_on_c, 2, 79, 0
5, 1539584, Note_on_c, 2, 72, 92
5, 1539584, Note_on_c, 2, 81, 92
5, 1539958, Note_on_c, 2, 72, 0
5, 1539958, Note_on_c, 2, 81, 0
5, 1540096, Note_on_c, 2, 74, 93
5, 1540096, Note_on_c, 2, 82, 93
5, 1540608, Note_on_c, 2, 74, 0
5, 1540608, Note_on_c, 2, 82, 0
5, 1540608, Note_on_c, 2, 75, 94
5, 1540608, Note_on_c, 2, 84, 94
5, 1541120, Note_on_c, 2, 75, 0
5, 1541120, Note_on_c, 2, 84, 0
5, 1541120, Note_on_c, 2, 77, 95
5, 1541120, Note_on_c, 2, 86, 95
5, 1542144, Note_on_c, 2, 77, 0
5, 1542144, Note_on_c, 2, 86, 0
5, 1542144, Note_on_c, 2, 75, 97
5, 1542144, Note_on_c, 2, 84, 97
5, 1542656, Note_on_c, 2, 75, 0
5, 1542656, Note_on_c, 2, 84, 0
5, 1542656, Note_on_c, 2, 72, 98
5, 1542656, Note_on_c, 2, 81, 98
5, 1543030, Note_on_c, 2, 72, 0
5, 1543030, Note_on_c, 2, 81, 0
5, 1543168, Note_on_c, 2, 74, 98
5, 1543168, Note_on_c, 2, 82, 98
5, 1543680, Note_on_c, 2, 74, 0
5, 1543680, Note_on_c, 2, 82, 0
5, 1543680, Note_on_c, 2, 75, 99
5, 1543680, Note_on_c, 2, 84, 99
5, 1544192, Note_on_c, 2, 75, 0
5, 1544192, Note_on_c, 2, 84, 0
5, 1544192, Note_on_c, 2, 77, 99
5, 1544192, Note_on_c, 2, 86, 99
5, 1545216, Note_on_c, 2, 77, 0
5, 1545216, Note_on_c, 2, 86, 0
5, 1545216, Note_on_c, 2, 75, 99
5, 1545216, Note_on_c, 2, 84, 99
5, 1545728, Note_on_c, 2, 75, 0
5, 1545728, Note_on_c, 2, 84, 0
5, 1545728, Note_on_c, 2, 72, 99
5, 1545728, Note_on_c, 2, 81, 99
5, 1546102, Note_on_c, 2, 72, 0
5, 1546102, Note_on_c, 2, 81, 0
5, 1546240, Note_on_c, 2, 74, 108
5, 1546240, Note_on_c, 2, 82, 108
5, 1546988, Note_on_c, 2, 74, 0
5, 1546988, Note_on_c, 2, 82, 0
5, 1547264, Note_on_c, 2, 58, 100
5, 1547638, Note_on_c, 2, 58, 0
5, 1547776, Note_on_c, 2, 58, 112
5, 1548897, Note_on_c, 2, 58, 0
5, 1550336, Note_on_c, 2, 60, 100
5, 1550710, Note_on_c, 2, 60, 0
5, 1550848, Note_on_c, 2, 60, 115
5, 1551969, Note_on_c, 2, 60, 0
5, 1553408, Note_on_c, 2, 62, 100
5, 1553782, Note_on_c, 2, 62, 0
5, 1553920, Note_on_c, 2, 67, 100
5, 1554668, Note_on_c, 2, 67, 0
5, 1554944, Note_on_c, 2, 65, 100
5, 1555318, Note_on_c, 2, 65, 0
5, 1555456, Note_on_c, 2, 63, 106
5, 1556204, Note_on_c, 2, 63, 0
5, 1556992, Note_on_c, 2, 62, 100
5, 1557740, Note_on_c, 2, 62, 0
5, 1558528, Note_on_c, 2, 60, 106
5, 1559276, Note_on_c, 2, 60, 0
5, 1559552, Note_on_c, 2, 57, 100
5, 1559552, Note_on_c, 2, 69, 100
5, 1559926, Note_on_c, 2, 57, 0
5, 1559926, Note_on_c, 2, 69, 0
5, 1560064, Note_on_c, 2, 57, 114
5, 1560064, Note_on_c, 2, 69, 114
5, 1561185, Note_on_c, 2, 57, 0
5, 1561185, Note_on_c, 2, 69, 0
5, 1562624, Note_on_c, 2, 58, 100
5, 1562624, Note_on_c, 2, 70, 100
5, 1562998, Note_on_c, 2, 58, 0
5, 1562998, Note_on_c, 2, 70, 0
5, 1563136, Note_on_c, 2, 58, 114
5, 1563136, Note_on_c, 2, 70, 114
5, 1564257, Note_on_c, 2, 58, 0
5, 1564257, Note_on_c, 2, 70, 0
5, 1565696, Note_on_c, 2, 60, 100
5, 1565696, Note_on_c, 2, 72, 100
5, 1566070, Note_on_c, 2, 60, 0
5, 1566070, Note_on_c, 2, 72, 0
5, 1566208, Note_on_c, 2, 65, 100
5, 1566208, Note_on_c, 2, 77, 100
5, 1566956, Note_on_c, 2, 65, 0
5, 1566956, Note_on_c, 2, 77, 0
5, 1567232, Note_on_c, 2, 65, 100
5, 1567232, Note_on_c, 2, 77, 100
5, 1567606, Note_on_c, 2, 65, 0
5, 1567606, Note_on_c, 2, 77, 0
5, 1567744, Note_on_c, 2, 72, 106
5, 1567744, Note_on_c, 2, 76, 106
5, 1568492, Note_on_c, 2, 72, 0
5, 1568492, Note_on_c, 2, 76, 0
5, 1569280, Note_on_c, 2, 72, 100
5, 1569280, Note_on_c, 2, 77, 100
5, 1570028, Note_on_c, 2, 72, 0
5, 1570028, Note_on_c, 2, 77, 0
5, 1570816, Note_on_c, 2, 70, 106
5, 1570816, Note_on_c, 2, 77, 106
5, 1571564, Note_on_c, 2, 70, 0
5, 1571564, Note_on_c, 2, 77, 0
5, 1572352, Note_on_c, 2, 70, 100
5, 1572352, Note_on_c, 2, 75, 100
5, 1573100, Note_on_c, 2, 70, 0
5, 1573100, Note_on_c, 2, 75, 0
5, 1573888, Note_on_c, 2, 69, 106
5, 1573888, Note_on_c, 2, 75, 106
5, 1574636, Note_on_c, 2, 69, 0
5, 1574636, Note_on_c, 2, 75, 0
5, 1575424, Note_on_c, 2, 69, 100
5, 1575424, Note_on_c, 2, 74, 100
5, 1576172, Note_on_c, 2, 69, 0
5, 1576172, Note_on_c, 2, 74, 0
5, 1576960, Note_on_c, 2, 71, 106
5, 1576960, Note_on_c, 2, 74, 106
5, 1577708, Note_on_c, 2, 71, 0
5, 1577708, Note_on_c, 2, 74, 0
5, 1589248, Note_on_c, 2, 71, 108
5, 1589996, Note_on_c, 2, 71, 0
5, 1590272, Note_on_c, 2, 71, 100
5, 1590646, Note_on_c, 2, 71, 0
5, 1590784, Note_on_c, 2, 74, 100
5, 1591532, Note_on_c, 2, 74, 0
5, 1591808, Note_on_c, 2, 74, 100
5, 1592182, Note_on_c, 2, 74, 0
5, 1592320, Note_on_c, 2, 67, 108
5, 1593068, Note_on_c, 2, 67, 0
5, 1593856, Note_on_c, 2, 65, 100
5, 1594604, Note_on_c, 2, 65, 0
5, 1596416, Note_on_c, 2, 62, 100
5, 1596790, Note_on_c, 2, 62, 0
5, 1596928, Note_on_c, 2, 68, 100
5, 1597676, Note_on_c, 2, 68, 0
5, 1597952, Note_on_c, 2, 67, 100
5, 1598326, Note_on_c, 2, 67, 0
5, 1598464, Note_on_c, 2, 65, 108
5, 1599212, Note_on_c, 2, 65, 0
5, 1600000, Note_on_c, 2, 65, 100
5, 1600748, Note_on_c, 2, 65, 0
5, 1601536, Note_on_c, 2, 63, 108
5, 1602284, Note_on_c, 2, 63, 0
5, 1611776, Note_on_c, 2, 67, 100
5, 1611776, Note_on_c, 2, 71, 100
5, 1612150, Note_on_c, 2, 67, 0
5, 1612150, Note_on_c, 2, 71, 0
5, 1612288, Note_on_c, 2, 67, 100
5, 1612288, Note_on_c, 2, 72, 100
5, 1613036, Note_on_c, 2, 67, 0
5, 1613036, Note_on_c, 2, 72, 0
5, 1613312, Note_on_c, 2, 67, 100
5, 1613312, Note_on_c, 2, 72, 100
5, 1613686, Note_on_c, 2, 67, 0
5, 1613686, Note_on_c, 2, 72, 0
5, 1613824, Note_on_c, 2, 65, 108
5, 1613824, Note_on_c, 2, 70, 108
5, 1614572, Note_on_c, 2, 65, 0
5, 1614572, Note_on_c, 2, 70, 0
5, 1614848, Note_on_c, 2, 65, 100
5, 1614848, Note_on_c, 2, 70, 100
5, 1615222, Note_on_c, 2, 65, 0
5, 1615222, Note_on_c, 2, 70, 0
5, 1615360, Note_on_c, 2, 65, 100
5, 1615360, Note_on_c, 2, 74, 100
5, 1616108, Note_on_c, 2, 65, 0
5, 1616108, Note_on_c, 2, 74, 0
5, 1616384, Note_on_c, 2, 74, 100
5, 1616384, Note_on_c, 2, 77, 100
5, 1616758, Note_on_c, 2, 74, 0
5, 1616758, Note_on_c, 2, 77, 0
5, 1616896, Note_on_c, 2, 75, 108
5, 1616896, Note_on_c, 2, 79, 108
5, 1617644, Note_on_c, 2, 75, 0
5, 1617644, Note_on_c, 2, 79, 0
5, 1617920, Note_on_c, 2, 62, 100
5, 1617920, Note_on_c, 2, 74, 100
5, 1618294, Note_on_c, 2, 62, 0
5, 1618294, Note_on_c, 2, 74, 0
5, 1618432, Note_on_c, 2, 67, 100
5, 1618432, Note_on_c, 2, 79, 100
5, 1619180, Note_on_c, 2, 67, 0
5, 1619180, Note_on_c, 2, 79, 0
5, 1619456, Note_on_c, 2, 65, 100
5, 1619456, Note_on_c, 2, 77, 100
5, 1619830, Note_on_c, 2, 65, 0
5, 1619830, Note_on_c, 2, 77, 0
5, 1619968, Note_on_c, 2, 63, 108
5, 1619968, Note_on_c, 2, 75, 108
5, 1620716, Note_on_c, 2, 63, 0
5, 1620716, Note_on_c, 2, 75, 0
5, 1620992, Note_on_c, 2, 67, 100
5, 1620992, Note_on_c, 2, 75, 100
5, 1621366, Note_on_c, 2, 67, 0
5, 1621366, Note_on_c, 2, 75, 0
5, 1621504, Note_on_c, 2, 67, 114
5, 1621504, Note_on_c, 2, 75, 114
5, 1622625, Note_on_c, 2, 67, 0
5, 1622625, Note_on_c, 2, 75, 0
5, 1624064, Note_on_c, 2, 74, 100
5, 1624064, Note_on_c, 2, 77, 100
5, 1624438, Note_on_c, 2, 74, 0
5, 1624438, Note_on_c, 2, 77, 0
5, 1624576, Note_on_c, 2, 74, 118
5, 1624576, Note_on_c, 2, 77, 118
5, 1625697, Note_on_c, 2, 74, 0
5, 1625697, Note_on_c, 2, 77, 0
5, 1627136, Note_on_c, 2, 67, 100
5, 1627136, Note_on_c, 2, 79, 100
5, 1627510, Note_on_c, 2, 67, 0
5, 1627510, Note_on_c, 2, 79, 0
5, 1627648, Note_on_c, 2, 72, 100
5, 1627648, Note_on_c, 2, 79, 100
5, 1628396, Note_on_c, 2, 72, 0
5, 1628396, Note_on_c, 2, 79, 0
5, 1628672, Note_on_c, 2, 70, 100
5, 1628672, Note_on_c, 2, 79, 100
5, 1629046, Note_on_c, 2, 70, 0
5, 1629046, Note_on_c, 2, 79, 0
5, 1629184, Note_on_c, 2, 77, 108
5, 1629184, Note_on_c, 2, 68, 108
5, 1629932, Note_on_c, 2, 68, 0
5, 1630208, Note_on_c, 2, 65, 101
5, 1630582, Note_on_c, 2, 65, 0
5, 1630720, Note_on_c, 2, 72, 101
5, 1631468, Note_on_c, 2, 72, 0
5, 1631468, Note_on_c, 2, 77, 0
5, 1631744, Note_on_c, 2, 70, 101
5, 1631744, Note_on_c, 2, 76, 101
5, 1632118, Note_on_c, 2, 70, 0
5, 1632118, Note_on_c, 2, 76, 0
5, 1632256, Note_on_c, 2, 68, 108
5, 1632256, Note_on_c, 2, 77, 108
5, 1633004, Note_on_c, 2, 68, 0
5, 1633004, Note_on_c, 2, 77, 0
5, 1633280, Note_on_c, 2, 61, 101
5, 1633280, Note_on_c, 2, 73, 101
5, 1633654, Note_on_c, 2, 61, 0
5, 1633654, Note_on_c, 2, 73, 0
5, 1633792, Note_on_c, 2, 61, 101
5, 1633792, Note_on_c, 2, 73, 101
5, 1636076, Note_on_c, 2, 61, 0
5, 1636076, Note_on_c, 2, 73, 0
5, 1636352, Note_on_c, 2, 68, 101
5, 1636352, Note_on_c, 2, 80, 101
5, 1636726, Note_on_c, 2, 68, 0
5, 1636726, Note_on_c, 2, 80, 0
5, 1636864, Note_on_c, 2, 73, 101
5, 1636864, Note_on_c, 2, 85, 101
5, 1637612, Note_on_c, 2, 73, 0
5, 1637612, Note_on_c, 2, 85, 0
5, 1637888, Note_on_c, 2, 72, 101
5, 1637888, Note_on_c, 2, 84, 101
5, 1638262, Note_on_c, 2, 72, 0
5, 1638262, Note_on_c, 2, 84, 0
5, 1638400, Note_on_c, 2, 70, 106
5, 1638400, Note_on_c, 2, 82, 106
5, 1639148, Note_on_c, 2, 70, 0
5, 1639148, Note_on_c, 2, 82, 0
5, 1639424, Note_on_c, 2, 63, 101
5, 1639424, Note_on_c, 2, 75, 101
5, 1639798, Note_on_c, 2, 63, 0
5, 1639798, Note_on_c, 2, 75, 0
5, 1639936, Note_on_c, 2, 63, 101
5, 1639936, Note_on_c, 2, 75, 101
5, 1642220, Note_on_c, 2, 63, 0
5, 1642220, Note_on_c, 2, 75, 0
5, 1642496, Note_on_c, 2, 68, 101
5, 1642496, Note_on_c, 2, 80, 101
5, 1643756, Note_on_c, 2, 68, 0
5, 1643756, Note_on_c, 2, 80, 0
5, 1644032, Note_on_c, 2, 67, 101
5, 1644032, Note_on_c, 2, 79, 101
5, 1644406, Note_on_c, 2, 67, 0
5, 1644406, Note_on_c, 2, 79, 0
5, 1644544, Note_on_c, 2, 66, 109
5, 1644544, Note_on_c, 2, 78, 109
5, 1644800, Note_on_c, 2, 66, 0
5, 1644800, Note_on_c, 2, 78, 0
5, 1645056, Note_on_c, 2, 75, 101
5, 1645056, Note_on_c, 2, 78, 101
5, 1645312, Note_on_c, 2, 75, 0
5, 1645312, Note_on_c, 2, 78, 0
5, 1645568, Note_on_c, 2, 75, 101
5, 1645568, Note_on_c, 2, 78, 101
5, 1645824, Note_on_c, 2, 75, 0
5, 1645824, Note_on_c, 2, 78, 0
5, 1646080, Note_on_c, 2, 75, 101
5, 1646080, Note_on_c, 2, 78, 101
5, 1646336, Note_on_c, 2, 75, 0
5, 1646336, Note_on_c, 2, 78, 0
5, 1646592, Note_on_c, 2, 73, 101
5, 1646592, Note_on_c, 2, 77, 101
5, 1646848, Note_on_c, 2, 73, 0
5, 1646848, Note_on_c, 2, 77, 0
5, 1647104, Note_on_c, 2, 72, 101
5, 1647104, Note_on_c, 2, 75, 101
5, 1647360, Note_on_c, 2, 72, 0
5, 1647360, Note_on_c, 2, 75, 0
5, 1647616, Note_on_c, 2, 72, 108
5, 1647616, Note_on_c, 2, 75, 108
5, 1647872, Note_on_c, 2, 72, 0
5, 1647872, Note_on_c, 2, 75, 0
5, 1648128, Note_on_c, 2, 72, 101
5, 1648128, Note_on_c, 2, 75, 101
5, 1648384, Note_on_c, 2, 72, 0
5, 1648384, Note_on_c, 2, 75, 0
5, 1648640, Note_on_c, 2, 72, 101
5, 1648640, Note_on_c, 2, 75, 101
5, 1648896, Note_on_c, 2, 72, 0
5, 1648896, Note_on_c, 2, 75, 0
5, 1649152, Note_on_c, 2, 72, 101
5, 1649152, Note_on_c, 2, 75, 101
5, 1649408, Note_on_c, 2, 72, 0
5, 1649408, Note_on_c, 2, 75, 0
5, 1649664, Note_on_c, 2, 73, 101
5, 1649664, Note_on_c, 2, 77, 101
5, 1649920, Note_on_c, 2, 73, 0
5, 1649920, Note_on_c, 2, 77, 0
5, 1650176, Note_on_c, 2, 75, 101
5, 1650176, Note_on_c, 2, 78, 101
5, 1650432, Note_on_c, 2, 75, 0
5, 1650432, Note_on_c, 2, 78, 0
5, 1650688, Note_on_c, 2, 65, 108
5, 1650688, Note_on_c, 2, 77, 108
5, 1650944, Note_on_c, 2, 65, 0
5, 1650944, Note_on_c, 2, 77, 0
5, 1651200, Note_on_c, 2, 73, 101
5, 1651200, Note_on_c, 2, 77, 101
5, 1651456, Note_on_c, 2, 73, 0
5, 1651456, Note_on_c, 2, 77, 0
5, 1651712, Note_on_c, 2, 73, 101
5, 1651712, Note_on_c, 2, 77, 101
5, 1651968, Note_on_c, 2, 73, 0
5, 1651968, Note_on_c, 2, 77, 0
5, 1652224, Note_on_c, 2, 73, 101
5, 1652224, Note_on_c, 2, 77, 101
5, 1652480, Note_on_c, 2, 73, 0
5, 1652480, Note_on_c, 2, 77, 0
5, 1652736, Note_on_c, 2, 72, 101
5, 1652736, Note_on_c, 2, 75, 101
5, 1652992, Note_on_c, 2, 72, 0
5, 1652992, Note_on_c, 2, 75, 0
5, 1653248, Note_on_c, 2, 70, 101
5, 1653248, Note_on_c, 2, 73, 101
5, 1653504, Note_on_c, 2, 70, 0
5, 1653504, Note_on_c, 2, 73, 0
5, 1653760, Note_on_c, 2, 70, 108
5, 1653760, Note_on_c, 2, 73, 108
5, 1654016, Note_on_c, 2, 70, 0
5, 1654016, Note_on_c, 2, 73, 0
5, 1654272, Note_on_c, 2, 70, 101
5, 1654272, Note_on_c, 2, 73, 101
5, 1654528, Note_on_c, 2, 70, 0
5, 1654528, Note_on_c, 2, 73, 0
5, 1654784, Note_on_c, 2, 70, 101
5, 1654784, Note_on_c, 2, 73, 101
5, 1655040, Note_on_c, 2, 70, 0
5, 1655040, Note_on_c, 2, 73, 0
5, 1655296, Note_on_c, 2, 70, 101
5, 1655296, Note_on_c, 2, 73, 101
5, 1655552, Note_on_c, 2, 70, 0
5, 1655552, Note_on_c, 2, 73, 0
5, 1655808, Note_on_c, 2, 72, 101
5, 1655808, Note_on_c, 2, 75, 101
5, 1656064, Note_on_c, 2, 72, 0
5, 1656064, Note_on_c, 2, 75, 0
5, 1656320, Note_on_c, 2, 73, 101
5, 1656320, Note_on_c, 2, 77, 101
5, 1656576, Note_on_c, 2, 73, 0
5, 1656576, Note_on_c, 2, 77, 0
5, 1656832, Note_on_c, 2, 75, 106
5, 1656832, Note_on_c, 2, 78, 106
5, 1657088, Note_on_c, 2, 75, 0
5, 1657088, Note_on_c, 2, 78, 0
5, 1657344, Note_on_c, 2, 75, 101
5, 1657344, Note_on_c, 2, 78, 101
5, 1657600, Note_on_c, 2, 75, 0
5, 1657600, Note_on_c, 2, 78, 0
5, 1657856, Note_on_c, 2, 75, 101
5, 1657856, Note_on_c, 2, 78, 101
5, 1658112, Note_on_c, 2, 75, 0
5, 1658112, Note_on_c, 2, 78, 0
5, 1658368, Note_on_c, 2, 75, 101
5, 1658368, Note_on_c, 2, 78, 101
5, 1658624, Note_on_c, 2, 75, 0
5, 1658624, Note_on_c, 2, 78, 0
5, 1658880, Note_on_c, 2, 73, 101
5, 1658880, Note_on_c, 2, 77, 101
5, 1659136, Note_on_c, 2, 73, 0
5, 1659136, Note_on_c, 2, 77, 0
5, 1659392, Note_on_c, 2, 72, 101
5, 1659392, Note_on_c, 2, 75, 101
5, 1659648, Note_on_c, 2, 72, 0
5, 1659648, Note_on_c, 2, 75, 0
5, 1659904, Note_on_c, 2, 66, 108
5, 1659904, Note_on_c, 2, 75, 108
5, 1660160, Note_on_c, 2, 66, 0
5, 1660160, Note_on_c, 2, 75, 0
5, 1660416, Note_on_c, 2, 65, 101
5, 1660416, Note_on_c, 2, 73, 101
5, 1660672, Note_on_c, 2, 65, 0
5, 1660672, Note_on_c, 2, 73, 0
5, 1660928, Note_on_c, 2, 63, 101
5, 1660928, Note_on_c, 2, 72, 101
5, 1661184, Note_on_c, 2, 63, 0
5, 1661184, Note_on_c, 2, 72, 0
5, 1661440, Note_on_c, 2, 63, 101
5, 1661440, Note_on_c, 2, 72, 101
5, 1661696, Note_on_c, 2, 63, 0
5, 1661696, Note_on_c, 2, 72, 0
5, 1661952, Note_on_c, 2, 72, 101
5, 1661952, Note_on_c, 2, 75, 101
5, 1662208, Note_on_c, 2, 72, 0
5, 1662208, Note_on_c, 2, 75, 0
5, 1662464, Note_on_c, 2, 72, 101
5, 1662464, Note_on_c, 2, 75, 101
5, 1662720, Note_on_c, 2, 72, 0
5, 1662720, Note_on_c, 2, 75, 0
5, 1662976, Note_on_c, 2, 70, 107
5, 1662976, Note_on_c, 2, 73, 107
5, 1663724, Note_on_c, 2, 70, 0
5, 1663724, Note_on_c, 2, 73, 0
5, 1664000, Note_on_c, 2, 61, 101
5, 1664000, Note_on_c, 2, 73, 101
5, 1664374, Note_on_c, 2, 61, 0
5, 1664374, Note_on_c, 2, 73, 0
5, 1664512, Note_on_c, 2, 61, 101
5, 1664512, Note_on_c, 2, 73, 101
5, 1665633, Note_on_c, 2, 61, 0
5, 1665633, Note_on_c, 2, 73, 0
5, 1667072, Note_on_c, 2, 63, 101
5, 1667072, Note_on_c, 2, 75, 101
5, 1667446, Note_on_c, 2, 63, 0
5, 1667446, Note_on_c, 2, 75, 0
5, 1667584, Note_on_c, 2, 63, 101
5, 1667584, Note_on_c, 2, 75, 101
5, 1668705, Note_on_c, 2, 63, 0
5, 1668705, Note_on_c, 2, 75, 0
5, 1670144, Note_on_c, 2, 65, 101
5, 1670144, Note_on_c, 2, 77, 101
5, 1670518, Note_on_c, 2, 65, 0
5, 1670518, Note_on_c, 2, 77, 0
5, 1670656, Note_on_c, 2, 58, 101
5, 1670656, Note_on_c, 2, 70, 101
5, 1671404, Note_on_c, 2, 58, 0
5, 1671404, Note_on_c, 2, 70, 0
5, 1671680, Note_on_c, 2, 58, 101
5, 1671680, Note_on_c, 2, 70, 101
5, 1672054, Note_on_c, 2, 58, 0
5, 1672054, Note_on_c, 2, 70, 0
5, 1672192, Note_on_c, 2, 66, 108
5, 1672192, Note_on_c, 2, 78, 108
5, 1672940, Note_on_c, 2, 66, 0
5, 1672940, Note_on_c, 2, 78, 0
5, 1676288, Note_on_c, 2, 68, 101
5, 1676288, Note_on_c, 2, 80, 101
5, 1676662, Note_on_c, 2, 68, 0
5, 1676662, Note_on_c, 2, 80, 0
5, 1676800, Note_on_c, 2, 61, 101
5, 1676800, Note_on_c, 2, 73, 101
5, 1677548, Note_on_c, 2, 61, 0
5, 1677548, Note_on_c, 2, 73, 0
5, 1677824, Note_on_c, 2, 61, 101
5, 1677824, Note_on_c, 2, 73, 101
5, 1678198, Note_on_c, 2, 61, 0
5, 1678198, Note_on_c, 2, 73, 0
5, 1678336, Note_on_c, 2, 70, 108
5, 1678336, Note_on_c, 2, 82, 108
5, 1679084, Note_on_c, 2, 70, 0
5, 1679084, Note_on_c, 2, 82, 0
5, 1682432, Note_on_c, 2, 71, 101
5, 1682432, Note_on_c, 2, 83, 101
5, 1682806, Note_on_c, 2, 71, 0
5, 1682806, Note_on_c, 2, 83, 0
5, 1682944, Note_on_c, 2, 65, 101
5, 1682944, Note_on_c, 2, 77, 101
5, 1683692, Note_on_c, 2, 65, 0
5, 1683692, Note_on_c, 2, 77, 0
5, 1683968, Note_on_c, 2, 65, 101
5, 1683968, Note_on_c, 2, 77, 101
5, 1684224, Note_on_c, 2, 65, 0
5, 1684224, Note_on_c, 2, 77, 0
5, 1684480, Note_on_c, 2, 66, 109
5, 1684480, Note_on_c, 2, 78, 109
5, 1684736, Note_on_c, 2, 66, 0
5, 1684736, Note_on_c, 2, 78, 0
5, 1684992, Note_on_c, 2, 65, 102
5, 1684992, Note_on_c, 2, 77, 102
5, 1685248, Note_on_c, 2, 65, 0
5, 1685248, Note_on_c, 2, 77, 0
5, 1685504, Note_on_c, 2, 66, 103
5, 1685504, Note_on_c, 2, 78, 103
5, 1685760, Note_on_c, 2, 66, 0
5, 1685760, Note_on_c, 2, 78, 0
5, 1686016, Note_on_c, 2, 70, 104
5, 1686016, Note_on_c, 2, 82, 104
5, 1686272, Note_on_c, 2, 70, 0
5, 1686272, Note_on_c, 2, 82, 0
5, 1686528, Note_on_c, 2, 68, 106
5, 1686528, Note_on_c, 2, 80, 106
5, 1686784, Note_on_c, 2, 68, 0
5, 1686784, Note_on_c, 2, 80, 0
5, 1687040, Note_on_c, 2, 66, 107
5, 1687040, Note_on_c, 2, 78, 107
5, 1687296, Note_on_c, 2, 66, 0
5, 1687296, Note_on_c, 2, 78, 0
5, 1687552, Note_on_c, 2, 66, 114
5, 1687552, Note_on_c, 2, 78, 114
5, 1688064, Note_on_c, 2, 66, 0
5, 1688064, Note_on_c, 2, 78, 0
5, 1692160, Note_on_c, 2, 66, 102
5, 1692416, Note_on_c, 2, 66, 0
5, 1692672, Note_on_c, 2, 66, 101
5, 1692928, Note_on_c, 2, 66, 0
5, 1693184, Note_on_c, 2, 66, 101
5, 1693440, Note_on_c, 2, 66, 0
5, 1693696, Note_on_c, 2, 66, 109
5, 1693952, Note_on_c, 2, 66, 0
5, 1694208, Note_on_c, 2, 68, 99
5, 1694464, Note_on_c, 2, 68, 0
5, 1694720, Note_on_c, 2, 70, 98
5, 1694976, Note_on_c, 2, 70, 0
5, 1695232, Note_on_c, 2, 70, 97
5, 1695488, Note_on_c, 2, 70, 0
5, 1695744, Note_on_c, 2, 71, 96
5, 1696000, Note_on_c, 2, 71, 0
5, 1696256, Note_on_c, 2, 70, 96
5, 1696512, Note_on_c, 2, 70, 0
5, 1696768, Note_on_c, 2, 68, 104
5, 1697024, Note_on_c, 2, 68, 0
5, 1697280, Note_on_c, 2, 66, 94
5, 1697536, Note_on_c, 2, 66, 0
5, 1697792, Note_on_c, 2, 65, 93
5, 1698048, Note_on_c, 2, 65, 0
5, 1698304, Note_on_c, 2, 63, 92
5, 1698816, Note_on_c, 2, 63, 0
5, 1713664, Note_on_c, 2, 70, 92
5, 1713920, Note_on_c, 2, 70, 0
5, 1714176, Note_on_c, 2, 70, 92
5, 1714432, Note_on_c, 2, 70, 0
5, 1714688, Note_on_c, 2, 70, 92
5, 1714944, Note_on_c, 2, 70, 0
5, 1715200, Note_on_c, 2, 70, 100
5, 1715456, Note_on_c, 2, 70, 0
5, 1715712, Note_on_c, 2, 72, 92
5, 1715968, Note_on_c, 2, 72, 0
5, 1716224, Note_on_c, 2, 73, 92
5, 1716480, Note_on_c, 2, 73, 0
5, 1716736, Note_on_c, 2, 73, 94
5, 1716992, Note_on_c, 2, 73, 0
5, 1717248, Note_on_c, 2, 72, 94
5, 1717504, Note_on_c, 2, 72, 0
5, 1717760, Note_on_c, 2, 70, 94
5, 1718016, Note_on_c, 2, 70, 0
5, 1719808, Note_on_c, 2, 70, 96
5, 1720064, Note_on_c, 2, 70, 0
5, 1720320, Note_on_c, 2, 70, 96
5, 1720576, Note_on_c, 2, 70, 0
5, 1720832, Note_on_c, 2, 70, 96
5, 1721088, Note_on_c, 2, 70, 0
5, 1721344, Note_on_c, 2, 70, 104
5, 1721600, Note_on_c, 2, 70, 0
5, 1721856, Note_on_c, 2, 71, 97
5, 1722112, Note_on_c, 2, 71, 0
5, 1722368, Note_on_c, 2, 73, 97
5, 1722624, Note_on_c, 2, 73, 0
5, 1722880, Note_on_c, 2, 73, 98
5, 1723136, Note_on_c, 2, 73, 0
5, 1723392, Note_on_c, 2, 71, 98
5, 1723648, Note_on_c, 2, 71, 0
5, 1723904, Note_on_c, 2, 70, 98
5, 1724160, Note_on_c, 2, 70, 0
5, 1725952, Note_on_c, 2, 70, 100
5, 1726208, Note_on_c, 2, 70, 0
5, 1726464, Note_on_c, 2, 70, 100
5, 1726720, Note_on_c, 2, 70, 0
5, 1726976, Note_on_c, 2, 70, 100
5, 1727232, Note_on_c, 2, 70, 0
5, 1727488, Note_on_c, 2, 70, 109
5, 1727744, Note_on_c, 2, 70, 0
5, 1728000, Note_on_c, 2, 71, 101
5, 1728256, Note_on_c, 2, 71, 0
5, 1728512, Note_on_c, 2, 73, 101
5, 1728768, Note_on_c, 2, 73, 0
5, 1729024, Note_on_c, 2, 73, 102
5, 1729024, Note_on_c, 2, 76, 102
5, 1729280, Note_on_c, 2, 73, 0
5, 1729280, Note_on_c, 2, 76, 0
5, 1729536, Note_on_c, 2, 74, 102
5, 1729536, Note_on_c, 2, 78, 102
5, 1729792, Note_on_c, 2, 74, 0
5, 1729792, Note_on_c, 2, 78, 0
5, 1730048, Note_on_c, 2, 76, 102
5, 1730048, Note_on_c, 2, 79, 102
5, 1730304, Note_on_c, 2, 76, 0
5, 1730304, Note_on_c, 2, 79, 0
5, 1730560, Note_on_c, 2, 59, 112
5, 1730560, Note_on_c, 2, 71, 112
5, 1731308, Note_on_c, 2, 59, 0
5, 1731308, Note_on_c, 2, 71, 0
5, 1731584, Note_on_c, 2, 59, 103
5, 1731584, Note_on_c, 2, 71, 103
5, 1731958, Note_on_c, 2, 59, 0
5, 1731958, Note_on_c, 2, 71, 0
5, 1732096, Note_on_c, 2, 59, 117
5, 1732096, Note_on_c, 2, 71, 117
5, 1733217, Note_on_c, 2, 59, 0
5, 1733217, Note_on_c, 2, 71, 0
5, 1734656, Note_on_c, 2, 61, 103
5, 1734656, Note_on_c, 2, 73, 103
5, 1735030, Note_on_c, 2, 61, 0
5, 1735030, Note_on_c, 2, 73, 0
5, 1735168, Note_on_c, 2, 61, 116
5, 1735168, Note_on_c, 2, 73, 116
5, 1736289, Note_on_c, 2, 61, 0
5, 1736289, Note_on_c, 2, 73, 0
5, 1736704, Note_on_c, 2, 66, 112
5, 1736704, Note_on_c, 2, 69, 112
5, 1736960, Note_on_c, 2, 66, 0
5, 1736960, Note_on_c, 2, 69, 0
5, 1737216, Note_on_c, 2, 64, 103
5, 1737216, Note_on_c, 2, 67, 103
5, 1737472, Note_on_c, 2, 64, 0
5, 1737472, Note_on_c, 2, 67, 0
5, 1737728, Note_on_c, 2, 64, 103
5, 1737728, Note_on_c, 2, 67, 103
5, 1738102, Note_on_c, 2, 64, 0
5, 1738102, Note_on_c, 2, 67, 0
5, 1738240, Note_on_c, 2, 55, 116
5, 1738240, Note_on_c, 2, 67, 116
5, 1739361, Note_on_c, 2, 55, 0
5, 1739361, Note_on_c, 2, 67, 0
5, 1740800, Note_on_c, 2, 57, 103
5, 1740800, Note_on_c, 2, 69, 103
5, 1741174, Note_on_c, 2, 57, 0
5, 1741174, Note_on_c, 2, 69, 0
5, 1741312, Note_on_c, 2, 57, 116
5, 1741312, Note_on_c, 2, 69, 116
5, 1742433, Note_on_c, 2, 57, 0
5, 1742433, Note_on_c, 2, 69, 0
5, 1742848, Note_on_c, 2, 63, 112
5, 1743596, Note_on_c, 2, 63, 0
5, 1743872, Note_on_c, 2, 75, 103
5, 1744246, Note_on_c, 2, 75, 0
5, 1744384, Note_on_c, 2, 75, 116
5, 1745505, Note_on_c, 2, 75, 0
5, 1746944, Note_on_c, 2, 76, 103
5, 1747318, Note_on_c, 2, 76, 0
5, 1747456, Note_on_c, 2, 76, 116
5, 1748577, Note_on_c, 2, 76, 0
5, 1750016, Note_on_c, 2, 78, 103
5, 1750390, Note_on_c, 2, 78, 0
5, 1750528, Note_on_c, 2, 78, 119
5, 1751649, Note_on_c, 2, 78, 0
5, 1753088, Note_on_c, 2, 66, 103
5, 1753088, Note_on_c, 2, 78, 103
5, 1753462, Note_on_c, 2, 66, 0
5, 1753462, Note_on_c, 2, 78, 0
5, 1753600, Note_on_c, 2, 67, 119
5, 1753600, Note_on_c, 2, 79, 119
5, 1754721, Note_on_c, 2, 67, 0
5, 1754721, Note_on_c, 2, 79, 0
5, 1756160, Note_on_c, 2, 64, 103
5, 1756160, Note_on_c, 2, 76, 103
5, 1756534, Note_on_c, 2, 64, 0
5, 1756534, Note_on_c, 2, 76, 0
5, 1756672, Note_on_c, 2, 66, 119
5, 1756672, Note_on_c, 2, 78, 119
5, 1757793, Note_on_c, 2, 66, 0
5, 1757793, Note_on_c, 2, 78, 0
5, 1759232, Note_on_c, 2, 62, 103
5, 1759232, Note_on_c, 2, 74, 103
5, 1759606, Note_on_c, 2, 62, 0
5, 1759606, Note_on_c, 2, 74, 0
5, 1759744, Note_on_c, 2, 64, 118
5, 1759744, Note_on_c, 2, 76, 118
5, 1760865, Note_on_c, 2, 64, 0
5, 1760865, Note_on_c, 2, 76, 0
5, 1762304, Note_on_c, 2, 61, 103
5, 1762304, Note_on_c, 2, 73, 103
5, 1762678, Note_on_c, 2, 61, 0
5, 1762678, Note_on_c, 2, 73, 0
5, 1762816, Note_on_c, 2, 62, 119
5, 1762816, Note_on_c, 2, 74, 119
5, 1763937, Note_on_c, 2, 62, 0
5, 1763937, Note_on_c, 2, 74, 0
5, 1774592, Note_on_c, 2, 59, 103
5, 1774592, Note_on_c, 2, 71, 103
5, 1774966, Note_on_c, 2, 59, 0
5, 1774966, Note_on_c, 2, 71, 0
5, 1775104, Note_on_c, 2, 59, 118
5, 1775104, Note_on_c, 2, 71, 118
5, 1776225, Note_on_c, 2, 59, 0
5, 1776225, Note_on_c, 2, 71, 0
5, 1777664, Note_on_c, 2, 59, 103
5, 1777664, Note_on_c, 2, 71, 103
5, 1778038, Note_on_c, 2, 59, 0
5, 1778038, Note_on_c, 2, 71, 0
5, 1778176, Note_on_c, 2, 61, 119
5, 1778176, Note_on_c, 2, 73, 119
5, 1778924, Note_on_c, 2, 61, 0
5, 1778924, Note_on_c, 2, 73, 0
5, 1780736, Note_on_c, 2, 73, 103
5, 1780736, Note_on_c, 2, 76, 103
5, 1781110, Note_on_c, 2, 73, 0
5, 1781110, Note_on_c, 2, 76, 0
5, 1781248, Note_on_c, 2, 73, 118
5, 1781248, Note_on_c, 2, 76, 118
5, 1782369, Note_on_c, 2, 73, 0
5, 1782369, Note_on_c, 2, 76, 0
5, 1783808, Note_on_c, 2, 73, 103
5, 1783808, Note_on_c, 2, 76, 103
5, 1784182, Note_on_c, 2, 73, 0
5, 1784182, Note_on_c, 2, 76, 0
5, 1784320, Note_on_c, 2, 71, 119
5, 1784320, Note_on_c, 2, 77, 119
5, 1785441, Note_on_c, 2, 71, 0
5, 1785441, Note_on_c, 2, 77, 0
5, 1786880, Note_on_c, 2, 68, 95
5, 1786880, Note_on_c, 2, 71, 95
5, 1787254, Note_on_c, 2, 68, 0
5, 1787254, Note_on_c, 2, 71, 0
5, 1787392, Note_on_c, 2, 68, 110
5, 1787392, Note_on_c, 2, 71, 110
5, 1788513, Note_on_c, 2, 68, 0
5, 1788513, Note_on_c, 2, 71, 0
5, 1789952, Note_on_c, 2, 68, 97
5, 1789952, Note_on_c, 2, 71, 97
5, 1790326, Note_on_c, 2, 68, 0
5, 1790326, Note_on_c, 2, 71, 0
5, 1790464, Note_on_c, 2, 70, 114
5, 1790464, Note_on_c, 2, 73, 114
5, 1791585, Note_on_c, 2, 70, 0
5, 1791585, Note_on_c, 2, 73, 0
5, 1793024, Note_on_c, 2, 70, 99
5, 1793024, Note_on_c, 2, 73, 99
5, 1793398, Note_on_c, 2, 70, 0
5, 1793398, Note_on_c, 2, 73, 0
5, 1793536, Note_on_c, 2, 71, 119
5, 1793536, Note_on_c, 2, 74, 119
5, 1794657, Note_on_c, 2, 71, 0
5, 1794657, Note_on_c, 2, 74, 0
5, 1796096, Note_on_c, 2, 71, 101
5, 1796096, Note_on_c, 2, 74, 101
5, 1796470, Note_on_c, 2, 71, 0
5, 1796470, Note_on_c, 2, 74, 0
5, 1796608, Note_on_c, 2, 73, 119
5, 1796608, Note_on_c, 2, 76, 119
5, 1797729, Note_on_c, 2, 73, 0
5, 1797729, Note_on_c, 2, 76, 0
5, 1799168, Note_on_c, 2, 73, 103
5, 1799168, Note_on_c, 2, 76, 103
5, 1799542, Note_on_c, 2, 73, 0
5, 1799542, Note_on_c, 2, 76, 0
5, 1799680, Note_on_c, 2, 69, 116
5, 1799680, Note_on_c, 2, 81, 116
5, 1800801, Note_on_c, 2, 69, 0
5, 1800801, Note_on_c, 2, 81, 0
5, 1802240, Note_on_c, 2, 66, 104
5, 1802240, Note_on_c, 2, 71, 104
5, 1802614, Note_on_c, 2, 66, 0
5, 1802614, Note_on_c, 2, 71, 0
5, 1802752, Note_on_c, 2, 64, 120
5, 1802752, Note_on_c, 2, 71, 120
5, 1803873, Note_on_c, 2, 64, 0
5, 1803873, Note_on_c, 2, 71, 0
5, 1805312, Note_on_c, 2, 64, 106
5, 1805312, Note_on_c, 2, 71, 106
5, 1805686, Note_on_c, 2, 64, 0
5, 1805686, Note_on_c, 2, 71, 0
5, 1805824, Note_on_c, 2, 65, 119
5, 1805824, Note_on_c, 2, 71, 119
5, 1806945, Note_on_c, 2, 65, 0
5, 1806945, Note_on_c, 2, 71, 0
5, 1808384, Note_on_c, 2, 65, 108
5, 1808384, Note_on_c, 2, 71, 108
5, 1808758, Note_on_c, 2, 65, 0
5, 1808758, Note_on_c, 2, 71, 0
5, 1808896, Note_on_c, 2, 66, 108
5, 1808896, Note_on_c, 2, 78, 108
5, 1809644, Note_on_c, 2, 66, 0
5, 1809644, Note_on_c, 2, 78, 0
5, 1809920, Note_on_c, 2, 66, 109
5, 1809920, Note_on_c, 2, 78, 109
5, 1810294, Note_on_c, 2, 66, 0
5, 1810294, Note_on_c, 2, 78, 0
5, 1810432, Note_on_c, 2, 66, 121
5, 1810432, Note_on_c, 2, 78, 121
5, 1811180, Note_on_c, 2, 66, 0
5, 1811180, Note_on_c, 2, 78, 0
5, 1811456, Note_on_c, 2, 66, 109
5, 1811456, Note_on_c, 2, 78, 109
5, 1811830, Note_on_c, 2, 66, 0
5, 1811830, Note_on_c, 2, 78, 0
5, 1811968, Note_on_c, 2, 66, 122
5, 1811968, Note_on_c, 2, 78, 122
5, 1814252, Note_on_c, 2, 66, 0
5, 1814252, Note_on_c, 2, 78, 0
5, 1814528, Note_on_c, 2, 66, 109
5, 1814528, Note_on_c, 2, 78, 109
5, 1814902, Note_on_c, 2, 66, 0
5, 1814902, Note_on_c, 2, 78, 0
5, 1815040, Note_on_c, 2, 66, 124
5, 1815040, Note_on_c, 2, 78, 124
5, 1817324, Note_on_c, 2, 66, 0
5, 1817324, Note_on_c, 2, 78, 0
5, 1817600, Note_on_c, 2, 66, 109
5, 1817600, Note_on_c, 2, 78, 109
5, 1817974, Note_on_c, 2, 66, 0
5, 1817974, Note_on_c, 2, 78, 0
5, 1818112, Note_on_c, 2, 66, 124
5, 1818112, Note_on_c, 2, 78, 124
5, 1820396, Note_on_c, 2, 66, 0
5, 1820396, Note_on_c, 2, 78, 0
5, 1820672, Note_on_c, 2, 66, 108
5, 1820672, Note_on_c, 2, 78, 108
5, 1821046, Note_on_c, 2, 66, 0
5, 1821046, Note_on_c, 2, 78, 0
5, 1821184, Note_on_c, 2, 66, 124
5, 1821184, Note_on_c, 2, 78, 124
5, 1823468, Note_on_c, 2, 66, 0
5, 1823468, Note_on_c, 2, 78, 0
5, 1823744, Note_on_c, 2, 66, 108
5, 1823744, Note_on_c, 2, 78, 108
5, 1824118, Note_on_c, 2, 66, 0
5, 1824118, Note_on_c, 2, 78, 0
5, 1824256, Note_on_c, 2, 66, 123
5, 1824256, Note_on_c, 2, 78, 123
5, 1826540, Note_on_c, 2, 66, 0
5, 1826540, Note_on_c, 2, 78, 0
5, 1826816, Note_on_c, 2, 66, 107
5, 1826816, Note_on_c, 2, 78, 107
5, 1827190, Note_on_c, 2, 66, 0
5, 1827190, Note_on_c, 2, 78, 0
5, 1827328, Note_on_c, 2, 66, 123
5, 1827328, Note_on_c, 2, 78, 123
5, 1829612, Note_on_c, 2, 66, 0
5, 1829612, Note_on_c, 2, 78, 0
5, 1829888, Note_on_c, 2, 66, 107
5, 1829888, Note_on_c, 2, 78, 107
5, 1830262, Note_on_c, 2, 66, 0
5, 1830262, Note_on_c, 2, 78, 0
5, 1830400, Note_on_c, 2, 66, 123
5, 1830400, Note_on_c, 2, 78, 123
5, 1832684, Note_on_c, 2, 66, 0
5, 1832684, Note_on_c, 2, 78, 0
5, 1832960, Note_on_c, 2, 66, 107
5, 1832960, Note_on_c, 2, 78, 107
5, 1833334, Note_on_c, 2, 66, 0
5, 1833334, Note_on_c, 2, 78, 0
5, 1833472, Note_on_c, 2, 66, 123
5, 1833472, Note_on_c, 2, 78, 123
5, 1835756, Note_on_c, 2, 66, 0
5, 1835756, Note_on_c, 2, 78, 0
5, 2050048, Control_c, 2, 121, 127
5, 2050048, End_track
6, 0, Start_track
6, 0, Title_t, "Bassoon"
6, 0, Program_c, 3, 70
6, 0, Control_c, 3, 121, 127
6, 0, Control_c, 3, 91, 127
6, 0, Control_c, 3, 1, 10
6, 0, Control_c, 3, 10, 110
6, 0, Control_c, 3, 11, 80
6, 2048, Note_on_c, 3, 41, 105
6, 9472, Note_on_c, 3, 41, 0
6, 9728, Note_on_c, 3, 53, 98
6, 9728, Note_on_c, 3, 65, 98
6, 9984, Note_on_c, 3, 53, 0
6, 9984, Note_on_c, 3, 65, 0
6, 10240, Note_on_c, 3, 53, 99
6, 10240, Note_on_c, 3, 65, 99
6, 10496, Note_on_c, 3, 53, 0
6, 10496, Note_on_c, 3, 65, 0
6, 10752, Note_on_c, 3, 45, 99
6, 10752, Note_on_c, 3, 57, 99
6, 11008, Note_on_c, 3, 45, 0
6, 11008, Note_on_c, 3, 57, 0
6, 11264, Note_on_c, 3, 45, 99
6, 11264, Note_on_c, 3, 57, 99
6, 11520, Note_on_c, 3, 45, 0
6, 11520, Note_on_c, 3, 57, 0
6, 11776, Note_on_c, 3, 50, 100
6, 11776, Note_on_c, 3, 62, 100
6, 12032, Note_on_c, 3, 50, 0
6, 12032, Note_on_c, 3, 62, 0
6, 12288, Note_on_c, 3, 50, 100
6, 12288, Note_on_c, 3, 62, 100
6, 12544, Note_on_c, 3, 50, 0
6, 12544, Note_on_c, 3, 62, 0
6, 12800, Note_on_c, 3, 41, 101
6, 12800, Note_on_c, 3, 53, 101
6, 13056, Note_on_c, 3, 41, 0
6, 13056, Note_on_c, 3, 53, 0
6, 13312, Note_on_c, 3, 41, 101
6, 13312, Note_on_c, 3, 53, 101
6, 13568, Note_on_c, 3, 41, 0
6, 13568, Note_on_c, 3, 53, 0
6, 13824, Note_on_c, 3, 45, 101
6, 13824, Note_on_c, 3, 57, 101
6, 14080, Note_on_c, 3, 45, 0
6, 14080, Note_on_c, 3, 57, 0
6, 14336, Note_on_c, 3, 45, 102
6, 14336, Note_on_c, 3, 57, 102
6, 14592, Note_on_c, 3, 45, 0
6, 14592, Note_on_c, 3, 57, 0
6, 14848, Note_on_c, 3, 38, 102
6, 14848, Note_on_c, 3, 50, 102
6, 15104, Note_on_c, 3, 38, 0
6, 15104, Note_on_c, 3, 50, 0
6, 15360, Note_on_c, 3, 38, 99
6, 15360, Note_on_c, 3, 50, 99
6, 15616, Note_on_c, 3, 38, 0
6, 15616, Note_on_c, 3, 50, 0
6, 15872, Note_on_c, 3, 38, 100
6, 15872, Note_on_c, 3, 50, 100
6, 16128, Note_on_c, 3, 38, 0
6, 16128, Note_on_c, 3, 50, 0
6, 16384, Note_on_c, 3, 38, 102
6, 16384, Note_on_c, 3, 50, 102
6, 16640, Note_on_c, 3, 38, 0
6, 16640, Note_on_c, 3, 50, 0
6, 16896, Note_on_c, 3, 36, 104
6, 16896, Note_on_c, 3, 48, 104
6, 17152, Note_on_c, 3, 36, 0
6, 17152, Note_on_c, 3, 48, 0
6, 17408, Note_on_c, 3, 36, 105
6, 17408, Note_on_c, 3, 48, 105
6, 17664, Note_on_c, 3, 36, 0
6, 17664, Note_on_c, 3, 48, 0
6, 17920, Note_on_c, 3, 35, 107
6, 17920, Note_on_c, 3, 47, 107
6, 18176, Note_on_c, 3, 35, 0
6, 18176, Note_on_c, 3, 47, 0
6, 18432, Note_on_c, 3, 35, 109
6, 18432, Note_on_c, 3, 47, 109
6, 18688, Note_on_c, 3, 35, 0
6, 18688, Note_on_c, 3, 47, 0
6, 18944, Note_on_c, 3, 34, 111
6, 18944, Note_on_c, 3, 46, 111
6, 19200, Note_on_c, 3, 34, 0
6, 19200, Note_on_c, 3, 46, 0
6, 19456, Note_on_c, 3, 34, 112
6, 19456, Note_on_c, 3, 46, 112
6, 19712, Note_on_c, 3, 34, 0
6, 19712, Note_on_c, 3, 46, 0
6, 19968, Note_on_c, 3, 34, 114
6, 19968, Note_on_c, 3, 46, 114
6, 20224, Note_on_c, 3, 34, 0
6, 20224, Note_on_c, 3, 46, 0
6, 20480, Note_on_c, 3, 34, 116
6, 20480, Note_on_c, 3, 46, 116
6, 20736, Note_on_c, 3, 34, 0
6, 20736, Note_on_c, 3, 46, 0
6, 20992, Note_on_c, 3, 46, 117
6, 20992, Note_on_c, 3, 58, 117
6, 21248, Note_on_c, 3, 46, 0
6, 21248, Note_on_c, 3, 58, 0
6, 21504, Note_on_c, 3, 46, 119
6, 21504, Note_on_c, 3, 58, 119
6, 22016, Note_on_c, 3, 46, 0
6, 22016, Note_on_c, 3, 58, 0
6, 22528, Note_on_c, 3, 45, 118
6, 22528, Note_on_c, 3, 57, 118
6, 23040, Note_on_c, 3, 45, 0
6, 23040, Note_on_c, 3, 57, 0
6, 54272, Note_on_c, 3, 42, 104
6, 56525, Note_on_c, 3, 42, 0
6, 56832, Note_on_c, 3, 57, 94
6, 57088, Note_on_c, 3, 57, 0
6, 57344, Note_on_c, 3, 57, 94
6, 57600, Note_on_c, 3, 57, 0
6, 57856, Note_on_c, 3, 60, 94
6, 58112, Note_on_c, 3, 60, 0
6, 58368, Note_on_c, 3, 60, 94
6, 58624, Note_on_c, 3, 60, 0
6, 58880, Note_on_c, 3, 54, 94
6, 59136, Note_on_c, 3, 54, 0
6, 59392, Note_on_c, 3, 54, 93
6, 59648, Note_on_c, 3, 54, 0
6, 59904, Note_on_c, 3, 57, 93
6, 60160, Note_on_c, 3, 57, 0
6, 60416, Note_on_c, 3, 57, 94
6, 60672, Note_on_c, 3, 57, 0
6, 60928, Note_on_c, 3, 48, 94
6, 61184, Note_on_c, 3, 48, 0
6, 61440, Note_on_c, 3, 48, 95
6, 61696, Note_on_c, 3, 48, 0
6, 61952, Note_on_c, 3, 51, 95
6, 61952, Note_on_c, 3, 63, 95
6, 62208, Note_on_c, 3, 51, 0
6, 62208, Note_on_c, 3, 63, 0
6, 62464, Note_on_c, 3, 51, 96
6, 62464, Note_on_c, 3, 63, 96
6, 62720, Note_on_c, 3, 51, 0
6, 62720, Note_on_c, 3, 63, 0
6, 62976, Note_on_c, 3, 45, 96
6, 62976, Note_on_c, 3, 57, 96
6, 63232, Note_on_c, 3, 45, 0
6, 63232, Note_on_c, 3, 57, 0
6, 63488, Note_on_c, 3, 45, 97
6, 63488, Note_on_c, 3, 57, 97
6, 63744, Note_on_c, 3, 45, 0
6, 63744, Note_on_c, 3, 57, 0
6, 64000, Note_on_c, 3, 48, 97
6, 64000, Note_on_c, 3, 60, 97
6, 64256, Note_on_c, 3, 48, 0
6, 64256, Note_on_c, 3, 60, 0
6, 64512, Note_on_c, 3, 48, 98
6, 64512, Note_on_c, 3, 60, 98
6, 64768, Note_on_c, 3, 48, 0
6, 64768, Note_on_c, 3, 60, 0
6, 65024, Note_on_c, 3, 42, 98
6, 65024, Note_on_c, 3, 54, 98
6, 65280, Note_on_c, 3, 42, 0
6, 65280, Note_on_c, 3, 54, 0
6, 65536, Note_on_c, 3, 42, 99
6, 65536, Note_on_c, 3, 54, 99
6, 65792, Note_on_c, 3, 42, 0
6, 65792, Note_on_c, 3, 54, 0
6, 66048, Note_on_c, 3, 45, 99
6, 66048, Note_on_c, 3, 57, 99
6, 66304, Note_on_c, 3, 45, 0
6, 66304, Note_on_c, 3, 57, 0
6, 66560, Note_on_c, 3, 45, 99
6, 66560, Note_on_c, 3, 57, 99
6, 66816, Note_on_c, 3, 45, 0
6, 66816, Note_on_c, 3, 57, 0
6, 67072, Note_on_c, 3, 42, 100
6, 67328, Note_on_c, 3, 42, 0
6, 67584, Note_on_c, 3, 42, 100
6, 67840, Note_on_c, 3, 42, 0
6, 68096, Note_on_c, 3, 48, 101
6, 68096, Note_on_c, 3, 60, 101
6, 68352, Note_on_c, 3, 48, 0
6, 68352, Note_on_c, 3, 60, 0
6, 68608, Note_on_c, 3, 48, 102
6, 68608, Note_on_c, 3, 60, 102
6, 68864, Note_on_c, 3, 48, 0
6, 68864, Note_on_c, 3, 60, 0
6, 69120, Note_on_c, 3, 46, 104
6, 69120, Note_on_c, 3, 58, 104
6, 69376, Note_on_c, 3, 46, 0
6, 69376, Note_on_c, 3, 58, 0
6, 69632, Note_on_c, 3, 46, 106
6, 69632, Note_on_c, 3, 58, 106
6, 69888, Note_on_c, 3, 46, 0
6, 69888, Note_on_c, 3, 58, 0
6, 70144, Note_on_c, 3, 45, 107
6, 70144, Note_on_c, 3, 57, 107
6, 70400, Note_on_c, 3, 45, 0
6, 70400, Note_on_c, 3, 57, 0
6, 70656, Note_on_c, 3, 45, 109
6, 70656, Note_on_c, 3, 57, 109
6, 70912, Note_on_c, 3, 45, 0
6, 70912, Note_on_c, 3, 57, 0
6, 71168, Note_on_c, 3, 43, 110
6, 71168, Note_on_c, 3, 55, 110
6, 71424, Note_on_c, 3, 43, 0
6, 71424, Note_on_c, 3, 55, 0
6, 71680, Note_on_c, 3, 43, 112
6, 71680, Note_on_c, 3, 55, 112
6, 71936, Note_on_c, 3, 43, 0
6, 71936, Note_on_c, 3, 55, 0
6, 72192, Note_on_c, 3, 42, 113
6, 72192, Note_on_c, 3, 54, 113
6, 72448, Note_on_c, 3, 42, 0
6, 72448, Note_on_c, 3, 54, 0
6, 72704, Note_on_c, 3, 42, 115
6, 72704, Note_on_c, 3, 54, 115
6, 72960, Note_on_c, 3, 42, 0
6, 72960, Note_on_c, 3, 54, 0
6, 73216, Note_on_c, 3, 42, 117
6, 73216, Note_on_c, 3, 54, 117
6, 73472, Note_on_c, 3, 42, 0
6, 73472, Note_on_c, 3, 54, 0
6, 73728, Note_on_c, 3, 42, 118
6, 73728, Note_on_c, 3, 54, 118
6, 74240, Note_on_c, 3, 42, 0
6, 74240, Note_on_c, 3, 54, 0
6, 76288, Note_on_c, 3, 41, 110
6, 76288, Note_on_c, 3, 53, 110
6, 76544, Note_on_c, 3, 41, 0
6, 76544, Note_on_c, 3, 53, 0
6, 76800, Note_on_c, 3, 41, 110
6, 76800, Note_on_c, 3, 53, 110
6, 77210, Note_on_c, 3, 41, 0
6, 77210, Note_on_c, 3, 53, 0
6, 90112, Note_on_c, 3, 46, 90
6, 90112, Note_on_c, 3, 58, 90
6, 90368, Note_on_c, 3, 46, 0
6, 90368, Note_on_c, 3, 58, 0
6, 91136, Note_on_c, 3, 46, 74
6, 91136, Note_on_c, 3, 58, 74
6, 91392, Note_on_c, 3, 46, 0
6, 91392, Note_on_c, 3, 58, 0
6, 92160, Note_on_c, 3, 49, 28
6, 98304, Note_on_c, 3, 49, 28
6, 100224, Note_on_c, 3, 49, 0
6, 100224, Note_on_c, 3, 52, 28
6, 100352, Note_on_c, 3, 52, 0
6, 100352, Note_on_c, 3, 45, 28
6, 100864, Note_on_c, 3, 45, 0
6, 100864, Note_on_c, 3, 49, 28
6, 108416, Note_on_c, 3, 49, 0
6, 108416, Note_on_c, 3, 57, 28
6, 108416, Note_on_c, 3, 49, 0
6, 108416, Note_on_c, 3, 45, 28
6, 108544, Note_on_c, 3, 57, 0
6, 108544, Note_on_c, 3, 45, 0
6, 108544, Note_on_c, 3, 42, 103
6, 108544, Note_on_c, 3, 54, 103
6, 108954, Note_on_c, 3, 42, 0
6, 108954, Note_on_c, 3, 54, 0
6, 139264, Note_on_c, 3, 56, 45
6, 139264, Note_on_c, 3, 59, 45
6, 139776, Note_on_c, 3, 56, 0
6, 139776, Note_on_c, 3, 59, 0
6, 140288, Note_on_c, 3, 57, 37
6, 140288, Note_on_c, 3, 60, 37
6, 140800, Note_on_c, 3, 57, 0
6, 140800, Note_on_c, 3, 60, 0
6, 141312, Note_on_c, 3, 59, 37
6, 141312, Note_on_c, 3, 62, 37
6, 141824, Note_on_c, 3, 59, 0
6, 141824, Note_on_c, 3, 62, 0
6, 142336, Note_on_c, 3, 60, 45
6, 142336, Note_on_c, 3, 64, 45
6, 142848, Note_on_c, 3, 60, 0
6, 142848, Note_on_c, 3, 64, 0
6, 143360, Note_on_c, 3, 59, 37
6, 143360, Note_on_c, 3, 62, 37
6, 143872, Note_on_c, 3, 59, 0
6, 143872, Note_on_c, 3, 62, 0
6, 144384, Note_on_c, 3, 57, 37
6, 144384, Note_on_c, 3, 60, 37
6, 144896, Note_on_c, 3, 57, 0
6, 144896, Note_on_c, 3, 60, 0
6, 145408, Note_on_c, 3, 59, 44
6, 145408, Note_on_c, 3, 62, 44
6, 145920, Note_on_c, 3, 59, 0
6, 145920, Note_on_c, 3, 62, 0
6, 146432, Note_on_c, 3, 57, 37
6, 146432, Note_on_c, 3, 60, 37
6, 146944, Note_on_c, 3, 57, 0
6, 146944, Note_on_c, 3, 60, 0
6, 147456, Note_on_c, 3, 56, 37
6, 147456, Note_on_c, 3, 59, 37
6, 147968, Note_on_c, 3, 56, 0
6, 147968, Note_on_c, 3, 59, 0
6, 148480, Note_on_c, 3, 57, 44
6, 148480, Note_on_c, 3, 60, 44
6, 148992, Note_on_c, 3, 57, 0
6, 148992, Note_on_c, 3, 60, 0
6, 151552, Note_on_c, 3, 48, 44
6, 151552, Note_on_c, 3, 60, 44
6, 152320, Note_on_c, 3, 48, 0
6, 152320, Note_on_c, 3, 60, 0
6, 153088, Note_on_c, 3, 36, 37
6, 153088, Note_on_c, 3, 48, 37
6, 153344, Note_on_c, 3, 36, 0
6, 153344, Note_on_c, 3, 48, 0
6, 153600, Note_on_c, 3, 36, 37
6, 153600, Note_on_c, 3, 48, 37
6, 154112, Note_on_c, 3, 36, 0
6, 154112, Note_on_c, 3, 48, 0
6, 154624, Note_on_c, 3, 41, 44
6, 154624, Note_on_c, 3, 53, 44
6, 155136, Note_on_c, 3, 41, 0
6, 155136, Note_on_c, 3, 53, 0
6, 155648, Note_on_c, 3, 43, 37
6, 155648, Note_on_c, 3, 55, 37
6, 156160, Note_on_c, 3, 43, 0
6, 156160, Note_on_c, 3, 55, 0
6, 156672, Note_on_c, 3, 45, 37
6, 156672, Note_on_c, 3, 57, 37
6, 157184, Note_on_c, 3, 45, 0
6, 157184, Note_on_c, 3, 57, 0
6, 157696, Note_on_c, 3, 43, 44
6, 157696, Note_on_c, 3, 55, 44
6, 158208, Note_on_c, 3, 43, 0
6, 158208, Note_on_c, 3, 55, 0
6, 158720, Note_on_c, 3, 45, 37
6, 158720, Note_on_c, 3, 57, 37
6, 159232, Note_on_c, 3, 45, 0
6, 159232, Note_on_c, 3, 57, 0
6, 159744, Note_on_c, 3, 46, 37
6, 159744, Note_on_c, 3, 58, 37
6, 160256, Note_on_c, 3, 46, 0
6, 160256, Note_on_c, 3, 58, 0
6, 160768, Note_on_c, 3, 45, 42
6, 160768, Note_on_c, 3, 57, 42
6, 161280, Note_on_c, 3, 45, 0
6, 161280, Note_on_c, 3, 57, 0
6, 161792, Note_on_c, 3, 43, 35
6, 161792, Note_on_c, 3, 55, 35
6, 162304, Note_on_c, 3, 43, 0
6, 162304, Note_on_c, 3, 55, 0
6, 162816, Note_on_c, 3, 41, 28
6, 162816, Note_on_c, 3, 53, 28
6, 163328, Note_on_c, 3, 41, 0
6, 163328, Note_on_c, 3, 53, 0
6, 186368, Note_on_c, 3, 62, 44
6, 186368, Note_on_c, 3, 46, 44
6, 188416, Note_on_c, 3, 62, 0
6, 188416, Note_on_c, 3, 60, 44
6, 188416, Note_on_c, 3, 46, 0
6, 188416, Note_on_c, 3, 51, 44
6, 190464, Note_on_c, 3, 60, 0
6, 190464, Note_on_c, 3, 51, 0
6, 190464, Note_on_c, 3, 58, 43
6, 190464, Note_on_c, 3, 50, 43
6, 192512, Note_on_c, 3, 58, 0
6, 192512, Note_on_c, 3, 53, 43
6, 192512, Note_on_c, 3, 50, 0
6, 192512, Note_on_c, 3, 45, 43
6, 194048, Note_on_c, 3, 53, 0
6, 194048, Note_on_c, 3, 51, 37
6, 194560, Note_on_c, 3, 51, 0
6, 194560, Note_on_c, 3, 45, 0
6, 194560, Note_on_c, 3, 50, 34
6, 194560, Note_on_c, 3, 46, 34
6, 195072, Note_on_c, 3, 50, 0
6, 195072, Note_on_c, 3, 46, 0
6, 227328, Note_on_c, 3, 56, 57
6, 228352, Note_on_c, 3, 59, 53
6, 231424, Note_on_c, 3, 56, 0
6, 231424, Note_on_c, 3, 59, 0
6, 231424, Note_on_c, 3, 57, 41
6, 231424, Note_on_c, 3, 61, 41
6, 232243, Note_on_c, 3, 57, 0
6, 232243, Note_on_c, 3, 61, 0
6, 232448, Note_on_c, 3, 52, 41
6, 232448, Note_on_c, 3, 61, 41
6, 233472, Note_on_c, 3, 52, 0
6, 233472, Note_on_c, 3, 61, 0
6, 233472, Note_on_c, 3, 54, 44
6, 233472, Note_on_c, 3, 62, 44
6, 234496, Note_on_c, 3, 54, 0
6, 234496, Note_on_c, 3, 62, 0
6, 234496, Note_on_c, 3, 55, 47
6, 234496, Note_on_c, 3, 64, 47
6, 235520, Note_on_c, 3, 55, 0
6, 235520, Note_on_c, 3, 64, 0
6, 235520, Note_on_c, 3, 55, 50
6, 235520, Note_on_c, 3, 64, 50
6, 236544, Note_on_c, 3, 55, 0
6, 236544, Note_on_c, 3, 64, 0
6, 236544, Note_on_c, 3, 54, 46
6, 236544, Note_on_c, 3, 62, 46
6, 237568, Note_on_c, 3, 54, 0
6, 237568, Note_on_c, 3, 62, 0
6, 237568, Note_on_c, 3, 52, 42
6, 237568, Note_on_c, 3, 61, 42
6, 238592, Note_on_c, 3, 52, 0
6, 238592, Note_on_c, 3, 61, 0
6, 238592, Note_on_c, 3, 50, 38
6, 238592, Note_on_c, 3, 59, 38
6, 239616, Note_on_c, 3, 50, 0
6, 239616, Note_on_c, 3, 59, 0
6, 239616, Note_on_c, 3, 49, 34
6, 239616, Note_on_c, 3, 52, 34
6, 240435, Note_on_c, 3, 49, 0
6, 240435, Note_on_c, 3, 52, 0
6, 240640, Note_on_c, 3, 49, 37
6, 240640, Note_on_c, 3, 52, 37
6, 241664, Note_on_c, 3, 49, 0
6, 241664, Note_on_c, 3, 52, 0
6, 241664, Note_on_c, 3, 50, 41
6, 241664, Note_on_c, 3, 54, 41
6, 242688, Note_on_c, 3, 50, 0
6, 242688, Note_on_c, 3, 54, 0
6, 242688, Note_on_c, 3, 52, 44
6, 242688, Note_on_c, 3, 55, 44
6, 243712, Note_on_c, 3, 52, 0
6, 243712, Note_on_c, 3, 55, 0
6, 243712, Note_on_c, 3, 52, 45
6, 243712, Note_on_c, 3, 55, 45
6, 244736, Note_on_c, 3, 52, 0
6, 244736, Note_on_c, 3, 55, 0
6, 244736, Note_on_c, 3, 50, 41
6, 244736, Note_on_c, 3, 54, 41
6, 245760, Note_on_c, 3, 50, 0
6, 245760, Note_on_c, 3, 54, 0
6, 245760, Note_on_c, 3, 55, 37
6, 245760, Note_on_c, 3, 64, 37
6, 246784, Note_on_c, 3, 55, 0
6, 246784, Note_on_c, 3, 64, 0
6, 246784, Note_on_c, 3, 54, 33
6, 246784, Note_on_c, 3, 62, 33
6, 247808, Note_on_c, 3, 54, 0
6, 247808, Note_on_c, 3, 62, 0
6, 247808, Note_on_c, 3, 52, 64
6, 247808, Note_on_c, 3, 61, 64
6, 248320, Note_on_c, 3, 52, 0
6, 248320, Note_on_c, 3, 61, 0
6, 248832, Note_on_c, 3, 52, 100
6, 248832, Note_on_c, 3, 64, 100
6, 249344, Note_on_c, 3, 52, 0
6, 249344, Note_on_c, 3, 64, 0
6, 251904, Note_on_c, 3, 49, 96
6, 251904, Note_on_c, 3, 61, 96
6, 252416, Note_on_c, 3, 49, 0
6, 252416, Note_on_c, 3, 61, 0
6, 254976, Note_on_c, 3, 43, 93
6, 254976, Note_on_c, 3, 55, 93
6, 255488, Note_on_c, 3, 43, 0
6, 255488, Note_on_c, 3, 55, 0
6, 258048, Note_on_c, 3, 42, 99
6, 258048, Note_on_c, 3, 54, 99
6, 258560, Note_on_c, 3, 42, 0
6, 258560, Note_on_c, 3, 54, 0
6, 270336, Note_on_c, 3, 43, 107
6, 270336, Note_on_c, 3, 55, 107
6, 271155, Note_on_c, 3, 43, 0
6, 271155, Note_on_c, 3, 55, 0
6, 271360, Note_on_c, 3, 55, 101
6, 271360, Note_on_c, 3, 67, 101
6, 271616, Note_on_c, 3, 55, 0
6, 271616, Note_on_c, 3, 67, 0
6, 278528, Note_on_c, 3, 45, 101
6, 278528, Note_on_c, 3, 57, 101
6, 279040, Note_on_c, 3, 45, 0
6, 279040, Note_on_c, 3, 57, 0
6, 280576, Note_on_c, 3, 38, 103
6, 280576, Note_on_c, 3, 50, 103
6, 281088, Note_on_c, 3, 38, 0
6, 281088, Note_on_c, 3, 50, 0
6, 384000, Note_on_c, 3, 66, 43
6, 385024, Note_on_c, 3, 66, 0
6, 385024, Note_on_c, 3, 62, 43
6, 386560, Note_on_c, 3, 62, 0
6, 386560, Note_on_c, 3, 64, 45
6, 387072, Note_on_c, 3, 64, 0
6, 387072, Note_on_c, 3, 66, 45
6, 388096, Note_on_c, 3, 66, 0
6, 388096, Note_on_c, 3, 59, 46
6, 390144, Note_on_c, 3, 59, 0
6, 390144, Note_on_c, 3, 57, 46
6, 391168, Note_on_c, 3, 57, 0
6, 391168, Note_on_c, 3, 55, 44
6, 392192, Note_on_c, 3, 55, 0
6, 392192, Note_on_c, 3, 54, 43
6, 394240, Note_on_c, 3, 54, 0
6, 394240, Note_on_c, 3, 57, 39
6, 395264, Note_on_c, 3, 57, 0
6, 395264, Note_on_c, 3, 62, 38
6, 396288, Note_on_c, 3, 62, 0
6, 396288, Note_on_c, 3, 61, 34
6, 397312, Note_on_c, 3, 61, 0
6, 398336, Note_on_c, 3, 62, 37
6, 400384, Note_on_c, 3, 62, 0
6, 400384, Note_on_c, 3, 64, 39
6, 400896, Note_on_c, 3, 64, 0
6, 400896, Note_on_c, 3, 66, 40
6, 401408, Note_on_c, 3, 66, 0
6, 401408, Note_on_c, 3, 62, 41
6, 402944, Note_on_c, 3, 62, 0
6, 402944, Note_on_c, 3, 64, 43
6, 403456, Note_on_c, 3, 64, 0
6, 403456, Note_on_c, 3, 66, 43
6, 404480, Note_on_c, 3, 66, 0
6, 404480, Note_on_c, 3, 59, 45
6, 406528, Note_on_c, 3, 59, 0
6, 406528, Note_on_c, 3, 57, 45
6, 407040, Note_on_c, 3, 57, 0
6, 407040, Note_on_c, 3, 55, 44
6, 407552, Note_on_c, 3, 55, 0
6, 407552, Note_on_c, 3, 54, 43
6, 408064, Note_on_c, 3, 54, 0
6, 408064, Note_on_c, 3, 64, 42
6, 408576, Note_on_c, 3, 64, 0
6, 408576, Note_on_c, 3, 62, 42
6, 409088, Note_on_c, 3, 62, 0
6, 409088, Note_on_c, 3, 61, 41
6, 409600, Note_on_c, 3, 61, 0
6, 409600, Note_on_c, 3, 59, 40
6, 410624, Note_on_c, 3, 59, 0
6, 410624, Note_on_c, 3, 61, 39
6, 411648, Note_on_c, 3, 61, 0
6, 411648, Note_on_c, 3, 62, 37
6, 412672, Note_on_c, 3, 62, 0
6, 417792, Note_on_c, 3, 57, 41
6, 420864, Note_on_c, 3, 57, 0
6, 420864, Note_on_c, 3, 55, 45
6, 421376, Note_on_c, 3, 55, 0
6, 421376, Note_on_c, 3, 57, 45
6, 421888, Note_on_c, 3, 57, 0
6, 421888, Note_on_c, 3, 59, 46
6, 423936, Note_on_c, 3, 59, 0
6, 423936, Note_on_c, 3, 61, 49
6, 425984, Note_on_c, 3, 61, 0
6, 425984, Note_on_c, 3, 62, 48
6, 427008, Note_on_c, 3, 62, 0
6, 427008, Note_on_c, 3, 64, 51
6, 429056, Note_on_c, 3, 64, 0
6, 429056, Note_on_c, 3, 62, 59
6, 430336, Note_on_c, 3, 62, 0
6, 430592, Note_on_c, 3, 57, 37
6, 430848, Note_on_c, 3, 57, 0
6, 431104, Note_on_c, 3, 62, 37
6, 432384, Note_on_c, 3, 62, 0
6, 432640, Note_on_c, 3, 64, 37
6, 432896, Note_on_c, 3, 64, 0
6, 433152, Note_on_c, 3, 66, 38
6, 434432, Note_on_c, 3, 66, 0
6, 434688, Note_on_c, 3, 62, 38
6, 435200, Note_on_c, 3, 62, 0
6, 435200, Note_on_c, 3, 64, 38
6, 436224, Note_on_c, 3, 64, 0
6, 436224, Note_on_c, 3, 66, 39
6, 437248, Note_on_c, 3, 66, 0
6, 437248, Note_on_c, 3, 59, 39
6, 439296, Note_on_c, 3, 59, 0
6, 439296, Note_on_c, 3, 57, 37
6, 439808, Note_on_c, 3, 57, 0
6, 439808, Note_on_c, 3, 55, 37
6, 440320, Note_on_c, 3, 55, 0
6, 440320, Note_on_c, 3, 54, 36
6, 440832, Note_on_c, 3, 54, 0
6, 440832, Note_on_c, 3, 64, 36
6, 441344, Note_on_c, 3, 64, 0
6, 441344, Note_on_c, 3, 62, 35
6, 441856, Note_on_c, 3, 62, 0
6, 441856, Note_on_c, 3, 61, 35
6, 442368, Note_on_c, 3, 61, 0
6, 442368, Note_on_c, 3, 59, 35
6, 443392, Note_on_c, 3, 59, 0
6, 443392, Note_on_c, 3, 61, 34
6, 444416, Note_on_c, 3, 61, 0
6, 444416, Note_on_c, 3, 62, 33
6, 445440, Note_on_c, 3, 62, 0
6, 450560, Note_on_c, 3, 57, 41
6, 453120, Note_on_c, 3, 57, 0
6, 453120, Note_on_c, 3, 54, 44
6, 453632, Note_on_c, 3, 54, 0
6, 453632, Note_on_c, 3, 55, 44
6, 454144, Note_on_c, 3, 55, 0
6, 454144, Note_on_c, 3, 57, 45
6, 454656, Note_on_c, 3, 57, 0
6, 454656, Note_on_c, 3, 59, 46
6, 456704, Note_on_c, 3, 59, 0
6, 456704, Note_on_c, 3, 61, 48
6, 458752, Note_on_c, 3, 61, 0
6, 458752, Note_on_c, 3, 62, 50
6, 459776, Note_on_c, 3, 62, 0
6, 459776, Note_on_c, 3, 64, 55
6, 461824, Note_on_c, 3, 64, 0
6, 461824, Note_on_c, 3, 62, 65
6, 463104, Note_on_c, 3, 62, 0
6, 463360, Note_on_c, 3, 57, 44
6, 463616, Note_on_c, 3, 57, 0
6, 463872, Note_on_c, 3, 62, 45
6, 465152, Note_on_c, 3, 62, 0
6, 465408, Note_on_c, 3, 64, 46
6, 465664, Note_on_c, 3, 64, 0
6, 465920, Note_on_c, 3, 66, 46
6, 467200, Note_on_c, 3, 66, 0
6, 467456, Note_on_c, 3, 62, 47
6, 467968, Note_on_c, 3, 62, 0
6, 467968, Note_on_c, 3, 64, 48
6, 468992, Note_on_c, 3, 64, 0
6, 468992, Note_on_c, 3, 66, 49
6, 469504, Note_on_c, 3, 66, 0
6, 469504, Note_on_c, 3, 57, 49
6, 470016, Note_on_c, 3, 57, 0
6, 470016, Note_on_c, 3, 59, 49
6, 470528, Note_on_c, 3, 59, 0
6, 470528, Note_on_c, 3, 61, 50
6, 471040, Note_on_c, 3, 61, 0
6, 471040, Note_on_c, 3, 62, 50
6, 471552, Note_on_c, 3, 62, 0
6, 471552, Note_on_c, 3, 59, 51
6, 472064, Note_on_c, 3, 59, 0
6, 472064, Note_on_c, 3, 57, 51
6, 472576, Note_on_c, 3, 57, 0
6, 472576, Note_on_c, 3, 55, 50
6, 473088, Note_on_c, 3, 55, 0
6, 473088, Note_on_c, 3, 54, 49
6, 473600, Note_on_c, 3, 54, 0
6, 473600, Note_on_c, 3, 52, 49
6, 474112, Note_on_c, 3, 52, 0
6, 474112, Note_on_c, 3, 50, 48
6, 474624, Note_on_c, 3, 50, 0
6, 474624, Note_on_c, 3, 49, 47
6, 475136, Note_on_c, 3, 49, 0
6, 475136, Note_on_c, 3, 47, 47
6, 476160, Note_on_c, 3, 47, 0
6, 476160, Note_on_c, 3, 59, 45
6, 476672, Note_on_c, 3, 59, 0
6, 476672, Note_on_c, 3, 61, 45
6, 477184, Note_on_c, 3, 61, 0
6, 477184, Note_on_c, 3, 62, 44
6, 477440, Note_on_c, 3, 62, 0
6, 477696, Note_on_c, 3, 57, 43
6, 478208, Note_on_c, 3, 57, 0
6, 478208, Note_on_c, 3, 59, 48
6, 478720, Note_on_c, 3, 59, 0
6, 478720, Note_on_c, 3, 61, 52
6, 479232, Note_on_c, 3, 61, 0
6, 479232, Note_on_c, 3, 62, 44
6, 480256, Note_on_c, 3, 62, 0
6, 487424, Note_on_c, 3, 62, 50
6, 489472, Note_on_c, 3, 62, 0
6, 489472, Note_on_c, 3, 64, 46
6, 490496, Note_on_c, 3, 64, 0
6, 490496, Note_on_c, 3, 66, 44
6, 491520, Note_on_c, 3, 66, 0
6, 491520, Note_on_c, 3, 66, 43
6, 493056, Note_on_c, 3, 66, 0
6, 493056, Note_on_c, 3, 64, 41
6, 493568, Note_on_c, 3, 64, 0
6, 493568, Note_on_c, 3, 64, 40
6, 495206, Note_on_c, 3, 64, 0
6, 503808, Note_on_c, 3, 62, 47
6, 505856, Note_on_c, 3, 62, 0
6, 505856, Note_on_c, 3, 64, 48
6, 506880, Note_on_c, 3, 64, 0
6, 506880, Note_on_c, 3, 66, 48
6, 507904, Note_on_c, 3, 66, 0
6, 507904, Note_on_c, 3, 64, 48
6, 509440, Note_on_c, 3, 64, 0
6, 509440, Note_on_c, 3, 62, 47
6, 509952, Note_on_c, 3, 62, 0
6, 509952, Note_on_c, 3, 62, 47
6, 511590, Note_on_c, 3, 62, 0
6, 520192, Note_on_c, 3, 64, 63
6, 521216, Note_on_c, 3, 64, 0
6, 521216, Note_on_c, 3, 66, 65
6, 521728, Note_on_c, 3, 66, 0
6, 521728, Note_on_c, 3, 67, 66
6, 522240, Note_on_c, 3, 67, 0
6, 522240, Note_on_c, 3, 66, 67
6, 523264, Note_on_c, 3, 66, 0
6, 523264, Note_on_c, 3, 64, 69
6, 524288, Note_on_c, 3, 64, 0
6, 524288, Note_on_c, 3, 62, 71
6, 525312, Note_on_c, 3, 62, 0
6, 525312, Note_on_c, 3, 64, 73
6, 526336, Note_on_c, 3, 64, 0
6, 526336, Note_on_c, 3, 57, 78
6, 527360, Note_on_c, 3, 57, 0
6, 527360, Note_on_c, 3, 66, 84
6, 528384, Note_on_c, 3, 66, 0
6, 536576, Note_on_c, 3, 62, 60
6, 538624, Note_on_c, 3, 62, 0
6, 538624, Note_on_c, 3, 64, 59
6, 539648, Note_on_c, 3, 64, 0
6, 539648, Note_on_c, 3, 66, 57
6, 540672, Note_on_c, 3, 66, 0
6, 540672, Note_on_c, 3, 64, 57
6, 542208, Note_on_c, 3, 64, 0
6, 542208, Note_on_c, 3, 62, 57
6, 542720, Note_on_c, 3, 62, 0
6, 542720, Note_on_c, 3, 62, 57
6, 544358, Note_on_c, 3, 62, 0
6, 552960, Note_on_c, 3, 64, 68
6, 553984, Note_on_c, 3, 64, 0
6, 553984, Note_on_c, 3, 66, 70
6, 554496, Note_on_c, 3, 66, 0
6, 554496, Note_on_c, 3, 67, 71
6, 555008, Note_on_c, 3, 67, 0
6, 555008, Note_on_c, 3, 66, 72
6, 556032, Note_on_c, 3, 66, 0
6, 556032, Note_on_c, 3, 64, 73
6, 557056, Note_on_c, 3, 64, 0
6, 557056, Note_on_c, 3, 62, 75
6, 558080, Note_on_c, 3, 62, 0
6, 558080, Note_on_c, 3, 64, 80
6, 559104, Note_on_c, 3, 64, 0
6, 559104, Note_on_c, 3, 57, 86
6, 560128, Note_on_c, 3, 57, 0
6, 560128, Note_on_c, 3, 66, 92
6, 561152, Note_on_c, 3, 66, 0
6, 569344, Note_on_c, 3, 62, 80
6, 571392, Note_on_c, 3, 62, 0
6, 571392, Note_on_c, 3, 64, 82
6, 572416, Note_on_c, 3, 64, 0
6, 572416, Note_on_c, 3, 66, 82
6, 573440, Note_on_c, 3, 66, 0
6, 573440, Note_on_c, 3, 64, 82
6, 574976, Note_on_c, 3, 64, 0
6, 574976, Note_on_c, 3, 62, 82
6, 575488, Note_on_c, 3, 62, 0
6, 575488, Note_on_c, 3, 62, 82
6, 577126, Note_on_c, 3, 62, 0
6, 577536, Note_on_c, 3, 50, 98
6, 577536, Note_on_c, 3, 54, 98
6, 579584, Note_on_c, 3, 50, 0
6, 579584, Note_on_c, 3, 54, 0
6, 579584, Note_on_c, 3, 52, 99
6, 579584, Note_on_c, 3, 55, 99
6, 580608, Note_on_c, 3, 52, 0
6, 580608, Note_on_c, 3, 55, 0
6, 580608, Note_on_c, 3, 54, 99
6, 580608, Note_on_c, 3, 57, 99
6, 581427, Note_on_c, 3, 54, 0
6, 581427, Note_on_c, 3, 57, 0
6, 581632, Note_on_c, 3, 54, 99
6, 581632, Note_on_c, 3, 57, 99
6, 582656, Note_on_c, 3, 54, 0
6, 582656, Note_on_c, 3, 57, 0
6, 582656, Note_on_c, 3, 52, 99
6, 582656, Note_on_c, 3, 55, 99
6, 583680, Note_on_c, 3, 52, 0
6, 583680, Note_on_c, 3, 55, 0
6, 583680, Note_on_c, 3, 50, 99
6, 583680, Note_on_c, 3, 54, 99
6, 584428, Note_on_c, 3, 50, 0
6, 584428, Note_on_c, 3, 54, 0
6, 584704, Note_on_c, 3, 45, 99
6, 584704, Note_on_c, 3, 52, 99
6, 585452, Note_on_c, 3, 45, 0
6, 585452, Note_on_c, 3, 52, 0
6, 585728, Note_on_c, 3, 50, 99
6, 585728, Note_on_c, 3, 54, 99
6, 586476, Note_on_c, 3, 50, 0
6, 586476, Note_on_c, 3, 54, 0
6, 586752, Note_on_c, 3, 50, 99
6, 586752, Note_on_c, 3, 54, 99
6, 587776, Note_on_c, 3, 50, 0
6, 587776, Note_on_c, 3, 54, 0
6, 587776, Note_on_c, 3, 49, 99
6, 587776, Note_on_c, 3, 52, 99
6, 588800, Note_on_c, 3, 49, 0
6, 588800, Note_on_c, 3, 52, 0
6, 588800, Note_on_c, 3, 50, 99
6, 588800, Note_on_c, 3, 54, 99
6, 589619, Note_on_c, 3, 50, 0
6, 589619, Note_on_c, 3, 54, 0
6, 589824, Note_on_c, 3, 50, 99
6, 589824, Note_on_c, 3, 54, 99
6, 591360, Note_on_c, 3, 50, 0
6, 591360, Note_on_c, 3, 54, 0
6, 591360, Note_on_c, 3, 45, 99
6, 591360, Note_on_c, 3, 52, 99
6, 591770, Note_on_c, 3, 45, 0
6, 591770, Note_on_c, 3, 52, 0
6, 591872, Note_on_c, 3, 45, 99
6, 591872, Note_on_c, 3, 52, 99
6, 593510, Note_on_c, 3, 45, 0
6, 593510, Note_on_c, 3, 52, 0
6, 593920, Note_on_c, 3, 50, 99
6, 593920, Note_on_c, 3, 54, 99
6, 595968, Note_on_c, 3, 50, 0
6, 595968, Note_on_c, 3, 54, 0
6, 595968, Note_on_c, 3, 52, 99
6, 595968, Note_on_c, 3, 55, 99
6, 596992, Note_on_c, 3, 52, 0
6, 596992, Note_on_c, 3, 55, 0
6, 596992, Note_on_c, 3, 54, 99
6, 596992, Note_on_c, 3, 57, 99
6, 597811, Note_on_c, 3, 54, 0
6, 597811, Note_on_c, 3, 57, 0
6, 598016, Note_on_c, 3, 54, 99
6, 598016, Note_on_c, 3, 57, 99
6, 599040, Note_on_c, 3, 54, 0
6, 599040, Note_on_c, 3, 57, 0
6, 599040, Note_on_c, 3, 52, 99
6, 599040, Note_on_c, 3, 55, 99
6, 600064, Note_on_c, 3, 52, 0
6, 600064, Note_on_c, 3, 55, 0
6, 600064, Note_on_c, 3, 50, 99
6, 600064, Note_on_c, 3, 54, 99
6, 600812, Note_on_c, 3, 50, 0
6, 600812, Note_on_c, 3, 54, 0
6, 601088, Note_on_c, 3, 45, 99
6, 601088, Note_on_c, 3, 52, 99
6, 601836, Note_on_c, 3, 45, 0
6, 601836, Note_on_c, 3, 52, 0
6, 602112, Note_on_c, 3, 50, 99
6, 602112, Note_on_c, 3, 54, 99
6, 602860, Note_on_c, 3, 50, 0
6, 602860, Note_on_c, 3, 54, 0
6, 603136, Note_on_c, 3, 50, 99
6, 603136, Note_on_c, 3, 54, 99
6, 603884, Note_on_c, 3, 50, 0
6, 603884, Note_on_c, 3, 54, 0
6, 604160, Note_on_c, 3, 49, 99
6, 604160, Note_on_c, 3, 52, 99
6, 604908, Note_on_c, 3, 49, 0
6, 604908, Note_on_c, 3, 52, 0
6, 605184, Note_on_c, 3, 50, 99
6, 605184, Note_on_c, 3, 54, 99
6, 605932, Note_on_c, 3, 50, 0
6, 605932, Note_on_c, 3, 54, 0
6, 606208, Note_on_c, 3, 49, 99
6, 606208, Note_on_c, 3, 52, 99
6, 607744, Note_on_c, 3, 49, 0
6, 607744, Note_on_c, 3, 52, 0
6, 607744, Note_on_c, 3, 50, 99
6, 607744, Note_on_c, 3, 54, 99
6, 608154, Note_on_c, 3, 50, 0
6, 608154, Note_on_c, 3, 54, 0
6, 608256, Note_on_c, 3, 50, 99
6, 608256, Note_on_c, 3, 54, 99
6, 609894, Note_on_c, 3, 50, 0
6, 609894, Note_on_c, 3, 54, 0
6, 610304, Note_on_c, 3, 49, 98
6, 610304, Note_on_c, 3, 52, 98
6, 612352, Note_on_c, 3, 49, 0
6, 612352, Note_on_c, 3, 52, 0
6, 612352, Note_on_c, 3, 50, 98
6, 612352, Note_on_c, 3, 54, 98
6, 613376, Note_on_c, 3, 50, 0
6, 613376, Note_on_c, 3, 54, 0
6, 613376, Note_on_c, 3, 50, 98
6, 614195, Note_on_c, 3, 50, 0
6, 614400, Note_on_c, 3, 49, 98
6, 614400, Note_on_c, 3, 52, 98
6, 615424, Note_on_c, 3, 49, 0
6, 615424, Note_on_c, 3, 52, 0
6, 615424, Note_on_c, 3, 50, 98
6, 615424, Note_on_c, 3, 54, 98
6, 615936, Note_on_c, 3, 50, 0
6, 615936, Note_on_c, 3, 54, 0
6, 615936, Note_on_c, 3, 52, 98
6, 615936, Note_on_c, 3, 55, 98
6, 616448, Note_on_c, 3, 52, 0
6, 616448, Note_on_c, 3, 55, 0
6, 616448, Note_on_c, 3, 50, 97
6, 616448, Note_on_c, 3, 54, 97
6, 617196, Note_on_c, 3, 50, 0
6, 617196, Note_on_c, 3, 54, 0
6, 617472, Note_on_c, 3, 50, 97
6, 618220, Note_on_c, 3, 50, 0
6, 618496, Note_on_c, 3, 49, 97
6, 618496, Note_on_c, 3, 52, 97
6, 619520, Note_on_c, 3, 49, 0
6, 619520, Note_on_c, 3, 52, 0
6, 619520, Note_on_c, 3, 50, 97
6, 619520, Note_on_c, 3, 54, 97
6, 620032, Note_on_c, 3, 50, 0
6, 620032, Note_on_c, 3, 54, 0
6, 620032, Note_on_c, 3, 52, 97
6, 620032, Note_on_c, 3, 55, 97
6, 620544, Note_on_c, 3, 52, 0
6, 620544, Note_on_c, 3, 55, 0
6, 620544, Note_on_c, 3, 61, 97
6, 620544, Note_on_c, 3, 66, 97
6, 621568, Note_on_c, 3, 61, 0
6, 621568, Note_on_c, 3, 66, 0
6, 621568, Note_on_c, 3, 61, 100
6, 621568, Note_on_c, 3, 64, 100
6, 622316, Note_on_c, 3, 61, 0
6, 622316, Note_on_c, 3, 64, 0
6, 622592, Note_on_c, 3, 59, 101
6, 622592, Note_on_c, 3, 62, 101
6, 623104, Note_on_c, 3, 59, 0
6, 623104, Note_on_c, 3, 62, 0
6, 623616, Note_on_c, 3, 56, 103
6, 623616, Note_on_c, 3, 64, 103
6, 624128, Note_on_c, 3, 56, 0
6, 624128, Note_on_c, 3, 64, 0
6, 624640, Note_on_c, 3, 57, 104
6, 625152, Note_on_c, 3, 57, 0
6, 625664, Note_on_c, 3, 62, 101
6, 625664, Note_on_c, 3, 66, 101
6, 627507, Note_on_c, 3, 62, 0
6, 627507, Note_on_c, 3, 66, 0
6, 627712, Note_on_c, 3, 50, 101
6, 627712, Note_on_c, 3, 54, 101
6, 628460, Note_on_c, 3, 50, 0
6, 628460, Note_on_c, 3, 54, 0
6, 628736, Note_on_c, 3, 52, 101
6, 628736, Note_on_c, 3, 55, 101
6, 629484, Note_on_c, 3, 52, 0
6, 629484, Note_on_c, 3, 55, 0
6, 629760, Note_on_c, 3, 54, 101
6, 629760, Note_on_c, 3, 57, 101
6, 630508, Note_on_c, 3, 54, 0
6, 630508, Note_on_c, 3, 57, 0
6, 630784, Note_on_c, 3, 54, 101
6, 630784, Note_on_c, 3, 57, 101
6, 631808, Note_on_c, 3, 54, 0
6, 631808, Note_on_c, 3, 57, 0
6, 631808, Note_on_c, 3, 52, 101
6, 631808, Note_on_c, 3, 55, 101
6, 632832, Note_on_c, 3, 52, 0
6, 632832, Note_on_c, 3, 55, 0
6, 632832, Note_on_c, 3, 50, 101
6, 632832, Note_on_c, 3, 54, 101
6, 633580, Note_on_c, 3, 50, 0
6, 633580, Note_on_c, 3, 54, 0
6, 633856, Note_on_c, 3, 49, 101
6, 633856, Note_on_c, 3, 52, 101
6, 634604, Note_on_c, 3, 49, 0
6, 634604, Note_on_c, 3, 52, 0
6, 634880, Note_on_c, 3, 50, 101
6, 634880, Note_on_c, 3, 54, 101
6, 635628, Note_on_c, 3, 50, 0
6, 635628, Note_on_c, 3, 54, 0
6, 635904, Note_on_c, 3, 50, 101
6, 635904, Note_on_c, 3, 54, 101
6, 636652, Note_on_c, 3, 50, 0
6, 636652, Note_on_c, 3, 54, 0
6, 636928, Note_on_c, 3, 49, 101
6, 636928, Note_on_c, 3, 52, 101
6, 637676, Note_on_c, 3, 49, 0
6, 637676, Note_on_c, 3, 52, 0
6, 637952, Note_on_c, 3, 50, 101
6, 637952, Note_on_c, 3, 54, 101
6, 638700, Note_on_c, 3, 50, 0
6, 638700, Note_on_c, 3, 54, 0
6, 638976, Note_on_c, 3, 49, 101
6, 638976, Note_on_c, 3, 52, 101
6, 640512, Note_on_c, 3, 49, 0
6, 640512, Note_on_c, 3, 52, 0
6, 640512, Note_on_c, 3, 50, 101
6, 640512, Note_on_c, 3, 54, 101
6, 640768, Note_on_c, 3, 50, 0
6, 640768, Note_on_c, 3, 54, 0
6, 641024, Note_on_c, 3, 50, 101
6, 641024, Note_on_c, 3, 54, 101
6, 641280, Note_on_c, 3, 50, 0
6, 641280, Note_on_c, 3, 54, 0
6, 641536, Note_on_c, 3, 54, 101
6, 641536, Note_on_c, 3, 57, 101
6, 642048, Note_on_c, 3, 54, 0
6, 642048, Note_on_c, 3, 57, 0
6, 642048, Note_on_c, 3, 52, 101
6, 642048, Note_on_c, 3, 55, 101
6, 642560, Note_on_c, 3, 52, 0
6, 642560, Note_on_c, 3, 55, 0
6, 642560, Note_on_c, 3, 50, 101
6, 642560, Note_on_c, 3, 54, 101
6, 643072, Note_on_c, 3, 50, 0
6, 643072, Note_on_c, 3, 54, 0
6, 643072, Note_on_c, 3, 49, 98
6, 643072, Note_on_c, 3, 52, 98
6, 645120, Note_on_c, 3, 49, 0
6, 645120, Note_on_c, 3, 52, 0
6, 645120, Note_on_c, 3, 50, 98
6, 645120, Note_on_c, 3, 54, 98
6, 646144, Note_on_c, 3, 50, 0
6, 646144, Note_on_c, 3, 54, 0
6, 646144, Note_on_c, 3, 50, 98
6, 646144, Note_on_c, 3, 54, 98
6, 646963, Note_on_c, 3, 50, 0
6, 646963, Note_on_c, 3, 54, 0
6, 647168, Note_on_c, 3, 49, 99
6, 647168, Note_on_c, 3, 52, 99
6, 648192, Note_on_c, 3, 49, 0
6, 648192, Note_on_c, 3, 52, 0
6, 648192, Note_on_c, 3, 50, 99
6, 648192, Note_on_c, 3, 54, 99
6, 648704, Note_on_c, 3, 50, 0
6, 648704, Note_on_c, 3, 54, 0
6, 648704, Note_on_c, 3, 52, 99
6, 648704, Note_on_c, 3, 55, 99
6, 649216, Note_on_c, 3, 52, 0
6, 649216, Note_on_c, 3, 55, 0
6, 649216, Note_on_c, 3, 50, 99
6, 649216, Note_on_c, 3, 54, 99
6, 649728, Note_on_c, 3, 50, 0
6, 649728, Note_on_c, 3, 54, 0
6, 650240, Note_on_c, 3, 50, 100
6, 650240, Note_on_c, 3, 54, 100
6, 650752, Note_on_c, 3, 50, 0
6, 650752, Note_on_c, 3, 54, 0
6, 651264, Note_on_c, 3, 49, 100
6, 651264, Note_on_c, 3, 52, 100
6, 652288, Note_on_c, 3, 49, 0
6, 652288, Note_on_c, 3, 52, 0
6, 652288, Note_on_c, 3, 50, 100
6, 652288, Note_on_c, 3, 54, 100
6, 652800, Note_on_c, 3, 50, 0
6, 652800, Note_on_c, 3, 54, 0
6, 652800, Note_on_c, 3, 52, 100
6, 652800, Note_on_c, 3, 55, 100
6, 653312, Note_on_c, 3, 52, 0
6, 653312, Note_on_c, 3, 55, 0
6, 653312, Note_on_c, 3, 61, 100
6, 653312, Note_on_c, 3, 66, 100
6, 654336, Note_on_c, 3, 61, 0
6, 654336, Note_on_c, 3, 66, 0
6, 654336, Note_on_c, 3, 61, 100
6, 654336, Note_on_c, 3, 64, 100
6, 655155, Note_on_c, 3, 61, 0
6, 655155, Note_on_c, 3, 64, 0
6, 655360, Note_on_c, 3, 59, 101
6, 655360, Note_on_c, 3, 62, 101
6, 655872, Note_on_c, 3, 59, 0
6, 655872, Note_on_c, 3, 62, 0
6, 656384, Note_on_c, 3, 56, 102
6, 656384, Note_on_c, 3, 64, 102
6, 656896, Note_on_c, 3, 56, 0
6, 656896, Note_on_c, 3, 64, 0
6, 657408, Note_on_c, 3, 57, 103
6, 657920, Note_on_c, 3, 57, 0
6, 658432, Note_on_c, 3, 62, 101
6, 658432, Note_on_c, 3, 66, 101
6, 660275, Note_on_c, 3, 62, 0
6, 660275, Note_on_c, 3, 66, 0
6, 660480, Note_on_c, 3, 50, 101
6, 660480, Note_on_c, 3, 54, 101
6, 661228, Note_on_c, 3, 50, 0
6, 661228, Note_on_c, 3, 54, 0
6, 661504, Note_on_c, 3, 52, 101
6, 661504, Note_on_c, 3, 55, 101
6, 662252, Note_on_c, 3, 52, 0
6, 662252, Note_on_c, 3, 55, 0
6, 662528, Note_on_c, 3, 54, 101
6, 662528, Note_on_c, 3, 57, 101
6, 663276, Note_on_c, 3, 54, 0
6, 663276, Note_on_c, 3, 57, 0
6, 663552, Note_on_c, 3, 54, 100
6, 663552, Note_on_c, 3, 57, 100
6, 664576, Note_on_c, 3, 54, 0
6, 664576, Note_on_c, 3, 57, 0
6, 664576, Note_on_c, 3, 52, 100
6, 664576, Note_on_c, 3, 55, 100
6, 665600, Note_on_c, 3, 52, 0
6, 665600, Note_on_c, 3, 55, 0
6, 665600, Note_on_c, 3, 50, 100
6, 665600, Note_on_c, 3, 54, 100
6, 666348, Note_on_c, 3, 50, 0
6, 666348, Note_on_c, 3, 54, 0
6, 666624, Note_on_c, 3, 49, 100
6, 666624, Note_on_c, 3, 52, 100
6, 667372, Note_on_c, 3, 49, 0
6, 667372, Note_on_c, 3, 52, 0
6, 667648, Note_on_c, 3, 50, 99
6, 667648, Note_on_c, 3, 54, 99
6, 668396, Note_on_c, 3, 50, 0
6, 668396, Note_on_c, 3, 54, 0
6, 668672, Note_on_c, 3, 50, 99
6, 668672, Note_on_c, 3, 54, 99
6, 669420, Note_on_c, 3, 50, 0
6, 669420, Note_on_c, 3, 54, 0
6, 669696, Note_on_c, 3, 49, 99
6, 669696, Note_on_c, 3, 52, 99
6, 670444, Note_on_c, 3, 49, 0
6, 670444, Note_on_c, 3, 52, 0
6, 670720, Note_on_c, 3, 50, 99
6, 670720, Note_on_c, 3, 54, 99
6, 671468, Note_on_c, 3, 50, 0
6, 671468, Note_on_c, 3, 54, 0
6, 671744, Note_on_c, 3, 49, 99
6, 671744, Note_on_c, 3, 52, 99
6, 673280, Note_on_c, 3, 49, 0
6, 673280, Note_on_c, 3, 52, 0
6, 673280, Note_on_c, 3, 50, 88
6, 673280, Note_on_c, 3, 54, 88
6, 673654, Note_on_c, 3, 50, 0
6, 673654, Note_on_c, 3, 54, 0
6, 673792, Note_on_c, 3, 50, 83
6, 673792, Note_on_c, 3, 54, 83
6, 674540, Note_on_c, 3, 50, 0
6, 674540, Note_on_c, 3, 54, 0
6, 674816, Note_on_c, 3, 54, 83
6, 674816, Note_on_c, 3, 57, 83
6, 675840, Note_on_c, 3, 54, 0
6, 675840, Note_on_c, 3, 57, 0
6, 675840, Note_on_c, 3, 52, 83
6, 675840, Note_on_c, 3, 55, 83
6, 677376, Note_on_c, 3, 52, 0
6, 677376, Note_on_c, 3, 55, 0
6, 677376, Note_on_c, 3, 50, 83
6, 677376, Note_on_c, 3, 54, 83
6, 677632, Note_on_c, 3, 50, 0
6, 677632, Note_on_c, 3, 54, 0
6, 677888, Note_on_c, 3, 50, 83
6, 677888, Note_on_c, 3, 54, 83
6, 678400, Note_on_c, 3, 50, 0
6, 678400, Note_on_c, 3, 54, 0
6, 678912, Note_on_c, 3, 59, 83
6, 678912, Note_on_c, 3, 62, 83
6, 679936, Note_on_c, 3, 59, 0
6, 679936, Note_on_c, 3, 62, 0
6, 679936, Note_on_c, 3, 57, 83
6, 679936, Note_on_c, 3, 60, 83
6, 681472, Note_on_c, 3, 57, 0
6, 681472, Note_on_c, 3, 60, 0
6, 681472, Note_on_c, 3, 55, 83
6, 681472, Note_on_c, 3, 59, 83
6, 681728, Note_on_c, 3, 55, 0
6, 681728, Note_on_c, 3, 59, 0
6, 681984, Note_on_c, 3, 55, 83
6, 681984, Note_on_c, 3, 59, 83
6, 682496, Note_on_c, 3, 55, 0
6, 682496, Note_on_c, 3, 59, 0
6, 683008, Note_on_c, 3, 59, 83
6, 683008, Note_on_c, 3, 67, 83
6, 684032, Note_on_c, 3, 59, 0
6, 684032, Note_on_c, 3, 67, 0
6, 684032, Note_on_c, 3, 66, 83
6, 684032, Note_on_c, 3, 59, 83
6, 685568, Note_on_c, 3, 66, 0
6, 685568, Note_on_c, 3, 64, 83
6, 685824, Note_on_c, 3, 64, 0
6, 686080, Note_on_c, 3, 64, 83
6, 686080, Note_on_c, 3, 59, 0
6, 686080, Note_on_c, 3, 61, 83
6, 686592, Note_on_c, 3, 64, 0
6, 686592, Note_on_c, 3, 61, 0
6, 687104, Note_on_c, 3, 55, 83
6, 687104, Note_on_c, 3, 64, 83
6, 687616, Note_on_c, 3, 55, 0
6, 687616, Note_on_c, 3, 64, 0
6, 687616, Note_on_c, 3, 57, 83
6, 687616, Note_on_c, 3, 66, 83
6, 688128, Note_on_c, 3, 57, 0
6, 688128, Note_on_c, 3, 66, 0
6, 688128, Note_on_c, 3, 64, 83
6, 688128, Note_on_c, 3, 55, 83
6, 689664, Note_on_c, 3, 64, 0
6, 689664, Note_on_c, 3, 62, 83
6, 689664, Note_on_c, 3, 55, 0
6, 689664, Note_on_c, 3, 54, 83
6, 690074, Note_on_c, 3, 62, 0
6, 690074, Note_on_c, 3, 54, 0
6, 690176, Note_on_c, 3, 62, 83
6, 690176, Note_on_c, 3, 54, 83
6, 690688, Note_on_c, 3, 62, 0
6, 690688, Note_on_c, 3, 57, 83
6, 690688, Note_on_c, 3, 54, 0
6, 690688, Note_on_c, 3, 57, 83
6, 691200, Note_on_c, 3, 57, 0
6, 691200, Note_on_c, 3, 69, 83
6, 691712, Note_on_c, 3, 69, 0
6, 691712, Note_on_c, 3, 66, 83
6, 691712, Note_on_c, 3, 57, 0
6, 691712, Note_on_c, 3, 62, 83
6, 692224, Note_on_c, 3, 66, 0
6, 692224, Note_on_c, 3, 62, 0
6, 692224, Note_on_c, 3, 66, 83
6, 692224, Note_on_c, 3, 59, 83
6, 693760, Note_on_c, 3, 66, 0
6, 693760, Note_on_c, 3, 64, 83
6, 694016, Note_on_c, 3, 64, 0
6, 694272, Note_on_c, 3, 64, 83
6, 694272, Note_on_c, 3, 59, 0
6, 694272, Note_on_c, 3, 61, 83
6, 694784, Note_on_c, 3, 64, 0
6, 695296, Note_on_c, 3, 64, 83
6, 696320, Note_on_c, 3, 64, 0
6, 696320, Note_on_c, 3, 67, 83
6, 697856, Note_on_c, 3, 67, 0
6, 697856, Note_on_c, 3, 66, 83
6, 698112, Note_on_c, 3, 66, 0
6, 698368, Note_on_c, 3, 66, 83
6, 698368, Note_on_c, 3, 61, 0
6, 698368, Note_on_c, 3, 62, 83
6, 698880, Note_on_c, 3, 66, 0
6, 699392, Note_on_c, 3, 66, 83
6, 700416, Note_on_c, 3, 66, 0
6, 700416, Note_on_c, 3, 62, 0
6, 700416, Note_on_c, 3, 57, 82
6, 700416, Note_on_c, 3, 54, 82
6, 701952, Note_on_c, 3, 57, 0
6, 701952, Note_on_c, 3, 56, 84
6, 702362, Note_on_c, 3, 56, 0
6, 702464, Note_on_c, 3, 56, 85
6, 702464, Note_on_c, 3, 54, 0
6, 702464, Note_on_c, 3, 53, 85
6, 703283, Note_on_c, 3, 56, 0
6, 703488, Note_on_c, 3, 56, 87
6, 704512, Note_on_c, 3, 56, 0
6, 704512, Note_on_c, 3, 53, 0
6, 704512, Note_on_c, 3, 59, 88
6, 704512, Note_on_c, 3, 56, 88
6, 706048, Note_on_c, 3, 59, 0
6, 706048, Note_on_c, 3, 58, 91
6, 706458, Note_on_c, 3, 58, 0
6, 706560, Note_on_c, 3, 61, 92
6, 706560, Note_on_c, 3, 56, 0
6, 706560, Note_on_c, 3, 54, 92
6, 708096, Note_on_c, 3, 61, 0
6, 708096, Note_on_c, 3, 59, 94
6, 708506, Note_on_c, 3, 59, 0
6, 708608, Note_on_c, 3, 54, 0
6, 708608, Note_on_c, 3, 62, 95
6, 708608, Note_on_c, 3, 56, 95
6, 710144, Note_on_c, 3, 62, 0
6, 710144, Note_on_c, 3, 61, 98
6, 710554, Note_on_c, 3, 61, 0
6, 710656, Note_on_c, 3, 64, 99
6, 710656, Note_on_c, 3, 56, 0
6, 710656, Note_on_c, 3, 57, 99
6, 712192, Note_on_c, 3, 64, 0
6, 712192, Note_on_c, 3, 62, 101
6, 712602, Note_on_c, 3, 62, 0
6, 712704, Note_on_c, 3, 57, 0
6, 712704, Note_on_c, 3, 66, 102
6, 712704, Note_on_c, 3, 59, 102
6, 714240, Note_on_c, 3, 66, 0
6, 714240, Note_on_c, 3, 64, 103
6, 714650, Note_on_c, 3, 64, 0
6, 714752, Note_on_c, 3, 64, 103
6, 714752, Note_on_c, 3, 59, 0
6, 714752, Note_on_c, 3, 59, 103
6, 716288, Note_on_c, 3, 64, 0
6, 716288, Note_on_c, 3, 62, 103
6, 716698, Note_on_c, 3, 62, 0
6, 716800, Note_on_c, 3, 59, 0
6, 716800, Note_on_c, 3, 66, 103
6, 716800, Note_on_c, 3, 59, 103
6, 718336, Note_on_c, 3, 66, 0
6, 718336, Note_on_c, 3, 64, 103
6, 718848, Note_on_c, 3, 59, 0
6, 718848, Note_on_c, 3, 59, 103
6, 719360, Note_on_c, 3, 64, 0
6, 719360, Note_on_c, 3, 62, 103
6, 719360, Note_on_c, 3, 59, 0
6, 719872, Note_on_c, 3, 62, 0
6, 719872, Note_on_c, 3, 59, 103
6, 720384, Note_on_c, 3, 59, 0
6, 720384, Note_on_c, 3, 64, 103
6, 721920, Note_on_c, 3, 64, 0
6, 721920, Note_on_c, 3, 61, 103
6, 722944, Note_on_c, 3, 61, 0
6, 722944, Note_on_c, 3, 57, 103
6, 723968, Note_on_c, 3, 57, 0
6, 723968, Note_on_c, 3, 66, 103
6, 724992, Note_on_c, 3, 66, 0
6, 724992, Note_on_c, 3, 64, 103
6, 725811, Note_on_c, 3, 64, 0
6, 726016, Note_on_c, 3, 57, 103
6, 727654, Note_on_c, 3, 57, 0
6, 728064, Note_on_c, 3, 56, 109
6, 728883, Note_on_c, 3, 56, 0
6, 729088, Note_on_c, 3, 57, 113
6, 729344, Note_on_c, 3, 57, 0
6, 729600, Note_on_c, 3, 57, 114
6, 729856, Note_on_c, 3, 57, 0
6, 729856, Note_on_c, 3, 59, 114
6, 730112, Note_on_c, 3, 59, 0
6, 730112, Note_on_c, 3, 61, 114
6, 730368, Note_on_c, 3, 61, 0
6, 730624, Note_on_c, 3, 61, 114
6, 730880, Note_on_c, 3, 61, 0
6, 730880, Note_on_c, 3, 62, 114
6, 731136, Note_on_c, 3, 62, 0
6, 731136, Note_on_c, 3, 64, 114
6, 731392, Note_on_c, 3, 64, 0
6, 731648, Note_on_c, 3, 64, 114
6, 731904, Note_on_c, 3, 64, 0
6, 731904, Note_on_c, 3, 66, 114
6, 732160, Note_on_c, 3, 66, 0
6, 732160, Note_on_c, 3, 68, 114
6, 732416, Note_on_c, 3, 68, 0
6, 732672, Note_on_c, 3, 52, 114
6, 732843, Note_on_c, 3, 52, 0
6, 732843, Note_on_c, 3, 54, 114
6, 733013, Note_on_c, 3, 54, 0
6, 733013, Note_on_c, 3, 56, 114
6, 733184, Note_on_c, 3, 56, 0
6, 733184, Note_on_c, 3, 57, 114
6, 734822, Note_on_c, 3, 57, 0
6, 735232, Note_on_c, 3, 52, 114
6, 735744, Note_on_c, 3, 52, 0
6, 736256, Note_on_c, 3, 52, 114
6, 736768, Note_on_c, 3, 52, 0
6, 749056, Note_on_c, 3, 44, 30
6, 749056, Note_on_c, 3, 56, 30
6, 749312, Note_on_c, 3, 44, 0
6, 749312, Note_on_c, 3, 56, 0
6, 749568, Note_on_c, 3, 56, 98
6, 749568, Note_on_c, 3, 64, 98
6, 750080, Note_on_c, 3, 56, 0
6, 750080, Note_on_c, 3, 57, 102
6, 750592, Note_on_c, 3, 57, 0
6, 750592, Note_on_c, 3, 64, 0
6, 750592, Note_on_c, 3, 61, 105
6, 750848, Note_on_c, 3, 61, 0
6, 751104, Note_on_c, 3, 57, 105
6, 751360, Note_on_c, 3, 57, 0
6, 751616, Note_on_c, 3, 57, 105
6, 751616, Note_on_c, 3, 59, 105
6, 751872, Note_on_c, 3, 57, 0
6, 751872, Note_on_c, 3, 59, 0
6, 752128, Note_on_c, 3, 57, 105
6, 752128, Note_on_c, 3, 61, 105
6, 753152, Note_on_c, 3, 57, 0
6, 753152, Note_on_c, 3, 61, 0
6, 753152, Note_on_c, 3, 56, 105
6, 753152, Note_on_c, 3, 59, 105
6, 753664, Note_on_c, 3, 56, 0
6, 753664, Note_on_c, 3, 59, 0
6, 755200, Note_on_c, 3, 59, 105
6, 755200, Note_on_c, 3, 62, 105
6, 755712, Note_on_c, 3, 59, 0
6, 755712, Note_on_c, 3, 62, 0
6, 757248, Note_on_c, 3, 57, 116
6, 757248, Note_on_c, 3, 61, 116
6, 757760, Note_on_c, 3, 57, 0
6, 757760, Note_on_c, 3, 61, 0
6, 760320, Note_on_c, 3, 41, 116
6, 760320, Note_on_c, 3, 58, 116
6, 762573, Note_on_c, 3, 41, 0
6, 762573, Note_on_c, 3, 58, 0
6, 762880, Note_on_c, 3, 45, 108
6, 762880, Note_on_c, 3, 57, 108
6, 763136, Note_on_c, 3, 45, 0
6, 763136, Note_on_c, 3, 57, 0
6, 763392, Note_on_c, 3, 45, 106
6, 763392, Note_on_c, 3, 57, 106
6, 763648, Note_on_c, 3, 45, 0
6, 763648, Note_on_c, 3, 57, 0
6, 763904, Note_on_c, 3, 50, 104
6, 763904, Note_on_c, 3, 62, 104
6, 764160, Note_on_c, 3, 50, 0
6, 764160, Note_on_c, 3, 62, 0
6, 764416, Note_on_c, 3, 50, 102
6, 764416, Note_on_c, 3, 62, 102
6, 764672, Note_on_c, 3, 50, 0
6, 764672, Note_on_c, 3, 62, 0
6, 764928, Note_on_c, 3, 53, 101
6, 764928, Note_on_c, 3, 65, 101
6, 765184, Note_on_c, 3, 53, 0
6, 765184, Note_on_c, 3, 65, 0
6, 765440, Note_on_c, 3, 53, 102
6, 765440, Note_on_c, 3, 65, 102
6, 765696, Note_on_c, 3, 53, 0
6, 765696, Note_on_c, 3, 65, 0
6, 765952, Note_on_c, 3, 57, 102
6, 765952, Note_on_c, 3, 69, 102
6, 766208, Note_on_c, 3, 57, 0
6, 766208, Note_on_c, 3, 69, 0
6, 766464, Note_on_c, 3, 57, 103
6, 766464, Note_on_c, 3, 69, 103
6, 766720, Note_on_c, 3, 57, 0
6, 766720, Note_on_c, 3, 69, 0
6, 766976, Note_on_c, 3, 50, 103
6, 766976, Note_on_c, 3, 62, 103
6, 767232, Note_on_c, 3, 50, 0
6, 767232, Note_on_c, 3, 62, 0
6, 767488, Note_on_c, 3, 50, 104
6, 767488, Note_on_c, 3, 62, 104
6, 767744, Note_on_c, 3, 50, 0
6, 767744, Note_on_c, 3, 62, 0
6, 768000, Note_on_c, 3, 53, 104
6, 768000, Note_on_c, 3, 65, 104
6, 768256, Note_on_c, 3, 53, 0
6, 768256, Note_on_c, 3, 65, 0
6, 768512, Note_on_c, 3, 53, 105
6, 768512, Note_on_c, 3, 65, 105
6, 768768, Note_on_c, 3, 53, 0
6, 768768, Note_on_c, 3, 65, 0
6, 769024, Note_on_c, 3, 45, 106
6, 769024, Note_on_c, 3, 57, 106
6, 769280, Note_on_c, 3, 45, 0
6, 769280, Note_on_c, 3, 57, 0
6, 769536, Note_on_c, 3, 45, 106
6, 769536, Note_on_c, 3, 57, 106
6, 769792, Note_on_c, 3, 45, 0
6, 769792, Note_on_c, 3, 57, 0
6, 770048, Note_on_c, 3, 50, 107
6, 770048, Note_on_c, 3, 62, 107
6, 770304, Note_on_c, 3, 50, 0
6, 770304, Note_on_c, 3, 62, 0
6, 770560, Note_on_c, 3, 50, 107
6, 770560, Note_on_c, 3, 62, 107
6, 770816, Note_on_c, 3, 50, 0
6, 770816, Note_on_c, 3, 62, 0
6, 771072, Note_on_c, 3, 41, 108
6, 771072, Note_on_c, 3, 53, 108
6, 771328, Note_on_c, 3, 41, 0
6, 771328, Note_on_c, 3, 53, 0
6, 771584, Note_on_c, 3, 41, 109
6, 771584, Note_on_c, 3, 53, 109
6, 771840, Note_on_c, 3, 41, 0
6, 771840, Note_on_c, 3, 53, 0
6, 772096, Note_on_c, 3, 45, 109
6, 772096, Note_on_c, 3, 57, 109
6, 772352, Note_on_c, 3, 45, 0
6, 772352, Note_on_c, 3, 57, 0
6, 772608, Note_on_c, 3, 45, 110
6, 772608, Note_on_c, 3, 57, 110
6, 772864, Note_on_c, 3, 45, 0
6, 772864, Note_on_c, 3, 57, 0
6, 773120, Note_on_c, 3, 38, 110
6, 773120, Note_on_c, 3, 50, 110
6, 773376, Note_on_c, 3, 38, 0
6, 773376, Note_on_c, 3, 50, 0
6, 773632, Note_on_c, 3, 38, 111
6, 773632, Note_on_c, 3, 50, 111
6, 773888, Note_on_c, 3, 38, 0
6, 773888, Note_on_c, 3, 50, 0
6, 774144, Note_on_c, 3, 50, 112
6, 774144, Note_on_c, 3, 53, 112
6, 774400, Note_on_c, 3, 50, 0
6, 774400, Note_on_c, 3, 53, 0
6, 774656, Note_on_c, 3, 50, 112
6, 774656, Note_on_c, 3, 53, 112
6, 774912, Note_on_c, 3, 50, 0
6, 774912, Note_on_c, 3, 53, 0
6, 775168, Note_on_c, 3, 48, 113
6, 775168, Note_on_c, 3, 54, 113
6, 775424, Note_on_c, 3, 48, 0
6, 775424, Note_on_c, 3, 54, 0
6, 775680, Note_on_c, 3, 48, 113
6, 775680, Note_on_c, 3, 54, 113
6, 775936, Note_on_c, 3, 48, 0
6, 775936, Note_on_c, 3, 54, 0
6, 776192, Note_on_c, 3, 47, 114
6, 776192, Note_on_c, 3, 55, 114
6, 776448, Note_on_c, 3, 47, 0
6, 776448, Note_on_c, 3, 55, 0
6, 776704, Note_on_c, 3, 47, 115
6, 776704, Note_on_c, 3, 59, 115
6, 776960, Note_on_c, 3, 47, 0
6, 776960, Note_on_c, 3, 59, 0
6, 777216, Note_on_c, 3, 46, 115
6, 777216, Note_on_c, 3, 58, 115
6, 777472, Note_on_c, 3, 46, 0
6, 777472, Note_on_c, 3, 58, 0
6, 777728, Note_on_c, 3, 46, 116
6, 777728, Note_on_c, 3, 58, 116
6, 777984, Note_on_c, 3, 46, 0
6, 777984, Note_on_c, 3, 58, 0
6, 778240, Note_on_c, 3, 34, 116
6, 778240, Note_on_c, 3, 62, 116
6, 778496, Note_on_c, 3, 34, 0
6, 778496, Note_on_c, 3, 62, 0
6, 778752, Note_on_c, 3, 34, 117
6, 778752, Note_on_c, 3, 62, 117
6, 779008, Note_on_c, 3, 34, 0
6, 779008, Note_on_c, 3, 62, 0
6, 779264, Note_on_c, 3, 34, 117
6, 779264, Note_on_c, 3, 65, 117
6, 779520, Note_on_c, 3, 34, 0
6, 779520, Note_on_c, 3, 65, 0
6, 779776, Note_on_c, 3, 46, 118
6, 779776, Note_on_c, 3, 53, 118
6, 780288, Note_on_c, 3, 46, 0
6, 780288, Note_on_c, 3, 53, 0
6, 780800, Note_on_c, 3, 45, 120
6, 780800, Note_on_c, 3, 57, 120
6, 781312, Note_on_c, 3, 45, 0
6, 781312, Note_on_c, 3, 57, 0
6, 825856, Note_on_c, 3, 61, 100
6, 825856, Note_on_c, 3, 64, 100
6, 826368, Note_on_c, 3, 61, 0
6, 826368, Note_on_c, 3, 64, 0
6, 826880, Note_on_c, 3, 42, 102
6, 826880, Note_on_c, 3, 54, 102
6, 827136, Note_on_c, 3, 42, 0
6, 827136, Note_on_c, 3, 54, 0
6, 827392, Note_on_c, 3, 42, 102
6, 827392, Note_on_c, 3, 54, 102
6, 827648, Note_on_c, 3, 42, 0
6, 827648, Note_on_c, 3, 54, 0
6, 827904, Note_on_c, 3, 54, 103
6, 827904, Note_on_c, 3, 66, 103
6, 828416, Note_on_c, 3, 54, 0
6, 828416, Note_on_c, 3, 66, 0
6, 840192, Note_on_c, 3, 55, 53
6, 840602, Note_on_c, 3, 55, 0
6, 841216, Note_on_c, 3, 67, 88
6, 841626, Note_on_c, 3, 67, 0
6, 847360, Note_on_c, 3, 52, 106
6, 847360, Note_on_c, 3, 61, 106
6, 847872, Note_on_c, 3, 52, 0
6, 847872, Note_on_c, 3, 61, 0
6, 848896, Note_on_c, 3, 52, 45
6, 848896, Note_on_c, 3, 61, 45
6, 849644, Note_on_c, 3, 52, 0
6, 849644, Note_on_c, 3, 61, 0
6, 849920, Note_on_c, 3, 52, 46
6, 849920, Note_on_c, 3, 61, 46
6, 850944, Note_on_c, 3, 52, 0
6, 850944, Note_on_c, 3, 61, 0
6, 850944, Note_on_c, 3, 54, 48
6, 850944, Note_on_c, 3, 62, 48
6, 851968, Note_on_c, 3, 54, 0
6, 851968, Note_on_c, 3, 62, 0
6, 851968, Note_on_c, 3, 55, 50
6, 851968, Note_on_c, 3, 64, 50
6, 852787, Note_on_c, 3, 55, 0
6, 852787, Note_on_c, 3, 64, 0
6, 852992, Note_on_c, 3, 55, 51
6, 852992, Note_on_c, 3, 64, 51
6, 854016, Note_on_c, 3, 55, 0
6, 854016, Note_on_c, 3, 64, 0
6, 854016, Note_on_c, 3, 54, 50
6, 854016, Note_on_c, 3, 62, 50
6, 855040, Note_on_c, 3, 54, 0
6, 855040, Note_on_c, 3, 62, 0
6, 855040, Note_on_c, 3, 52, 48
6, 855040, Note_on_c, 3, 61, 48
6, 856064, Note_on_c, 3, 52, 0
6, 856064, Note_on_c, 3, 61, 0
6, 856064, Note_on_c, 3, 50, 45
6, 856064, Note_on_c, 3, 59, 45
6, 856883, Note_on_c, 3, 50, 0
6, 856883, Note_on_c, 3, 59, 0
6, 857088, Note_on_c, 3, 61, 46
6, 857088, Note_on_c, 3, 64, 46
6, 857836, Note_on_c, 3, 61, 0
6, 857836, Note_on_c, 3, 64, 0
6, 858112, Note_on_c, 3, 61, 49
6, 858112, Note_on_c, 3, 64, 49
6, 859136, Note_on_c, 3, 61, 0
6, 859136, Note_on_c, 3, 64, 0
6, 859136, Note_on_c, 3, 62, 53
6, 859136, Note_on_c, 3, 66, 53
6, 860160, Note_on_c, 3, 62, 0
6, 860160, Note_on_c, 3, 66, 0
6, 860160, Note_on_c, 3, 64, 56
6, 860160, Note_on_c, 3, 67, 56
6, 861184, Note_on_c, 3, 64, 0
6, 861184, Note_on_c, 3, 67, 0
6, 861184, Note_on_c, 3, 64, 59
6, 861184, Note_on_c, 3, 67, 59
6, 862208, Note_on_c, 3, 64, 0
6, 862208, Note_on_c, 3, 67, 0
6, 862208, Note_on_c, 3, 62, 57
6, 862208, Note_on_c, 3, 66, 57
6, 863232, Note_on_c, 3, 62, 0
6, 863232, Note_on_c, 3, 66, 0
6, 863232, Note_on_c, 3, 55, 49
6, 863232, Note_on_c, 3, 64, 49
6, 864256, Note_on_c, 3, 55, 0
6, 864256, Note_on_c, 3, 64, 0
6, 864256, Note_on_c, 3, 54, 43
6, 864256, Note_on_c, 3, 62, 43
6, 865075, Note_on_c, 3, 54, 0
6, 865075, Note_on_c, 3, 62, 0
6, 929280, Note_on_c, 3, 50, 56
6, 929792, Note_on_c, 3, 50, 0
6, 929792, Note_on_c, 3, 52, 68
6, 930304, Note_on_c, 3, 52, 0
6, 930304, Note_on_c, 3, 54, 81
6, 930816, Note_on_c, 3, 54, 0
6, 930816, Note_on_c, 3, 52, 96
6, 931072, Note_on_c, 3, 52, 0
6, 931328, Note_on_c, 3, 57, 96
6, 931584, Note_on_c, 3, 57, 0
6, 931840, Note_on_c, 3, 52, 96
6, 932096, Note_on_c, 3, 52, 0
6, 932352, Note_on_c, 3, 57, 96
6, 932608, Note_on_c, 3, 57, 0
6, 932864, Note_on_c, 3, 54, 96
6, 933120, Note_on_c, 3, 54, 0
6, 933376, Note_on_c, 3, 57, 96
6, 933632, Note_on_c, 3, 57, 0
6, 933888, Note_on_c, 3, 50, 96
6, 934144, Note_on_c, 3, 50, 0
6, 934400, Note_on_c, 3, 57, 96
6, 934656, Note_on_c, 3, 57, 0
6, 934912, Note_on_c, 3, 52, 96
6, 935168, Note_on_c, 3, 52, 0
6, 935424, Note_on_c, 3, 57, 96
6, 935680, Note_on_c, 3, 57, 0
6, 935936, Note_on_c, 3, 54, 96
6, 936192, Note_on_c, 3, 54, 0
6, 936448, Note_on_c, 3, 55, 96
6, 936704, Note_on_c, 3, 55, 0
6, 936960, Note_on_c, 3, 54, 96
6, 937216, Note_on_c, 3, 54, 0
6, 937472, Note_on_c, 3, 57, 96
6, 937728, Note_on_c, 3, 57, 0
6, 937984, Note_on_c, 3, 50, 96
6, 938240, Note_on_c, 3, 50, 0
6, 938496, Note_on_c, 3, 57, 96
6, 938752, Note_on_c, 3, 57, 0
6, 939008, Note_on_c, 3, 52, 96
6, 939264, Note_on_c, 3, 52, 0
6, 939520, Note_on_c, 3, 57, 96
6, 939776, Note_on_c, 3, 57, 0
6, 940032, Note_on_c, 3, 54, 96
6, 940288, Note_on_c, 3, 54, 0
6, 940544, Note_on_c, 3, 55, 96
6, 940800, Note_on_c, 3, 55, 0
6, 941056, Note_on_c, 3, 54, 96
6, 941312, Note_on_c, 3, 54, 0
6, 941568, Note_on_c, 3, 57, 96
6, 941824, Note_on_c, 3, 57, 0
6, 942080, Note_on_c, 3, 52, 96
6, 942336, Note_on_c, 3, 52, 0
6, 942592, Note_on_c, 3, 57, 96
6, 942848, Note_on_c, 3, 57, 0
6, 943104, Note_on_c, 3, 50, 96
6, 943360, Note_on_c, 3, 50, 0
6, 943616, Note_on_c, 3, 57, 97
6, 943872, Note_on_c, 3, 57, 0
6, 944128, Note_on_c, 3, 52, 98
6, 944384, Note_on_c, 3, 52, 0
6, 944640, Note_on_c, 3, 57, 100
6, 944896, Note_on_c, 3, 57, 0
6, 945152, Note_on_c, 3, 45, 101
6, 945408, Note_on_c, 3, 45, 0
6, 945664, Note_on_c, 3, 57, 102
6, 945920, Note_on_c, 3, 57, 0
6, 946176, Note_on_c, 3, 54, 103
6, 946432, Note_on_c, 3, 54, 0
6, 946688, Note_on_c, 3, 57, 103
6, 946944, Note_on_c, 3, 57, 0
6, 947200, Note_on_c, 3, 42, 103
6, 947456, Note_on_c, 3, 42, 0
6, 947712, Note_on_c, 3, 54, 103
6, 947968, Note_on_c, 3, 54, 0
6, 948224, Note_on_c, 3, 42, 102
6, 948480, Note_on_c, 3, 42, 0
6, 948736, Note_on_c, 3, 54, 101
6, 948992, Note_on_c, 3, 54, 0
6, 949248, Note_on_c, 3, 43, 100
6, 949504, Note_on_c, 3, 43, 0
6, 949760, Note_on_c, 3, 55, 99
6, 950016, Note_on_c, 3, 55, 0
6, 950272, Note_on_c, 3, 45, 98
6, 950528, Note_on_c, 3, 45, 0
6, 950784, Note_on_c, 3, 57, 97
6, 951040, Note_on_c, 3, 57, 0
6, 951296, Note_on_c, 3, 45, 96
6, 951552, Note_on_c, 3, 45, 0
6, 951808, Note_on_c, 3, 57, 96
6, 952064, Note_on_c, 3, 57, 0
6, 952320, Note_on_c, 3, 43, 96
6, 952576, Note_on_c, 3, 43, 0
6, 952832, Note_on_c, 3, 55, 96
6, 953088, Note_on_c, 3, 55, 0
6, 953344, Note_on_c, 3, 42, 96
6, 953600, Note_on_c, 3, 42, 0
6, 953856, Note_on_c, 3, 54, 96
6, 954112, Note_on_c, 3, 54, 0
6, 954368, Note_on_c, 3, 55, 96
6, 954624, Note_on_c, 3, 55, 0
6, 954880, Note_on_c, 3, 52, 96
6, 955136, Note_on_c, 3, 52, 0
6, 955392, Note_on_c, 3, 38, 96
6, 955648, Note_on_c, 3, 38, 0
6, 955904, Note_on_c, 3, 50, 96
6, 956160, Note_on_c, 3, 50, 0
6, 956416, Note_on_c, 3, 38, 96
6, 956672, Note_on_c, 3, 38, 0
6, 956928, Note_on_c, 3, 50, 95
6, 957184, Note_on_c, 3, 50, 0
6, 957440, Note_on_c, 3, 40, 95
6, 957696, Note_on_c, 3, 40, 0
6, 957952, Note_on_c, 3, 52, 95
6, 958208, Note_on_c, 3, 52, 0
6, 958464, Note_on_c, 3, 42, 95
6, 958720, Note_on_c, 3, 42, 0
6, 958976, Note_on_c, 3, 54, 95
6, 959232, Note_on_c, 3, 54, 0
6, 959488, Note_on_c, 3, 40, 95
6, 959744, Note_on_c, 3, 40, 0
6, 960000, Note_on_c, 3, 52, 95
6, 960256, Note_on_c, 3, 52, 0
6, 960512, Note_on_c, 3, 40, 95
6, 960768, Note_on_c, 3, 40, 0
6, 961024, Note_on_c, 3, 50, 95
6, 961280, Note_on_c, 3, 50, 0
6, 961536, Note_on_c, 3, 38, 95
6, 961792, Note_on_c, 3, 38, 0
6, 962048, Note_on_c, 3, 50, 95
6, 962304, Note_on_c, 3, 50, 0
6, 962560, Note_on_c, 3, 45, 94
6, 962816, Note_on_c, 3, 45, 0
6, 963072, Note_on_c, 3, 57, 94
6, 963328, Note_on_c, 3, 57, 0
6, 963584, Note_on_c, 3, 43, 94
6, 963840, Note_on_c, 3, 43, 0
6, 964096, Note_on_c, 3, 55, 94
6, 964352, Note_on_c, 3, 55, 0
6, 964608, Note_on_c, 3, 42, 94
6, 964864, Note_on_c, 3, 42, 0
6, 965120, Note_on_c, 3, 54, 94
6, 965376, Note_on_c, 3, 54, 0
6, 965632, Note_on_c, 3, 42, 94
6, 965888, Note_on_c, 3, 42, 0
6, 966144, Note_on_c, 3, 54, 94
6, 966400, Note_on_c, 3, 54, 0
6, 966656, Note_on_c, 3, 50, 94
6, 966912, Note_on_c, 3, 50, 0
6, 967168, Note_on_c, 3, 62, 94
6, 967424, Note_on_c, 3, 62, 0
6, 967680, Note_on_c, 3, 48, 98
6, 967936, Note_on_c, 3, 48, 0
6, 968192, Note_on_c, 3, 60, 97
6, 968448, Note_on_c, 3, 60, 0
6, 968704, Note_on_c, 3, 48, 96
6, 968960, Note_on_c, 3, 48, 0
6, 969216, Note_on_c, 3, 47, 95
6, 969472, Note_on_c, 3, 47, 0
6, 969728, Note_on_c, 3, 47, 94
6, 970240, Note_on_c, 3, 47, 0
6, 970240, Note_on_c, 3, 59, 93
6, 970752, Note_on_c, 3, 59, 0
6, 970752, Note_on_c, 3, 55, 94
6, 970752, Note_on_c, 3, 67, 94
6, 971264, Note_on_c, 3, 55, 0
6, 971264, Note_on_c, 3, 67, 0
6, 971264, Note_on_c, 3, 52, 97
6, 971264, Note_on_c, 3, 64, 97
6, 971776, Note_on_c, 3, 52, 0
6, 971776, Note_on_c, 3, 64, 0
6, 971776, Note_on_c, 3, 50, 101
6, 971776, Note_on_c, 3, 62, 101
6, 972288, Note_on_c, 3, 50, 0
6, 972288, Note_on_c, 3, 62, 0
6, 972288, Note_on_c, 3, 49, 103
6, 972288, Note_on_c, 3, 61, 103
6, 972800, Note_on_c, 3, 49, 0
6, 972800, Note_on_c, 3, 61, 0
6, 972800, Note_on_c, 3, 52, 101
6, 972800, Note_on_c, 3, 64, 101
6, 973312, Note_on_c, 3, 52, 0
6, 973312, Note_on_c, 3, 64, 0
6, 973312, Note_on_c, 3, 49, 99
6, 973312, Note_on_c, 3, 61, 99
6, 973824, Note_on_c, 3, 49, 0
6, 973824, Note_on_c, 3, 61, 0
6, 973824, Note_on_c, 3, 47, 97
6, 973824, Note_on_c, 3, 59, 97
6, 974336, Note_on_c, 3, 47, 0
6, 974336, Note_on_c, 3, 59, 0
6, 974336, Note_on_c, 3, 45, 96
6, 974336, Note_on_c, 3, 57, 96
6, 974848, Note_on_c, 3, 45, 0
6, 974848, Note_on_c, 3, 57, 0
6, 974848, Note_on_c, 3, 47, 97
6, 974848, Note_on_c, 3, 59, 97
6, 975360, Note_on_c, 3, 47, 0
6, 975360, Note_on_c, 3, 59, 0
6, 975360, Note_on_c, 3, 49, 99
6, 975360, Note_on_c, 3, 61, 99
6, 975872, Note_on_c, 3, 49, 0
6, 975872, Note_on_c, 3, 61, 0
6, 975872, Note_on_c, 3, 50, 101
6, 975872, Note_on_c, 3, 62, 101
6, 976384, Note_on_c, 3, 50, 0
6, 976384, Note_on_c, 3, 62, 0
6, 976384, Note_on_c, 3, 54, 102
6, 976384, Note_on_c, 3, 66, 102
6, 976896, Note_on_c, 3, 54, 0
6, 976896, Note_on_c, 3, 66, 0
6, 976896, Note_on_c, 3, 52, 98
6, 976896, Note_on_c, 3, 64, 98
6, 977408, Note_on_c, 3, 52, 0
6, 977408, Note_on_c, 3, 64, 0
6, 977408, Note_on_c, 3, 49, 94
6, 977408, Note_on_c, 3, 61, 94
6, 977920, Note_on_c, 3, 49, 0
6, 977920, Note_on_c, 3, 61, 0
6, 977920, Note_on_c, 3, 50, 90
6, 977920, Note_on_c, 3, 62, 90
6, 978944, Note_on_c, 3, 50, 0
6, 978944, Note_on_c, 3, 62, 0
6, 988160, Note_on_c, 3, 62, 40
6, 991232, Note_on_c, 3, 62, 0
6, 991232, Note_on_c, 3, 61, 46
6, 991744, Note_on_c, 3, 61, 0
6, 991744, Note_on_c, 3, 59, 47
6, 992256, Note_on_c, 3, 59, 0
6, 992256, Note_on_c, 3, 57, 48
6, 992768, Note_on_c, 3, 57, 0
6, 992768, Note_on_c, 3, 62, 49
6, 993280, Note_on_c, 3, 62, 0
6, 993280, Note_on_c, 3, 66, 49
6, 993792, Note_on_c, 3, 66, 0
6, 993792, Note_on_c, 3, 64, 48
6, 994166, Note_on_c, 3, 64, 0
6, 994304, Note_on_c, 3, 64, 46
6, 994816, Note_on_c, 3, 64, 0
6, 994816, Note_on_c, 3, 69, 45
6, 995328, Note_on_c, 3, 69, 0
6, 995328, Note_on_c, 3, 67, 43
6, 995840, Note_on_c, 3, 67, 0
6, 995840, Note_on_c, 3, 64, 42
6, 996352, Note_on_c, 3, 64, 0
6, 996352, Note_on_c, 3, 62, 40
6, 997376, Note_on_c, 3, 62, 0
6, 1004544, Note_on_c, 3, 62, 39
6, 1007616, Note_on_c, 3, 62, 0
6, 1007616, Note_on_c, 3, 61, 44
6, 1008128, Note_on_c, 3, 61, 0
6, 1008128, Note_on_c, 3, 59, 45
6, 1008640, Note_on_c, 3, 59, 0
6, 1008640, Note_on_c, 3, 61, 46
6, 1009152, Note_on_c, 3, 61, 0
6, 1009152, Note_on_c, 3, 64, 47
6, 1009664, Note_on_c, 3, 64, 0
6, 1009664, Note_on_c, 3, 67, 48
6, 1010176, Note_on_c, 3, 67, 0
6, 1010176, Note_on_c, 3, 66, 49
6, 1010550, Note_on_c, 3, 66, 0
6, 1010688, Note_on_c, 3, 66, 50
6, 1011200, Note_on_c, 3, 66, 0
6, 1011200, Note_on_c, 3, 62, 48
6, 1011712, Note_on_c, 3, 62, 0
6, 1011712, Note_on_c, 3, 61, 46
6, 1012224, Note_on_c, 3, 61, 0
6, 1012224, Note_on_c, 3, 62, 44
6, 1012736, Note_on_c, 3, 62, 0
6, 1012736, Note_on_c, 3, 64, 40
6, 1013760, Note_on_c, 3, 64, 0
6, 1015296, Note_on_c, 3, 57, 44
6, 1015808, Note_on_c, 3, 57, 0
6, 1015808, Note_on_c, 3, 66, 44
6, 1016182, Note_on_c, 3, 66, 0
6, 1016320, Note_on_c, 3, 62, 45
6, 1016832, Note_on_c, 3, 62, 0
6, 1016832, Note_on_c, 3, 67, 46
6, 1017344, Note_on_c, 3, 67, 0
6, 1019392, Note_on_c, 3, 57, 50
6, 1019904, Note_on_c, 3, 57, 0
6, 1019904, Note_on_c, 3, 66, 51
6, 1020278, Note_on_c, 3, 66, 0
6, 1020416, Note_on_c, 3, 62, 52
6, 1020928, Note_on_c, 3, 62, 0
6, 1020928, Note_on_c, 3, 67, 51
6, 1021440, Note_on_c, 3, 67, 0
6, 1022464, Note_on_c, 3, 61, 51
6, 1022976, Note_on_c, 3, 61, 0
6, 1022976, Note_on_c, 3, 66, 51
6, 1023488, Note_on_c, 3, 66, 0
6, 1024512, Note_on_c, 3, 54, 51
6, 1025024, Note_on_c, 3, 54, 0
6, 1025024, Note_on_c, 3, 62, 52
6, 1025536, Note_on_c, 3, 62, 0
6, 1026560, Note_on_c, 3, 64, 54
6, 1027072, Note_on_c, 3, 64, 0
6, 1027072, Note_on_c, 3, 57, 55
6, 1027584, Note_on_c, 3, 57, 0
6, 1037312, Note_on_c, 3, 62, 45
6, 1040384, Note_on_c, 3, 62, 0
6, 1040384, Note_on_c, 3, 61, 52
6, 1040896, Note_on_c, 3, 61, 0
6, 1040896, Note_on_c, 3, 59, 53
6, 1041408, Note_on_c, 3, 59, 0
6, 1041408, Note_on_c, 3, 61, 54
6, 1041920, Note_on_c, 3, 61, 0
6, 1041920, Note_on_c, 3, 64, 59
6, 1042432, Note_on_c, 3, 64, 0
6, 1042432, Note_on_c, 3, 67, 64
6, 1042944, Note_on_c, 3, 67, 0
6, 1042944, Note_on_c, 3, 66, 70
6, 1043318, Note_on_c, 3, 66, 0
6, 1043456, Note_on_c, 3, 66, 75
6, 1043968, Note_on_c, 3, 66, 0
6, 1043968, Note_on_c, 3, 62, 80
6, 1044480, Note_on_c, 3, 62, 0
6, 1044480, Note_on_c, 3, 61, 85
6, 1044992, Note_on_c, 3, 61, 0
6, 1044992, Note_on_c, 3, 62, 90
6, 1045504, Note_on_c, 3, 62, 0
6, 1045504, Note_on_c, 3, 64, 96
6, 1046252, Note_on_c, 3, 64, 0
6, 1048064, Note_on_c, 3, 57, 93
6, 1048576, Note_on_c, 3, 57, 0
6, 1048576, Note_on_c, 3, 66, 93
6, 1048950, Note_on_c, 3, 66, 0
6, 1049088, Note_on_c, 3, 62, 93
6, 1049600, Note_on_c, 3, 62, 0
6, 1049600, Note_on_c, 3, 67, 93
6, 1049974, Note_on_c, 3, 67, 0
6, 1052160, Note_on_c, 3, 57, 94
6, 1052672, Note_on_c, 3, 57, 0
6, 1052672, Note_on_c, 3, 64, 94
6, 1053046, Note_on_c, 3, 64, 0
6, 1053184, Note_on_c, 3, 66, 94
6, 1053696, Note_on_c, 3, 66, 0
6, 1053696, Note_on_c, 3, 67, 94
6, 1054444, Note_on_c, 3, 67, 0
6, 1055232, Note_on_c, 3, 61, 94
6, 1055744, Note_on_c, 3, 61, 0
6, 1055744, Note_on_c, 3, 66, 94
6, 1056492, Note_on_c, 3, 66, 0
6, 1057280, Note_on_c, 3, 54, 94
6, 1057792, Note_on_c, 3, 54, 0
6, 1057792, Note_on_c, 3, 62, 94
6, 1058540, Note_on_c, 3, 62, 0
6, 1059328, Note_on_c, 3, 64, 98
6, 1059840, Note_on_c, 3, 64, 0
6, 1059840, Note_on_c, 3, 57, 100
6, 1060588, Note_on_c, 3, 57, 0
6, 1061376, Note_on_c, 3, 57, 103
6, 1061888, Note_on_c, 3, 57, 0
6, 1061888, Note_on_c, 3, 66, 104
6, 1062400, Note_on_c, 3, 66, 0
6, 1062400, Note_on_c, 3, 57, 105
6, 1062912, Note_on_c, 3, 57, 0
6, 1062912, Note_on_c, 3, 66, 106
6, 1063286, Note_on_c, 3, 66, 0
6, 1064448, Note_on_c, 3, 45, 109
6, 1064960, Note_on_c, 3, 45, 0
6, 1064960, Note_on_c, 3, 57, 107
6, 1065708, Note_on_c, 3, 57, 0
6, 1066496, Note_on_c, 3, 57, 99
6, 1067008, Note_on_c, 3, 57, 0
6, 1067008, Note_on_c, 3, 67, 91
6, 1067756, Note_on_c, 3, 67, 0
6, 1068544, Note_on_c, 3, 57, 69
6, 1069056, Note_on_c, 3, 57, 0
6, 1069056, Note_on_c, 3, 64, 61
6, 1069804, Note_on_c, 3, 64, 0
6, 1070592, Note_on_c, 3, 57, 42
6, 1071104, Note_on_c, 3, 57, 0
6, 1071104, Note_on_c, 3, 62, 42
6, 1071576, Note_on_c, 3, 62, 0
6, 1072640, Note_on_c, 3, 57, 40
6, 1073152, Note_on_c, 3, 57, 0
6, 1073152, Note_on_c, 3, 66, 40
6, 1073900, Note_on_c, 3, 66, 0
6, 1074688, Note_on_c, 3, 57, 38
6, 1075200, Note_on_c, 3, 57, 0
6, 1075200, Note_on_c, 3, 64, 38
6, 1075948, Note_on_c, 3, 64, 0
6, 1076736, Note_on_c, 3, 57, 37
6, 1077248, Note_on_c, 3, 57, 0
6, 1077248, Note_on_c, 3, 62, 41
6, 1077622, Note_on_c, 3, 62, 0
6, 1077760, Note_on_c, 3, 54, 46
6, 1077760, Note_on_c, 3, 57, 46
6, 1078272, Note_on_c, 3, 54, 0
6, 1078272, Note_on_c, 3, 57, 0
6, 1078272, Note_on_c, 3, 52, 50
6, 1078272, Note_on_c, 3, 55, 50
6, 1079808, Note_on_c, 3, 52, 0
6, 1079808, Note_on_c, 3, 55, 0
6, 1079808, Note_on_c, 3, 50, 45
6, 1079808, Note_on_c, 3, 54, 45
6, 1080182, Note_on_c, 3, 50, 0
6, 1080182, Note_on_c, 3, 54, 0
6, 1080320, Note_on_c, 3, 50, 42
6, 1080320, Note_on_c, 3, 54, 42
6, 1081068, Note_on_c, 3, 50, 0
6, 1081068, Note_on_c, 3, 54, 0
6, 1081344, Note_on_c, 3, 59, 41
6, 1081344, Note_on_c, 3, 62, 41
6, 1082368, Note_on_c, 3, 59, 0
6, 1082368, Note_on_c, 3, 62, 0
6, 1082368, Note_on_c, 3, 57, 51
6, 1082368, Note_on_c, 3, 60, 51
6, 1083904, Note_on_c, 3, 57, 0
6, 1083904, Note_on_c, 3, 60, 0
6, 1083904, Note_on_c, 3, 55, 48
6, 1083904, Note_on_c, 3, 59, 48
6, 1084278, Note_on_c, 3, 55, 0
6, 1084278, Note_on_c, 3, 59, 0
6, 1084416, Note_on_c, 3, 55, 45
6, 1084416, Note_on_c, 3, 59, 45
6, 1085164, Note_on_c, 3, 55, 0
6, 1085164, Note_on_c, 3, 59, 0
6, 1085440, Note_on_c, 3, 59, 41
6, 1085440, Note_on_c, 3, 67, 41
6, 1085952, Note_on_c, 3, 59, 0
6, 1085952, Note_on_c, 3, 67, 0
6, 1085952, Note_on_c, 3, 55, 42
6, 1085952, Note_on_c, 3, 64, 42
6, 1086464, Note_on_c, 3, 55, 0
6, 1086464, Note_on_c, 3, 64, 0
6, 1086464, Note_on_c, 3, 54, 43
6, 1086464, Note_on_c, 3, 62, 43
6, 1086976, Note_on_c, 3, 54, 0
6, 1086976, Note_on_c, 3, 62, 0
6, 1086976, Note_on_c, 3, 52, 44
6, 1086976, Note_on_c, 3, 61, 44
6, 1087488, Note_on_c, 3, 52, 0
6, 1087488, Note_on_c, 3, 61, 0
6, 1087488, Note_on_c, 3, 55, 46
6, 1087488, Note_on_c, 3, 64, 46
6, 1088000, Note_on_c, 3, 55, 0
6, 1088000, Note_on_c, 3, 64, 0
6, 1088000, Note_on_c, 3, 52, 47
6, 1088000, Note_on_c, 3, 61, 47
6, 1088512, Note_on_c, 3, 52, 0
6, 1088512, Note_on_c, 3, 61, 0
6, 1088512, Note_on_c, 3, 50, 46
6, 1088512, Note_on_c, 3, 59, 46
6, 1089024, Note_on_c, 3, 50, 0
6, 1089024, Note_on_c, 3, 59, 0
6, 1089024, Note_on_c, 3, 49, 45
6, 1089024, Note_on_c, 3, 57, 45
6, 1089536, Note_on_c, 3, 49, 0
6, 1089536, Note_on_c, 3, 57, 0
6, 1089536, Note_on_c, 3, 50, 44
6, 1089536, Note_on_c, 3, 59, 44
6, 1090048, Note_on_c, 3, 50, 0
6, 1090048, Note_on_c, 3, 59, 0
6, 1090048, Note_on_c, 3, 52, 43
6, 1090048, Note_on_c, 3, 61, 43
6, 1090560, Note_on_c, 3, 52, 0
6, 1090560, Note_on_c, 3, 61, 0
6, 1090560, Note_on_c, 3, 54, 42
6, 1090560, Note_on_c, 3, 62, 42
6, 1091072, Note_on_c, 3, 54, 0
6, 1091072, Note_on_c, 3, 62, 0
6, 1091072, Note_on_c, 3, 57, 41
6, 1091072, Note_on_c, 3, 66, 41
6, 1091584, Note_on_c, 3, 57, 0
6, 1091584, Note_on_c, 3, 66, 0
6, 1091584, Note_on_c, 3, 55, 40
6, 1091584, Note_on_c, 3, 64, 40
6, 1092096, Note_on_c, 3, 55, 0
6, 1092096, Note_on_c, 3, 64, 0
6, 1092096, Note_on_c, 3, 52, 39
6, 1092096, Note_on_c, 3, 61, 39
6, 1092608, Note_on_c, 3, 52, 0
6, 1092608, Note_on_c, 3, 61, 0
6, 1092608, Note_on_c, 3, 54, 38
6, 1092608, Note_on_c, 3, 62, 38
6, 1092982, Note_on_c, 3, 54, 0
6, 1092982, Note_on_c, 3, 62, 0
6, 1111040, Note_on_c, 3, 62, 36
6, 1111040, Note_on_c, 3, 66, 36
6, 1115136, Note_on_c, 3, 62, 0
6, 1115136, Note_on_c, 3, 66, 0
6, 1115136, Note_on_c, 3, 59, 36
6, 1115136, Note_on_c, 3, 62, 36
6, 1117184, Note_on_c, 3, 59, 0
6, 1117184, Note_on_c, 3, 62, 0
6, 1117184, Note_on_c, 3, 61, 36
6, 1117184, Note_on_c, 3, 64, 36
6, 1119232, Note_on_c, 3, 61, 0
6, 1119232, Note_on_c, 3, 64, 0
6, 1119232, Note_on_c, 3, 62, 36
6, 1119980, Note_on_c, 3, 62, 0
6, 1123328, Note_on_c, 3, 52, 35
6, 1123328, Note_on_c, 3, 55, 35
6, 1125376, Note_on_c, 3, 52, 0
6, 1125376, Note_on_c, 3, 55, 0
6, 1125376, Note_on_c, 3, 50, 35
6, 1125376, Note_on_c, 3, 54, 35
6, 1125888, Note_on_c, 3, 50, 0
6, 1125888, Note_on_c, 3, 54, 0
6, 1125888, Note_on_c, 3, 54, 35
6, 1125888, Note_on_c, 3, 57, 35
6, 1126262, Note_on_c, 3, 54, 0
6, 1126262, Note_on_c, 3, 57, 0
6, 1126400, Note_on_c, 3, 52, 35
6, 1126400, Note_on_c, 3, 55, 35
6, 1126912, Note_on_c, 3, 52, 0
6, 1126912, Note_on_c, 3, 55, 0
6, 1126912, Note_on_c, 3, 50, 35
6, 1126912, Note_on_c, 3, 54, 35
6, 1127286, Note_on_c, 3, 50, 0
6, 1127286, Note_on_c, 3, 54, 0
6, 1127424, Note_on_c, 3, 45, 35
6, 1127424, Note_on_c, 3, 52, 35
6, 1128172, Note_on_c, 3, 45, 0
6, 1128172, Note_on_c, 3, 52, 0
6, 1136640, Note_on_c, 3, 54, 35
6, 1137152, Note_on_c, 3, 54, 0
6, 1137152, Note_on_c, 3, 55, 35
6, 1137526, Note_on_c, 3, 55, 0
6, 1138688, Note_on_c, 3, 57, 35
6, 1139200, Note_on_c, 3, 57, 0
6, 1139200, Note_on_c, 3, 58, 35
6, 1139456, Note_on_c, 3, 58, 0
6, 1140736, Note_on_c, 3, 59, 36
6, 1141248, Note_on_c, 3, 59, 0
6, 1141248, Note_on_c, 3, 56, 36
6, 1141504, Note_on_c, 3, 56, 0
6, 1141760, Note_on_c, 3, 55, 36
6, 1142272, Note_on_c, 3, 55, 0
6, 1142272, Note_on_c, 3, 52, 36
6, 1142528, Note_on_c, 3, 52, 0
6, 1142784, Note_on_c, 3, 54, 36
6, 1143296, Note_on_c, 3, 54, 0
6, 1143296, Note_on_c, 3, 62, 36
6, 1143552, Note_on_c, 3, 62, 0
6, 1143808, Note_on_c, 3, 62, 37
6, 1144556, Note_on_c, 3, 62, 0
6, 1144832, Note_on_c, 3, 61, 42
6, 1145344, Note_on_c, 3, 61, 0
6, 1145344, Note_on_c, 3, 62, 44
6, 1145718, Note_on_c, 3, 62, 0
6, 1146880, Note_on_c, 3, 67, 50
6, 1147392, Note_on_c, 3, 67, 0
6, 1147392, Note_on_c, 3, 66, 52
6, 1147766, Note_on_c, 3, 66, 0
6, 1148928, Note_on_c, 3, 67, 59
6, 1149440, Note_on_c, 3, 67, 0
6, 1149440, Note_on_c, 3, 64, 61
6, 1149814, Note_on_c, 3, 64, 0
6, 1150976, Note_on_c, 3, 64, 67
6, 1151488, Note_on_c, 3, 64, 0
6, 1151488, Note_on_c, 3, 61, 70
6, 1151862, Note_on_c, 3, 61, 0
6, 1153024, Note_on_c, 3, 64, 76
6, 1153536, Note_on_c, 3, 64, 0
6, 1153536, Note_on_c, 3, 66, 78
6, 1153910, Note_on_c, 3, 66, 0
6, 1159168, Note_on_c, 3, 64, 89
6, 1159168, Note_on_c, 3, 67, 89
6, 1159680, Note_on_c, 3, 64, 0
6, 1159680, Note_on_c, 3, 67, 0
6, 1159680, Note_on_c, 3, 62, 89
6, 1159680, Note_on_c, 3, 66, 89
6, 1160054, Note_on_c, 3, 62, 0
6, 1160054, Note_on_c, 3, 66, 0
6, 1160192, Note_on_c, 3, 62, 89
6, 1160192, Note_on_c, 3, 66, 89
6, 1160704, Note_on_c, 3, 62, 0
6, 1160704, Note_on_c, 3, 66, 0
6, 1160704, Note_on_c, 3, 61, 89
6, 1160704, Note_on_c, 3, 64, 89
6, 1161078, Note_on_c, 3, 61, 0
6, 1161078, Note_on_c, 3, 64, 0
6, 1161216, Note_on_c, 3, 59, 89
6, 1161216, Note_on_c, 3, 62, 89
6, 1161728, Note_on_c, 3, 59, 0
6, 1161728, Note_on_c, 3, 62, 0
6, 1161728, Note_on_c, 3, 61, 89
6, 1161728, Note_on_c, 3, 64, 89
6, 1162102, Note_on_c, 3, 61, 0
6, 1162102, Note_on_c, 3, 64, 0
6, 1162240, Note_on_c, 3, 64, 90
6, 1162240, Note_on_c, 3, 67, 90
6, 1162752, Note_on_c, 3, 64, 0
6, 1162752, Note_on_c, 3, 67, 0
6, 1162752, Note_on_c, 3, 62, 90
6, 1162752, Note_on_c, 3, 66, 90
6, 1163126, Note_on_c, 3, 62, 0
6, 1163126, Note_on_c, 3, 66, 0
6, 1163264, Note_on_c, 3, 55, 90
6, 1163264, Note_on_c, 3, 64, 90
6, 1163776, Note_on_c, 3, 55, 0
6, 1163776, Note_on_c, 3, 64, 0
6, 1163776, Note_on_c, 3, 54, 90
6, 1163776, Note_on_c, 3, 62, 90
6, 1164150, Note_on_c, 3, 54, 0
6, 1164150, Note_on_c, 3, 62, 0
6, 1164288, Note_on_c, 3, 62, 90
6, 1164288, Note_on_c, 3, 66, 90
6, 1164800, Note_on_c, 3, 62, 0
6, 1164800, Note_on_c, 3, 66, 0
6, 1164800, Note_on_c, 3, 61, 90
6, 1164800, Note_on_c, 3, 64, 90
6, 1165174, Note_on_c, 3, 61, 0
6, 1165174, Note_on_c, 3, 64, 0
6, 1165312, Note_on_c, 3, 59, 91
6, 1165312, Note_on_c, 3, 62, 91
6, 1165824, Note_on_c, 3, 59, 0
6, 1165824, Note_on_c, 3, 62, 0
6, 1165824, Note_on_c, 3, 61, 91
6, 1165824, Note_on_c, 3, 64, 91
6, 1166198, Note_on_c, 3, 61, 0
6, 1166198, Note_on_c, 3, 64, 0
6, 1166336, Note_on_c, 3, 64, 91
6, 1166336, Note_on_c, 3, 67, 91
6, 1166848, Note_on_c, 3, 64, 0
6, 1166848, Note_on_c, 3, 67, 0
6, 1166848, Note_on_c, 3, 62, 91
6, 1166848, Note_on_c, 3, 66, 91
6, 1167222, Note_on_c, 3, 62, 0
6, 1167222, Note_on_c, 3, 66, 0
6, 1167360, Note_on_c, 3, 55, 91
6, 1167360, Note_on_c, 3, 64, 91
6, 1167872, Note_on_c, 3, 55, 0
6, 1167872, Note_on_c, 3, 64, 0
6, 1167872, Note_on_c, 3, 54, 91
6, 1167872, Note_on_c, 3, 62, 91
6, 1168246, Note_on_c, 3, 54, 0
6, 1168246, Note_on_c, 3, 62, 0
6, 1168384, Note_on_c, 3, 62, 91
6, 1168384, Note_on_c, 3, 66, 91
6, 1168896, Note_on_c, 3, 62, 0
6, 1168896, Note_on_c, 3, 66, 0
6, 1168896, Note_on_c, 3, 61, 92
6, 1168896, Note_on_c, 3, 64, 92
6, 1169270, Note_on_c, 3, 61, 0
6, 1169270, Note_on_c, 3, 64, 0
6, 1169408, Note_on_c, 3, 59, 92
6, 1169408, Note_on_c, 3, 62, 92
6, 1169920, Note_on_c, 3, 59, 0
6, 1169920, Note_on_c, 3, 62, 0
6, 1169920, Note_on_c, 3, 61, 93
6, 1169920, Note_on_c, 3, 64, 93
6, 1170294, Note_on_c, 3, 61, 0
6, 1170294, Note_on_c, 3, 64, 0
6, 1170432, Note_on_c, 3, 61, 94
6, 1170432, Note_on_c, 3, 64, 94
6, 1170944, Note_on_c, 3, 61, 0
6, 1170944, Note_on_c, 3, 64, 0
6, 1170944, Note_on_c, 3, 62, 94
6, 1170944, Note_on_c, 3, 66, 94
6, 1171318, Note_on_c, 3, 62, 0
6, 1171318, Note_on_c, 3, 66, 0
6, 1171456, Note_on_c, 3, 62, 95
6, 1171456, Note_on_c, 3, 66, 95
6, 1171968, Note_on_c, 3, 62, 0
6, 1171968, Note_on_c, 3, 66, 0
6, 1171968, Note_on_c, 3, 64, 95
6, 1171968, Note_on_c, 3, 67, 95
6, 1172342, Note_on_c, 3, 64, 0
6, 1172342, Note_on_c, 3, 67, 0
6, 1172480, Note_on_c, 3, 52, 96
6, 1172480, Note_on_c, 3, 61, 96
6, 1172992, Note_on_c, 3, 52, 0
6, 1172992, Note_on_c, 3, 61, 0
6, 1172992, Note_on_c, 3, 54, 96
6, 1172992, Note_on_c, 3, 62, 96
6, 1173366, Note_on_c, 3, 54, 0
6, 1173366, Note_on_c, 3, 62, 0
6, 1173504, Note_on_c, 3, 54, 97
6, 1173504, Note_on_c, 3, 62, 97
6, 1174016, Note_on_c, 3, 54, 0
6, 1174016, Note_on_c, 3, 62, 0
6, 1174016, Note_on_c, 3, 56, 97
6, 1174016, Note_on_c, 3, 59, 97
6, 1174390, Note_on_c, 3, 56, 0
6, 1174390, Note_on_c, 3, 59, 0
6, 1174528, Note_on_c, 3, 57, 98
6, 1174528, Note_on_c, 3, 61, 98
6, 1175040, Note_on_c, 3, 57, 0
6, 1175040, Note_on_c, 3, 61, 0
6, 1175040, Note_on_c, 3, 64, 98
6, 1175040, Note_on_c, 3, 67, 98
6, 1175414, Note_on_c, 3, 64, 0
6, 1175414, Note_on_c, 3, 67, 0
6, 1175552, Note_on_c, 3, 62, 99
6, 1175552, Note_on_c, 3, 66, 99
6, 1176064, Note_on_c, 3, 62, 0
6, 1176064, Note_on_c, 3, 66, 0
6, 1176064, Note_on_c, 3, 61, 99
6, 1176064, Note_on_c, 3, 64, 99
6, 1176438, Note_on_c, 3, 61, 0
6, 1176438, Note_on_c, 3, 64, 0
6, 1176576, Note_on_c, 3, 62, 99
6, 1176576, Note_on_c, 3, 66, 99
6, 1177088, Note_on_c, 3, 62, 0
6, 1177088, Note_on_c, 3, 66, 0
6, 1177088, Note_on_c, 3, 64, 99
6, 1177088, Note_on_c, 3, 67, 99
6, 1177462, Note_on_c, 3, 64, 0
6, 1177462, Note_on_c, 3, 67, 0
6, 1177600, Note_on_c, 3, 61, 99
6, 1177600, Note_on_c, 3, 64, 99
6, 1178112, Note_on_c, 3, 61, 0
6, 1178112, Note_on_c, 3, 64, 0
6, 1178112, Note_on_c, 3, 62, 99
6, 1178112, Note_on_c, 3, 66, 99
6, 1178486, Note_on_c, 3, 62, 0
6, 1178486, Note_on_c, 3, 66, 0
6, 1178624, Note_on_c, 3, 52, 99
6, 1178624, Note_on_c, 3, 55, 99
6, 1179136, Note_on_c, 3, 52, 0
6, 1179136, Note_on_c, 3, 55, 0
6, 1179136, Note_on_c, 3, 54, 99
6, 1179136, Note_on_c, 3, 57, 99
6, 1179510, Note_on_c, 3, 54, 0
6, 1179510, Note_on_c, 3, 57, 0
6, 1179648, Note_on_c, 3, 55, 99
6, 1179648, Note_on_c, 3, 59, 99
6, 1180160, Note_on_c, 3, 55, 0
6, 1180160, Note_on_c, 3, 59, 0
6, 1180160, Note_on_c, 3, 54, 99
6, 1180160, Note_on_c, 3, 57, 99
6, 1180534, Note_on_c, 3, 54, 0
6, 1180534, Note_on_c, 3, 57, 0
6, 1180672, Note_on_c, 3, 57, 99
6, 1180672, Note_on_c, 3, 60, 99
6, 1181184, Note_on_c, 3, 57, 0
6, 1181184, Note_on_c, 3, 60, 0
6, 1181184, Note_on_c, 3, 55, 99
6, 1181184, Note_on_c, 3, 59, 99
6, 1181558, Note_on_c, 3, 55, 0
6, 1181558, Note_on_c, 3, 59, 0
6, 1181696, Note_on_c, 3, 59, 99
6, 1181696, Note_on_c, 3, 62, 99
6, 1182208, Note_on_c, 3, 59, 0
6, 1182208, Note_on_c, 3, 62, 0
6, 1182208, Note_on_c, 3, 55, 99
6, 1182208, Note_on_c, 3, 59, 99
6, 1182582, Note_on_c, 3, 55, 0
6, 1182582, Note_on_c, 3, 59, 0
6, 1182720, Note_on_c, 3, 62, 99
6, 1182720, Note_on_c, 3, 66, 99
6, 1183232, Note_on_c, 3, 62, 0
6, 1183232, Note_on_c, 3, 66, 0
6, 1183232, Note_on_c, 3, 61, 99
6, 1183232, Note_on_c, 3, 64, 99
6, 1183606, Note_on_c, 3, 61, 0
6, 1183606, Note_on_c, 3, 64, 0
6, 1183744, Note_on_c, 3, 64, 99
6, 1183744, Note_on_c, 3, 67, 99
6, 1184256, Note_on_c, 3, 64, 0
6, 1184256, Note_on_c, 3, 67, 0
6, 1184256, Note_on_c, 3, 61, 99
6, 1184256, Note_on_c, 3, 64, 99
6, 1184630, Note_on_c, 3, 61, 0
6, 1184630, Note_on_c, 3, 64, 0
6, 1184768, Note_on_c, 3, 55, 100
6, 1184768, Note_on_c, 3, 64, 100
6, 1185280, Note_on_c, 3, 55, 0
6, 1185280, Note_on_c, 3, 64, 0
6, 1185280, Note_on_c, 3, 54, 101
6, 1185280, Note_on_c, 3, 62, 101
6, 1185654, Note_on_c, 3, 54, 0
6, 1185654, Note_on_c, 3, 62, 0
6, 1185792, Note_on_c, 3, 52, 103
6, 1185792, Note_on_c, 3, 61, 103
6, 1186304, Note_on_c, 3, 52, 0
6, 1186304, Note_on_c, 3, 61, 0
6, 1186304, Note_on_c, 3, 54, 105
6, 1186304, Note_on_c, 3, 62, 105
6, 1186678, Note_on_c, 3, 54, 0
6, 1186678, Note_on_c, 3, 62, 0
6, 1186816, Note_on_c, 3, 62, 111
6, 1186816, Note_on_c, 3, 66, 111
6, 1187328, Note_on_c, 3, 62, 0
6, 1187328, Note_on_c, 3, 66, 0
6, 1187328, Note_on_c, 3, 61, 109
6, 1187328, Note_on_c, 3, 64, 109
6, 1187840, Note_on_c, 3, 61, 0
6, 1187840, Note_on_c, 3, 64, 0
6, 1187840, Note_on_c, 3, 64, 109
6, 1187840, Note_on_c, 3, 67, 109
6, 1188214, Note_on_c, 3, 64, 0
6, 1188214, Note_on_c, 3, 67, 0
6, 1188352, Note_on_c, 3, 62, 109
6, 1188352, Note_on_c, 3, 66, 109
6, 1188726, Note_on_c, 3, 62, 0
6, 1188726, Note_on_c, 3, 66, 0
6, 1188864, Note_on_c, 3, 62, 108
6, 1188864, Note_on_c, 3, 66, 108
6, 1189376, Note_on_c, 3, 62, 0
6, 1189376, Note_on_c, 3, 66, 0
6, 1189376, Note_on_c, 3, 64, 108
6, 1189376, Note_on_c, 3, 67, 108
6, 1190124, Note_on_c, 3, 64, 0
6, 1190124, Note_on_c, 3, 67, 0
6, 1190400, Note_on_c, 3, 57, 107
6, 1190400, Note_on_c, 3, 62, 107
6, 1190774, Note_on_c, 3, 57, 0
6, 1190774, Note_on_c, 3, 62, 0
6, 1190912, Note_on_c, 3, 62, 107
6, 1191660, Note_on_c, 3, 62, 0
6, 1191936, Note_on_c, 3, 54, 103
6, 1191936, Note_on_c, 3, 57, 103
6, 1192960, Note_on_c, 3, 54, 0
6, 1192960, Note_on_c, 3, 57, 0
6, 1192960, Note_on_c, 3, 52, 103
6, 1192960, Note_on_c, 3, 55, 103
6, 1194496, Note_on_c, 3, 52, 0
6, 1194496, Note_on_c, 3, 55, 0
6, 1194496, Note_on_c, 3, 50, 103
6, 1194496, Note_on_c, 3, 54, 103
6, 1194870, Note_on_c, 3, 50, 0
6, 1194870, Note_on_c, 3, 54, 0
6, 1195008, Note_on_c, 3, 50, 103
6, 1195008, Note_on_c, 3, 54, 103
6, 1195756, Note_on_c, 3, 50, 0
6, 1195756, Note_on_c, 3, 54, 0
6, 1196032, Note_on_c, 3, 50, 103
6, 1196032, Note_on_c, 3, 62, 103
6, 1197056, Note_on_c, 3, 50, 0
6, 1197056, Note_on_c, 3, 62, 0
6, 1197056, Note_on_c, 3, 57, 103
6, 1197056, Note_on_c, 3, 60, 103
6, 1198592, Note_on_c, 3, 57, 0
6, 1198592, Note_on_c, 3, 60, 0
6, 1198592, Note_on_c, 3, 55, 103
6, 1198592, Note_on_c, 3, 59, 103
6, 1198966, Note_on_c, 3, 55, 0
6, 1198966, Note_on_c, 3, 59, 0
6, 1199104, Note_on_c, 3, 55, 103
6, 1199104, Note_on_c, 3, 59, 103
6, 1199852, Note_on_c, 3, 55, 0
6, 1199852, Note_on_c, 3, 59, 0
6, 1200128, Note_on_c, 3, 55, 103
6, 1200128, Note_on_c, 3, 67, 103
6, 1200640, Note_on_c, 3, 55, 0
6, 1200640, Note_on_c, 3, 67, 0
6, 1200640, Note_on_c, 3, 52, 103
6, 1200640, Note_on_c, 3, 64, 103
6, 1201152, Note_on_c, 3, 52, 0
6, 1201152, Note_on_c, 3, 64, 0
6, 1201152, Note_on_c, 3, 62, 103
6, 1201664, Note_on_c, 3, 62, 0
6, 1201664, Note_on_c, 3, 61, 103
6, 1202176, Note_on_c, 3, 61, 0
6, 1202176, Note_on_c, 3, 64, 103
6, 1202688, Note_on_c, 3, 64, 0
6, 1202688, Note_on_c, 3, 61, 103
6, 1203200, Note_on_c, 3, 61, 0
6, 1203200, Note_on_c, 3, 59, 103
6, 1203712, Note_on_c, 3, 59, 0
6, 1203712, Note_on_c, 3, 57, 103
6, 1204224, Note_on_c, 3, 57, 0
6, 1204224, Note_on_c, 3, 59, 103
6, 1204736, Note_on_c, 3, 59, 0
6, 1204736, Note_on_c, 3, 61, 103
6, 1205248, Note_on_c, 3, 61, 0
6, 1205248, Note_on_c, 3, 64, 103
6, 1205760, Note_on_c, 3, 64, 0
6, 1205760, Note_on_c, 3, 62, 103
6, 1206272, Note_on_c, 3, 62, 0
6, 1206272, Note_on_c, 3, 66, 103
6, 1206784, Note_on_c, 3, 66, 0
6, 1206784, Note_on_c, 3, 62, 103
6, 1207296, Note_on_c, 3, 62, 0
6, 1207296, Note_on_c, 3, 61, 103
6, 1207808, Note_on_c, 3, 61, 0
6, 1207808, Note_on_c, 3, 59, 103
6, 1208320, Note_on_c, 3, 59, 0
6, 1208320, Note_on_c, 3, 62, 103
6, 1208832, Note_on_c, 3, 62, 0
6, 1208832, Note_on_c, 3, 59, 103
6, 1209344, Note_on_c, 3, 59, 0
6, 1209344, Note_on_c, 3, 57, 103
6, 1209856, Note_on_c, 3, 57, 0
6, 1209856, Note_on_c, 3, 56, 103
6, 1210368, Note_on_c, 3, 56, 0
6, 1210368, Note_on_c, 3, 59, 104
6, 1210880, Note_on_c, 3, 59, 0
6, 1210880, Note_on_c, 3, 56, 105
6, 1211392, Note_on_c, 3, 56, 0
6, 1211392, Note_on_c, 3, 54, 106
6, 1211904, Note_on_c, 3, 54, 0
6, 1211904, Note_on_c, 3, 52, 107
6, 1212416, Note_on_c, 3, 52, 0
6, 1212416, Note_on_c, 3, 54, 107
6, 1212928, Note_on_c, 3, 54, 0
6, 1212928, Note_on_c, 3, 56, 108
6, 1213440, Note_on_c, 3, 56, 0
6, 1213440, Note_on_c, 3, 57, 109
6, 1218048, Note_on_c, 3, 57, 0
6, 1218048, Note_on_c, 3, 56, 103
6, 1218560, Note_on_c, 3, 56, 0
6, 1218560, Note_on_c, 3, 59, 105
6, 1219072, Note_on_c, 3, 59, 0
6, 1219072, Note_on_c, 3, 56, 106
6, 1219584, Note_on_c, 3, 56, 0
6, 1219584, Note_on_c, 3, 54, 107
6, 1220096, Note_on_c, 3, 54, 0
6, 1220096, Note_on_c, 3, 52, 109
6, 1220608, Note_on_c, 3, 52, 0
6, 1220608, Note_on_c, 3, 54, 110
6, 1221120, Note_on_c, 3, 54, 0
6, 1221120, Note_on_c, 3, 56, 111
6, 1221632, Note_on_c, 3, 56, 0
6, 1221632, Note_on_c, 3, 57, 113
6, 1221888, Note_on_c, 3, 57, 0
6, 1221888, Note_on_c, 3, 59, 113
6, 1222144, Note_on_c, 3, 59, 0
6, 1222144, Note_on_c, 3, 57, 114
6, 1222400, Note_on_c, 3, 57, 0
6, 1222400, Note_on_c, 3, 56, 114
6, 1222656, Note_on_c, 3, 56, 0
6, 1222656, Note_on_c, 3, 54, 114
6, 1222912, Note_on_c, 3, 54, 0
6, 1222912, Note_on_c, 3, 56, 114
6, 1223168, Note_on_c, 3, 56, 0
6, 1223168, Note_on_c, 3, 54, 114
6, 1223424, Note_on_c, 3, 54, 0
6, 1223424, Note_on_c, 3, 52, 114
6, 1223680, Note_on_c, 3, 52, 0
6, 1223680, Note_on_c, 3, 50, 114
6, 1223936, Note_on_c, 3, 50, 0
6, 1223936, Note_on_c, 3, 52, 114
6, 1224192, Note_on_c, 3, 52, 0
6, 1224192, Note_on_c, 3, 50, 114
6, 1224448, Note_on_c, 3, 50, 0
6, 1224448, Note_on_c, 3, 49, 114
6, 1224704, Note_on_c, 3, 49, 0
6, 1224704, Note_on_c, 3, 47, 114
6, 1224960, Note_on_c, 3, 47, 0
6, 1224960, Note_on_c, 3, 49, 114
6, 1225216, Note_on_c, 3, 49, 0
6, 1225216, Note_on_c, 3, 47, 114
6, 1225472, Note_on_c, 3, 47, 0
6, 1225472, Note_on_c, 3, 45, 114
6, 1225728, Note_on_c, 3, 45, 0
6, 1225728, Note_on_c, 3, 45, 114
6, 1226752, Note_on_c, 3, 45, 0
6, 1227776, Note_on_c, 3, 57, 117
6, 1228800, Note_on_c, 3, 57, 0
6, 1229824, Note_on_c, 3, 41, 122
6, 1238016, Note_on_c, 3, 41, 0
6, 1240576, Note_on_c, 3, 34, 29
6, 1240576, Note_on_c, 3, 46, 29
6, 1241324, Note_on_c, 3, 34, 0
6, 1241324, Note_on_c, 3, 46, 0
6, 1246720, Note_on_c, 3, 34, 29
6, 1246720, Note_on_c, 3, 46, 29
6, 1247468, Note_on_c, 3, 34, 0
6, 1247468, Note_on_c, 3, 46, 0
6, 1252864, Note_on_c, 3, 34, 29
6, 1252864, Note_on_c, 3, 46, 29
6, 1253612, Note_on_c, 3, 34, 0
6, 1253612, Note_on_c, 3, 46, 0
6, 1255936, Note_on_c, 3, 34, 29
6, 1255936, Note_on_c, 3, 46, 29
6, 1256684, Note_on_c, 3, 34, 0
6, 1256684, Note_on_c, 3, 46, 0
6, 1259008, Note_on_c, 3, 34, 29
6, 1259008, Note_on_c, 3, 46, 29
6, 1259756, Note_on_c, 3, 34, 0
6, 1259756, Note_on_c, 3, 46, 0
6, 1262080, Note_on_c, 3, 34, 29
6, 1262080, Note_on_c, 3, 46, 29
6, 1262828, Note_on_c, 3, 34, 0
6, 1262828, Note_on_c, 3, 46, 0
6, 1265152, Note_on_c, 3, 34, 29
6, 1265152, Note_on_c, 3, 46, 29
6, 1265900, Note_on_c, 3, 34, 0
6, 1265900, Note_on_c, 3, 46, 0
6, 1268224, Note_on_c, 3, 34, 29
6, 1268224, Note_on_c, 3, 46, 29
6, 1268972, Note_on_c, 3, 34, 0
6, 1268972, Note_on_c, 3, 46, 0
6, 1271296, Note_on_c, 3, 34, 29
6, 1271296, Note_on_c, 3, 46, 29
6, 1272044, Note_on_c, 3, 34, 0
6, 1272044, Note_on_c, 3, 46, 0
6, 1274368, Note_on_c, 3, 34, 29
6, 1274368, Note_on_c, 3, 46, 29
6, 1275116, Note_on_c, 3, 34, 0
6, 1275116, Note_on_c, 3, 46, 0
6, 1275904, Note_on_c, 3, 34, 34
6, 1275904, Note_on_c, 3, 46, 34
6, 1276652, Note_on_c, 3, 34, 0
6, 1276652, Note_on_c, 3, 46, 0
6, 1277440, Note_on_c, 3, 46, 34
6, 1277440, Note_on_c, 3, 58, 34
6, 1278188, Note_on_c, 3, 46, 0
6, 1278188, Note_on_c, 3, 58, 0
6, 1278976, Note_on_c, 3, 34, 34
6, 1278976, Note_on_c, 3, 46, 34
6, 1279724, Note_on_c, 3, 34, 0
6, 1279724, Note_on_c, 3, 46, 0
6, 1280512, Note_on_c, 3, 46, 34
6, 1280512, Note_on_c, 3, 58, 34
6, 1281260, Note_on_c, 3, 46, 0
6, 1281260, Note_on_c, 3, 58, 0
6, 1282048, Note_on_c, 3, 41, 35
6, 1282048, Note_on_c, 3, 53, 35
6, 1282796, Note_on_c, 3, 41, 0
6, 1282796, Note_on_c, 3, 53, 0
6, 1283584, Note_on_c, 3, 53, 35
6, 1283584, Note_on_c, 3, 65, 35
6, 1284332, Note_on_c, 3, 53, 0
6, 1284332, Note_on_c, 3, 65, 0
6, 1285120, Note_on_c, 3, 41, 35
6, 1285120, Note_on_c, 3, 53, 35
6, 1285868, Note_on_c, 3, 41, 0
6, 1285868, Note_on_c, 3, 53, 0
6, 1286656, Note_on_c, 3, 53, 35
6, 1286656, Note_on_c, 3, 65, 35
6, 1287404, Note_on_c, 3, 53, 0
6, 1287404, Note_on_c, 3, 65, 0
6, 1288192, Note_on_c, 3, 34, 36
6, 1288192, Note_on_c, 3, 46, 36
6, 1288940, Note_on_c, 3, 34, 0
6, 1288940, Note_on_c, 3, 46, 0
6, 1289728, Note_on_c, 3, 46, 36
6, 1289728, Note_on_c, 3, 58, 36
6, 1290476, Note_on_c, 3, 46, 0
6, 1290476, Note_on_c, 3, 58, 0
6, 1291264, Note_on_c, 3, 34, 36
6, 1291264, Note_on_c, 3, 46, 36
6, 1292012, Note_on_c, 3, 34, 0
6, 1292012, Note_on_c, 3, 46, 0
6, 1292800, Note_on_c, 3, 46, 36
6, 1292800, Note_on_c, 3, 58, 36
6, 1293548, Note_on_c, 3, 46, 0
6, 1293548, Note_on_c, 3, 58, 0
6, 1294336, Note_on_c, 3, 41, 37
6, 1294336, Note_on_c, 3, 53, 37
6, 1295084, Note_on_c, 3, 41, 0
6, 1295084, Note_on_c, 3, 53, 0
6, 1295872, Note_on_c, 3, 53, 37
6, 1295872, Note_on_c, 3, 65, 37
6, 1296620, Note_on_c, 3, 53, 0
6, 1296620, Note_on_c, 3, 65, 0
6, 1297408, Note_on_c, 3, 41, 37
6, 1297408, Note_on_c, 3, 53, 37
6, 1298156, Note_on_c, 3, 41, 0
6, 1298156, Note_on_c, 3, 53, 0
6, 1298944, Note_on_c, 3, 53, 37
6, 1298944, Note_on_c, 3, 65, 37
6, 1299692, Note_on_c, 3, 53, 0
6, 1299692, Note_on_c, 3, 65, 0
6, 1300480, Note_on_c, 3, 34, 38
6, 1300480, Note_on_c, 3, 46, 38
6, 1301228, Note_on_c, 3, 34, 0
6, 1301228, Note_on_c, 3, 46, 0
6, 1302016, Note_on_c, 3, 46, 38
6, 1302016, Note_on_c, 3, 58, 38
6, 1302764, Note_on_c, 3, 46, 0
6, 1302764, Note_on_c, 3, 58, 0
6, 1303552, Note_on_c, 3, 34, 38
6, 1303552, Note_on_c, 3, 46, 38
6, 1304300, Note_on_c, 3, 34, 0
6, 1304300, Note_on_c, 3, 46, 0
6, 1305088, Note_on_c, 3, 46, 38
6, 1305088, Note_on_c, 3, 58, 38
6, 1305836, Note_on_c, 3, 46, 0
6, 1305836, Note_on_c, 3, 58, 0
6, 1306624, Note_on_c, 3, 41, 39
6, 1306624, Note_on_c, 3, 53, 39
6, 1307372, Note_on_c, 3, 41, 0
6, 1307372, Note_on_c, 3, 53, 0
6, 1308160, Note_on_c, 3, 45, 38
6, 1308160, Note_on_c, 3, 57, 38
6, 1308908, Note_on_c, 3, 45, 0
6, 1308908, Note_on_c, 3, 57, 0
6, 1309184, Note_on_c, 3, 48, 38
6, 1309184, Note_on_c, 3, 60, 38
6, 1309558, Note_on_c, 3, 48, 0
6, 1309558, Note_on_c, 3, 60, 0
6, 1309696, Note_on_c, 3, 53, 38
6, 1309696, Note_on_c, 3, 65, 38
6, 1310444, Note_on_c, 3, 53, 0
6, 1310444, Note_on_c, 3, 65, 0
6, 1310720, Note_on_c, 3, 41, 37
6, 1310720, Note_on_c, 3, 53, 37
6, 1311094, Note_on_c, 3, 41, 0
6, 1311094, Note_on_c, 3, 53, 0
6, 1311232, Note_on_c, 3, 43, 37
6, 1311232, Note_on_c, 3, 55, 37
6, 1311980, Note_on_c, 3, 43, 0
6, 1311980, Note_on_c, 3, 55, 0
6, 1312256, Note_on_c, 3, 45, 36
6, 1312256, Note_on_c, 3, 57, 36
6, 1312630, Note_on_c, 3, 45, 0
6, 1312630, Note_on_c, 3, 57, 0
6, 1312768, Note_on_c, 3, 34, 36
6, 1312768, Note_on_c, 3, 46, 36
6, 1313516, Note_on_c, 3, 34, 0
6, 1313516, Note_on_c, 3, 46, 0
6, 1314304, Note_on_c, 3, 46, 35
6, 1314304, Note_on_c, 3, 58, 35
6, 1315052, Note_on_c, 3, 46, 0
6, 1315052, Note_on_c, 3, 58, 0
6, 1315840, Note_on_c, 3, 34, 35
6, 1315840, Note_on_c, 3, 46, 35
6, 1316588, Note_on_c, 3, 34, 0
6, 1316588, Note_on_c, 3, 46, 0
6, 1317376, Note_on_c, 3, 46, 34
6, 1317376, Note_on_c, 3, 58, 34
6, 1318124, Note_on_c, 3, 46, 0
6, 1318124, Note_on_c, 3, 58, 0
6, 1318912, Note_on_c, 3, 41, 33
6, 1318912, Note_on_c, 3, 53, 33
6, 1319660, Note_on_c, 3, 41, 0
6, 1319660, Note_on_c, 3, 53, 0
6, 1320448, Note_on_c, 3, 53, 32
6, 1320448, Note_on_c, 3, 65, 32
6, 1321196, Note_on_c, 3, 53, 0
6, 1321196, Note_on_c, 3, 65, 0
6, 1321984, Note_on_c, 3, 34, 32
6, 1321984, Note_on_c, 3, 46, 32
6, 1322732, Note_on_c, 3, 34, 0
6, 1322732, Note_on_c, 3, 46, 0
6, 1325056, Note_on_c, 3, 41, 31
6, 1325056, Note_on_c, 3, 53, 31
6, 1325804, Note_on_c, 3, 41, 0
6, 1325804, Note_on_c, 3, 53, 0
6, 1326592, Note_on_c, 3, 53, 31
6, 1326592, Note_on_c, 3, 65, 31
6, 1327340, Note_on_c, 3, 53, 0
6, 1327340, Note_on_c, 3, 65, 0
6, 1328128, Note_on_c, 3, 41, 31
6, 1328128, Note_on_c, 3, 53, 31
6, 1328876, Note_on_c, 3, 41, 0
6, 1328876, Note_on_c, 3, 53, 0
6, 1329664, Note_on_c, 3, 34, 31
6, 1329664, Note_on_c, 3, 46, 31
6, 1330412, Note_on_c, 3, 34, 0
6, 1330412, Note_on_c, 3, 46, 0
6, 1331200, Note_on_c, 3, 41, 31
6, 1331200, Note_on_c, 3, 53, 31
6, 1331948, Note_on_c, 3, 41, 0
6, 1331948, Note_on_c, 3, 53, 0
6, 1332736, Note_on_c, 3, 53, 31
6, 1332736, Note_on_c, 3, 65, 31
6, 1333484, Note_on_c, 3, 53, 0
6, 1333484, Note_on_c, 3, 65, 0
6, 1334272, Note_on_c, 3, 41, 31
6, 1334272, Note_on_c, 3, 53, 31
6, 1335020, Note_on_c, 3, 41, 0
6, 1335020, Note_on_c, 3, 53, 0
6, 1335808, Note_on_c, 3, 34, 32
6, 1335808, Note_on_c, 3, 46, 32
6, 1336556, Note_on_c, 3, 34, 0
6, 1336556, Note_on_c, 3, 46, 0
6, 1337344, Note_on_c, 3, 41, 33
6, 1337344, Note_on_c, 3, 53, 33
6, 1338092, Note_on_c, 3, 41, 0
6, 1338092, Note_on_c, 3, 53, 0
6, 1338880, Note_on_c, 3, 46, 34
6, 1338880, Note_on_c, 3, 58, 34
6, 1339628, Note_on_c, 3, 46, 0
6, 1339628, Note_on_c, 3, 58, 0
6, 1340416, Note_on_c, 3, 41, 35
6, 1340416, Note_on_c, 3, 53, 35
6, 1341164, Note_on_c, 3, 41, 0
6, 1341164, Note_on_c, 3, 53, 0
6, 1341952, Note_on_c, 3, 53, 35
6, 1341952, Note_on_c, 3, 65, 35
6, 1342700, Note_on_c, 3, 53, 0
6, 1342700, Note_on_c, 3, 65, 0
6, 1343488, Note_on_c, 3, 36, 36
6, 1343488, Note_on_c, 3, 48, 36
6, 1344236, Note_on_c, 3, 36, 0
6, 1344236, Note_on_c, 3, 48, 0
6, 1345024, Note_on_c, 3, 48, 35
6, 1345024, Note_on_c, 3, 60, 35
6, 1345772, Note_on_c, 3, 48, 0
6, 1345772, Note_on_c, 3, 60, 0
6, 1346560, Note_on_c, 3, 51, 33
6, 1346560, Note_on_c, 3, 63, 33
6, 1348096, Note_on_c, 3, 51, 0
6, 1348096, Note_on_c, 3, 63, 0
6, 1348096, Note_on_c, 3, 50, 36
6, 1348096, Note_on_c, 3, 62, 36
6, 1349120, Note_on_c, 3, 50, 0
6, 1349120, Note_on_c, 3, 62, 0
6, 1349120, Note_on_c, 3, 48, 39
6, 1349120, Note_on_c, 3, 60, 39
6, 1349632, Note_on_c, 3, 48, 0
6, 1349632, Note_on_c, 3, 60, 0
6, 1349632, Note_on_c, 3, 34, 40
6, 1349632, Note_on_c, 3, 46, 40
6, 1350380, Note_on_c, 3, 34, 0
6, 1350380, Note_on_c, 3, 46, 0
6, 1351168, Note_on_c, 3, 46, 40
6, 1351168, Note_on_c, 3, 58, 40
6, 1351916, Note_on_c, 3, 46, 0
6, 1351916, Note_on_c, 3, 58, 0
6, 1352704, Note_on_c, 3, 44, 40
6, 1352704, Note_on_c, 3, 56, 40
6, 1353452, Note_on_c, 3, 44, 0
6, 1353452, Note_on_c, 3, 56, 0
6, 1354240, Note_on_c, 3, 56, 40
6, 1354240, Note_on_c, 3, 68, 40
6, 1354988, Note_on_c, 3, 56, 0
6, 1354988, Note_on_c, 3, 68, 0
6, 1355776, Note_on_c, 3, 43, 40
6, 1355776, Note_on_c, 3, 55, 40
6, 1356524, Note_on_c, 3, 43, 0
6, 1356524, Note_on_c, 3, 55, 0
6, 1357312, Note_on_c, 3, 55, 40
6, 1357312, Note_on_c, 3, 67, 40
6, 1358060, Note_on_c, 3, 55, 0
6, 1358060, Note_on_c, 3, 67, 0
6, 1358848, Note_on_c, 3, 39, 40
6, 1358848, Note_on_c, 3, 51, 40
6, 1359596, Note_on_c, 3, 39, 0
6, 1359596, Note_on_c, 3, 51, 0
6, 1360384, Note_on_c, 3, 40, 40
6, 1360384, Note_on_c, 3, 52, 40
6, 1361132, Note_on_c, 3, 40, 0
6, 1361132, Note_on_c, 3, 52, 0
6, 1361920, Note_on_c, 3, 41, 40
6, 1361920, Note_on_c, 3, 53, 40
6, 1362668, Note_on_c, 3, 41, 0
6, 1362668, Note_on_c, 3, 53, 0
6, 1363456, Note_on_c, 3, 53, 40
6, 1363456, Note_on_c, 3, 65, 40
6, 1364204, Note_on_c, 3, 53, 0
6, 1364204, Note_on_c, 3, 65, 0
6, 1364992, Note_on_c, 3, 41, 38
6, 1364992, Note_on_c, 3, 53, 38
6, 1365740, Note_on_c, 3, 41, 0
6, 1365740, Note_on_c, 3, 53, 0
6, 1366528, Note_on_c, 3, 53, 37
6, 1366528, Note_on_c, 3, 65, 37
6, 1367276, Note_on_c, 3, 53, 0
6, 1367276, Note_on_c, 3, 65, 0
6, 1368064, Note_on_c, 3, 41, 35
6, 1368064, Note_on_c, 3, 53, 35
6, 1368812, Note_on_c, 3, 41, 0
6, 1368812, Note_on_c, 3, 53, 0
6, 1369600, Note_on_c, 3, 53, 33
6, 1369600, Note_on_c, 3, 65, 33
6, 1370348, Note_on_c, 3, 53, 0
6, 1370348, Note_on_c, 3, 65, 0
6, 1371136, Note_on_c, 3, 34, 32
6, 1371136, Note_on_c, 3, 46, 32
6, 1371884, Note_on_c, 3, 34, 0
6, 1371884, Note_on_c, 3, 46, 0
6, 1374208, Note_on_c, 3, 34, 31
6, 1374208, Note_on_c, 3, 46, 31
6, 1374956, Note_on_c, 3, 34, 0
6, 1374956, Note_on_c, 3, 46, 0
6, 1375744, Note_on_c, 3, 46, 32
6, 1375744, Note_on_c, 3, 58, 32
6, 1376492, Note_on_c, 3, 46, 0
6, 1376492, Note_on_c, 3, 58, 0
6, 1377280, Note_on_c, 3, 34, 32
6, 1377280, Note_on_c, 3, 46, 32
6, 1378028, Note_on_c, 3, 34, 0
6, 1378028, Note_on_c, 3, 46, 0
6, 1378816, Note_on_c, 3, 46, 33
6, 1378816, Note_on_c, 3, 58, 33
6, 1379564, Note_on_c, 3, 46, 0
6, 1379564, Note_on_c, 3, 58, 0
6, 1380352, Note_on_c, 3, 41, 33
6, 1380352, Note_on_c, 3, 53, 33
6, 1381100, Note_on_c, 3, 41, 0
6, 1381100, Note_on_c, 3, 53, 0
6, 1381888, Note_on_c, 3, 53, 34
6, 1381888, Note_on_c, 3, 65, 34
6, 1382636, Note_on_c, 3, 53, 0
6, 1382636, Note_on_c, 3, 65, 0
6, 1383424, Note_on_c, 3, 41, 34
6, 1383424, Note_on_c, 3, 53, 34
6, 1384172, Note_on_c, 3, 41, 0
6, 1384172, Note_on_c, 3, 53, 0
6, 1384960, Note_on_c, 3, 53, 35
6, 1384960, Note_on_c, 3, 65, 35
6, 1385708, Note_on_c, 3, 53, 0
6, 1385708, Note_on_c, 3, 65, 0
6, 1386496, Note_on_c, 3, 34, 35
6, 1386496, Note_on_c, 3, 46, 35
6, 1387244, Note_on_c, 3, 34, 0
6, 1387244, Note_on_c, 3, 46, 0
6, 1388032, Note_on_c, 3, 46, 36
6, 1388032, Note_on_c, 3, 58, 36
6, 1388780, Note_on_c, 3, 46, 0
6, 1388780, Note_on_c, 3, 58, 0
6, 1389568, Note_on_c, 3, 34, 36
6, 1389568, Note_on_c, 3, 46, 36
6, 1390316, Note_on_c, 3, 34, 0
6, 1390316, Note_on_c, 3, 46, 0
6, 1391104, Note_on_c, 3, 46, 37
6, 1391104, Note_on_c, 3, 58, 37
6, 1391852, Note_on_c, 3, 46, 0
6, 1391852, Note_on_c, 3, 58, 0
6, 1392640, Note_on_c, 3, 41, 37
6, 1392640, Note_on_c, 3, 53, 37
6, 1393388, Note_on_c, 3, 41, 0
6, 1393388, Note_on_c, 3, 53, 0
6, 1394176, Note_on_c, 3, 53, 37
6, 1394176, Note_on_c, 3, 65, 37
6, 1394924, Note_on_c, 3, 53, 0
6, 1394924, Note_on_c, 3, 65, 0
6, 1395712, Note_on_c, 3, 41, 38
6, 1395712, Note_on_c, 3, 53, 38
6, 1396460, Note_on_c, 3, 41, 0
6, 1396460, Note_on_c, 3, 53, 0
6, 1397248, Note_on_c, 3, 53, 38
6, 1397248, Note_on_c, 3, 65, 38
6, 1397996, Note_on_c, 3, 53, 0
6, 1397996, Note_on_c, 3, 65, 0
6, 1398784, Note_on_c, 3, 34, 38
6, 1398784, Note_on_c, 3, 46, 38
6, 1399532, Note_on_c, 3, 34, 0
6, 1399532, Note_on_c, 3, 46, 0
6, 1400320, Note_on_c, 3, 46, 39
6, 1400320, Note_on_c, 3, 58, 39
6, 1401068, Note_on_c, 3, 46, 0
6, 1401068, Note_on_c, 3, 58, 0
6, 1401856, Note_on_c, 3, 34, 39
6, 1401856, Note_on_c, 3, 46, 39
6, 1402604, Note_on_c, 3, 34, 0
6, 1402604, Note_on_c, 3, 46, 0
6, 1403392, Note_on_c, 3, 46, 39
6, 1403392, Note_on_c, 3, 58, 39
6, 1404140, Note_on_c, 3, 46, 0
6, 1404140, Note_on_c, 3, 58, 0
6, 1404928, Note_on_c, 3, 41, 40
6, 1404928, Note_on_c, 3, 53, 40
6, 1405676, Note_on_c, 3, 41, 0
6, 1405676, Note_on_c, 3, 53, 0
6, 1406464, Note_on_c, 3, 45, 39
6, 1406464, Note_on_c, 3, 57, 39
6, 1407212, Note_on_c, 3, 45, 0
6, 1407212, Note_on_c, 3, 57, 0
6, 1407488, Note_on_c, 3, 48, 38
6, 1407488, Note_on_c, 3, 60, 38
6, 1407862, Note_on_c, 3, 48, 0
6, 1407862, Note_on_c, 3, 60, 0
6, 1408000, Note_on_c, 3, 53, 38
6, 1408000, Note_on_c, 3, 65, 38
6, 1408748, Note_on_c, 3, 53, 0
6, 1408748, Note_on_c, 3, 65, 0
6, 1409024, Note_on_c, 3, 41, 38
6, 1409024, Note_on_c, 3, 53, 38
6, 1409398, Note_on_c, 3, 41, 0
6, 1409398, Note_on_c, 3, 53, 0
6, 1409536, Note_on_c, 3, 43, 37
6, 1409536, Note_on_c, 3, 55, 37
6, 1410284, Note_on_c, 3, 43, 0
6, 1410284, Note_on_c, 3, 55, 0
6, 1410560, Note_on_c, 3, 45, 37
6, 1410560, Note_on_c, 3, 57, 37
6, 1410934, Note_on_c, 3, 45, 0
6, 1410934, Note_on_c, 3, 57, 0
6, 1411072, Note_on_c, 3, 34, 36
6, 1411072, Note_on_c, 3, 46, 36
6, 1411820, Note_on_c, 3, 34, 0
6, 1411820, Note_on_c, 3, 46, 0
6, 1412608, Note_on_c, 3, 46, 36
6, 1412608, Note_on_c, 3, 58, 36
6, 1413356, Note_on_c, 3, 46, 0
6, 1413356, Note_on_c, 3, 58, 0
6, 1414144, Note_on_c, 3, 34, 35
6, 1414144, Note_on_c, 3, 46, 35
6, 1414892, Note_on_c, 3, 34, 0
6, 1414892, Note_on_c, 3, 46, 0
6, 1415680, Note_on_c, 3, 46, 34
6, 1415680, Note_on_c, 3, 58, 34
6, 1416428, Note_on_c, 3, 46, 0
6, 1416428, Note_on_c, 3, 58, 0
6, 1417216, Note_on_c, 3, 41, 33
6, 1417216, Note_on_c, 3, 53, 33
6, 1417964, Note_on_c, 3, 41, 0
6, 1417964, Note_on_c, 3, 53, 0
6, 1418752, Note_on_c, 3, 53, 30
6, 1418752, Note_on_c, 3, 65, 30
6, 1419500, Note_on_c, 3, 53, 0
6, 1419500, Note_on_c, 3, 65, 0
6, 1420288, Note_on_c, 3, 34, 30
6, 1420288, Note_on_c, 3, 46, 30
6, 1421036, Note_on_c, 3, 34, 0
6, 1421036, Note_on_c, 3, 46, 0
6, 1423360, Note_on_c, 3, 41, 30
6, 1423360, Note_on_c, 3, 53, 30
6, 1424108, Note_on_c, 3, 41, 0
6, 1424108, Note_on_c, 3, 53, 0
6, 1424896, Note_on_c, 3, 53, 30
6, 1424896, Note_on_c, 3, 65, 30
6, 1425644, Note_on_c, 3, 53, 0
6, 1425644, Note_on_c, 3, 65, 0
6, 1426432, Note_on_c, 3, 41, 31
6, 1426432, Note_on_c, 3, 53, 31
6, 1427180, Note_on_c, 3, 41, 0
6, 1427180, Note_on_c, 3, 53, 0
6, 1427968, Note_on_c, 3, 34, 33
6, 1427968, Note_on_c, 3, 46, 33
6, 1428716, Note_on_c, 3, 34, 0
6, 1428716, Note_on_c, 3, 46, 0
6, 1429504, Note_on_c, 3, 41, 34
6, 1429504, Note_on_c, 3, 53, 34
6, 1430252, Note_on_c, 3, 41, 0
6, 1430252, Note_on_c, 3, 53, 0
6, 1431040, Note_on_c, 3, 53, 35
6, 1431040, Note_on_c, 3, 65, 35
6, 1431788, Note_on_c, 3, 53, 0
6, 1431788, Note_on_c, 3, 65, 0
6, 1432576, Note_on_c, 3, 41, 36
6, 1432576, Note_on_c, 3, 53, 36
6, 1433324, Note_on_c, 3, 41, 0
6, 1433324, Note_on_c, 3, 53, 0
6, 1434112, Note_on_c, 3, 34, 38
6, 1434112, Note_on_c, 3, 46, 38
6, 1434860, Note_on_c, 3, 34, 0
6, 1434860, Note_on_c, 3, 46, 0
6, 1435648, Note_on_c, 3, 41, 39
6, 1435648, Note_on_c, 3, 53, 39
6, 1436396, Note_on_c, 3, 41, 0
6, 1436396, Note_on_c, 3, 53, 0
6, 1437184, Note_on_c, 3, 46, 40
6, 1437184, Note_on_c, 3, 58, 40
6, 1437932, Note_on_c, 3, 46, 0
6, 1437932, Note_on_c, 3, 58, 0
6, 1438720, Note_on_c, 3, 41, 41
6, 1438720, Note_on_c, 3, 53, 41
6, 1439468, Note_on_c, 3, 41, 0
6, 1439468, Note_on_c, 3, 53, 0
6, 1440256, Note_on_c, 3, 53, 42
6, 1440256, Note_on_c, 3, 65, 42
6, 1441004, Note_on_c, 3, 53, 0
6, 1441004, Note_on_c, 3, 65, 0
6, 1441792, Note_on_c, 3, 36, 44
6, 1441792, Note_on_c, 3, 48, 44
6, 1442540, Note_on_c, 3, 36, 0
6, 1442540, Note_on_c, 3, 48, 0
6, 1443328, Note_on_c, 3, 48, 45
6, 1443328, Note_on_c, 3, 60, 45
6, 1444076, Note_on_c, 3, 48, 0
6, 1444076, Note_on_c, 3, 60, 0
6, 1444864, Note_on_c, 3, 51, 47
6, 1444864, Note_on_c, 3, 63, 47
6, 1446400, Note_on_c, 3, 51, 0
6, 1446400, Note_on_c, 3, 63, 0
6, 1446400, Note_on_c, 3, 50, 49
6, 1446400, Note_on_c, 3, 62, 49
6, 1447424, Note_on_c, 3, 50, 0
6, 1447424, Note_on_c, 3, 62, 0
6, 1447424, Note_on_c, 3, 48, 50
6, 1447424, Note_on_c, 3, 60, 50
6, 1447936, Note_on_c, 3, 48, 0
6, 1447936, Note_on_c, 3, 60, 0
6, 1447936, Note_on_c, 3, 34, 50
6, 1447936, Note_on_c, 3, 46, 50
6, 1448684, Note_on_c, 3, 34, 0
6, 1448684, Note_on_c, 3, 46, 0
6, 1449472, Note_on_c, 3, 46, 52
6, 1449472, Note_on_c, 3, 58, 52
6, 1450220, Note_on_c, 3, 46, 0
6, 1450220, Note_on_c, 3, 58, 0
6, 1451008, Note_on_c, 3, 44, 53
6, 1451008, Note_on_c, 3, 56, 53
6, 1451756, Note_on_c, 3, 44, 0
6, 1451756, Note_on_c, 3, 56, 0
6, 1452544, Note_on_c, 3, 56, 55
6, 1452544, Note_on_c, 3, 68, 55
6, 1453292, Note_on_c, 3, 56, 0
6, 1453292, Note_on_c, 3, 68, 0
6, 1454080, Note_on_c, 3, 43, 56
6, 1454080, Note_on_c, 3, 55, 56
6, 1454828, Note_on_c, 3, 43, 0
6, 1454828, Note_on_c, 3, 55, 0
6, 1455616, Note_on_c, 3, 55, 58
6, 1455616, Note_on_c, 3, 67, 58
6, 1456364, Note_on_c, 3, 55, 0
6, 1456364, Note_on_c, 3, 67, 0
6, 1457152, Note_on_c, 3, 39, 59
6, 1457152, Note_on_c, 3, 51, 59
6, 1457900, Note_on_c, 3, 39, 0
6, 1457900, Note_on_c, 3, 51, 0
6, 1458688, Note_on_c, 3, 40, 60
6, 1458688, Note_on_c, 3, 52, 60
6, 1459436, Note_on_c, 3, 40, 0
6, 1459436, Note_on_c, 3, 52, 0
6, 1460224, Note_on_c, 3, 41, 60
6, 1460224, Note_on_c, 3, 53, 60
6, 1460972, Note_on_c, 3, 41, 0
6, 1460972, Note_on_c, 3, 53, 0
6, 1461760, Note_on_c, 3, 53, 61
6, 1461760, Note_on_c, 3, 65, 61
6, 1462508, Note_on_c, 3, 53, 0
6, 1462508, Note_on_c, 3, 65, 0
6, 1463296, Note_on_c, 3, 41, 62
6, 1463296, Note_on_c, 3, 53, 62
6, 1464044, Note_on_c, 3, 41, 0
6, 1464044, Note_on_c, 3, 53, 0
6, 1464832, Note_on_c, 3, 53, 63
6, 1464832, Note_on_c, 3, 65, 63
6, 1465580, Note_on_c, 3, 53, 0
6, 1465580, Note_on_c, 3, 65, 0
6, 1466368, Note_on_c, 3, 41, 63
6, 1466368, Note_on_c, 3, 53, 63
6, 1467116, Note_on_c, 3, 41, 0
6, 1467116, Note_on_c, 3, 53, 0
6, 1467904, Note_on_c, 3, 53, 60
6, 1467904, Note_on_c, 3, 65, 60
6, 1468652, Note_on_c, 3, 53, 0
6, 1468652, Note_on_c, 3, 65, 0
6, 1469440, Note_on_c, 3, 34, 54
6, 1469440, Note_on_c, 3, 46, 54
6, 1470188, Note_on_c, 3, 34, 0
6, 1470188, Note_on_c, 3, 46, 0
6, 1472512, Note_on_c, 3, 41, 47
6, 1472512, Note_on_c, 3, 53, 47
6, 1473260, Note_on_c, 3, 41, 0
6, 1473260, Note_on_c, 3, 53, 0
6, 1474048, Note_on_c, 3, 53, 56
6, 1474048, Note_on_c, 3, 65, 56
6, 1474796, Note_on_c, 3, 53, 0
6, 1474796, Note_on_c, 3, 65, 0
6, 1475584, Note_on_c, 3, 41, 57
6, 1475584, Note_on_c, 3, 53, 57
6, 1476332, Note_on_c, 3, 41, 0
6, 1476332, Note_on_c, 3, 53, 0
6, 1477120, Note_on_c, 3, 34, 59
6, 1477120, Note_on_c, 3, 46, 59
6, 1477868, Note_on_c, 3, 34, 0
6, 1477868, Note_on_c, 3, 46, 0
6, 1478656, Note_on_c, 3, 41, 61
6, 1478656, Note_on_c, 3, 53, 61
6, 1479404, Note_on_c, 3, 41, 0
6, 1479404, Note_on_c, 3, 53, 0
6, 1480192, Note_on_c, 3, 53, 62
6, 1480192, Note_on_c, 3, 65, 62
6, 1480940, Note_on_c, 3, 53, 0
6, 1480940, Note_on_c, 3, 65, 0
6, 1481728, Note_on_c, 3, 41, 64
6, 1481728, Note_on_c, 3, 53, 64
6, 1482476, Note_on_c, 3, 41, 0
6, 1482476, Note_on_c, 3, 53, 0
6, 1483264, Note_on_c, 3, 34, 66
6, 1483264, Note_on_c, 3, 46, 66
6, 1484012, Note_on_c, 3, 34, 0
6, 1484012, Note_on_c, 3, 46, 0
6, 1484800, Note_on_c, 3, 41, 67
6, 1484800, Note_on_c, 3, 53, 67
6, 1485548, Note_on_c, 3, 41, 0
6, 1485548, Note_on_c, 3, 53, 0
6, 1486336, Note_on_c, 3, 46, 69
6, 1486336, Note_on_c, 3, 58, 69
6, 1487084, Note_on_c, 3, 46, 0
6, 1487084, Note_on_c, 3, 58, 0
6, 1487872, Note_on_c, 3, 41, 71
6, 1487872, Note_on_c, 3, 53, 71
6, 1488620, Note_on_c, 3, 41, 0
6, 1488620, Note_on_c, 3, 53, 0
6, 1489408, Note_on_c, 3, 53, 72
6, 1489408, Note_on_c, 3, 65, 72
6, 1490156, Note_on_c, 3, 53, 0
6, 1490156, Note_on_c, 3, 65, 0
6, 1490944, Note_on_c, 3, 36, 71
6, 1490944, Note_on_c, 3, 48, 71
6, 1491692, Note_on_c, 3, 36, 0
6, 1491692, Note_on_c, 3, 48, 0
6, 1492480, Note_on_c, 3, 48, 70
6, 1492480, Note_on_c, 3, 60, 70
6, 1493228, Note_on_c, 3, 48, 0
6, 1493228, Note_on_c, 3, 60, 0
6, 1494016, Note_on_c, 3, 51, 68
6, 1494016, Note_on_c, 3, 63, 68
6, 1495552, Note_on_c, 3, 51, 0
6, 1495552, Note_on_c, 3, 63, 0
6, 1495552, Note_on_c, 3, 50, 69
6, 1495552, Note_on_c, 3, 62, 69
6, 1496576, Note_on_c, 3, 50, 0
6, 1496576, Note_on_c, 3, 62, 0
6, 1496576, Note_on_c, 3, 48, 70
6, 1496576, Note_on_c, 3, 60, 70
6, 1497088, Note_on_c, 3, 48, 0
6, 1497088, Note_on_c, 3, 60, 0
6, 1497088, Note_on_c, 3, 34, 71
6, 1497088, Note_on_c, 3, 46, 71
6, 1497836, Note_on_c, 3, 34, 0
6, 1497836, Note_on_c, 3, 46, 0
6, 1498624, Note_on_c, 3, 46, 72
6, 1498624, Note_on_c, 3, 58, 72
6, 1499372, Note_on_c, 3, 46, 0
6, 1499372, Note_on_c, 3, 58, 0
6, 1500160, Note_on_c, 3, 44, 74
6, 1500160, Note_on_c, 3, 56, 74
6, 1500908, Note_on_c, 3, 44, 0
6, 1500908, Note_on_c, 3, 56, 0
6, 1501696, Note_on_c, 3, 56, 75
6, 1501696, Note_on_c, 3, 68, 75
6, 1502444, Note_on_c, 3, 56, 0
6, 1502444, Note_on_c, 3, 68, 0
6, 1503232, Note_on_c, 3, 43, 77
6, 1503232, Note_on_c, 3, 55, 77
6, 1503980, Note_on_c, 3, 43, 0
6, 1503980, Note_on_c, 3, 55, 0
6, 1504768, Note_on_c, 3, 55, 78
6, 1504768, Note_on_c, 3, 67, 78
6, 1505516, Note_on_c, 3, 55, 0
6, 1505516, Note_on_c, 3, 67, 0
6, 1506304, Note_on_c, 3, 39, 80
6, 1506304, Note_on_c, 3, 51, 80
6, 1507052, Note_on_c, 3, 39, 0
6, 1507052, Note_on_c, 3, 51, 0
6, 1507840, Note_on_c, 3, 40, 81
6, 1507840, Note_on_c, 3, 52, 81
6, 1508588, Note_on_c, 3, 40, 0
6, 1508588, Note_on_c, 3, 52, 0
6, 1509376, Note_on_c, 3, 41, 82
6, 1509376, Note_on_c, 3, 53, 82
6, 1510124, Note_on_c, 3, 41, 0
6, 1510124, Note_on_c, 3, 53, 0
6, 1510912, Note_on_c, 3, 53, 73
6, 1510912, Note_on_c, 3, 65, 73
6, 1511660, Note_on_c, 3, 53, 0
6, 1511660, Note_on_c, 3, 65, 0
6, 1512448, Note_on_c, 3, 41, 77
6, 1512448, Note_on_c, 3, 53, 77
6, 1513196, Note_on_c, 3, 41, 0
6, 1513196, Note_on_c, 3, 53, 0
6, 1513984, Note_on_c, 3, 53, 80
6, 1513984, Note_on_c, 3, 65, 80
6, 1514732, Note_on_c, 3, 53, 0
6, 1514732, Note_on_c, 3, 65, 0
6, 1515520, Note_on_c, 3, 41, 83
6, 1515520, Note_on_c, 3, 53, 83
6, 1516268, Note_on_c, 3, 41, 0
6, 1516268, Note_on_c, 3, 53, 0
6, 1517056, Note_on_c, 3, 53, 86
6, 1517056, Note_on_c, 3, 65, 86
6, 1517804, Note_on_c, 3, 53, 0
6, 1517804, Note_on_c, 3, 65, 0
6, 1518592, Note_on_c, 3, 34, 89
6, 1518592, Note_on_c, 3, 46, 89
6, 1519340, Note_on_c, 3, 34, 0
6, 1519340, Note_on_c, 3, 46, 0
6, 1521664, Note_on_c, 3, 34, 91
6, 1521664, Note_on_c, 3, 46, 91
6, 1522412, Note_on_c, 3, 34, 0
6, 1522412, Note_on_c, 3, 46, 0
6, 1523200, Note_on_c, 3, 46, 88
6, 1523200, Note_on_c, 3, 58, 88
6, 1523948, Note_on_c, 3, 46, 0
6, 1523948, Note_on_c, 3, 58, 0
6, 1524736, Note_on_c, 3, 34, 85
6, 1524736, Note_on_c, 3, 46, 85
6, 1525484, Note_on_c, 3, 34, 0
6, 1525484, Note_on_c, 3, 46, 0
6, 1526272, Note_on_c, 3, 46, 82
6, 1526272, Note_on_c, 3, 58, 82
6, 1527020, Note_on_c, 3, 46, 0
6, 1527020, Note_on_c, 3, 58, 0
6, 1527808, Note_on_c, 3, 39, 78
6, 1527808, Note_on_c, 3, 51, 78
6, 1528556, Note_on_c, 3, 39, 0
6, 1528556, Note_on_c, 3, 51, 0
6, 1529344, Note_on_c, 3, 51, 75
6, 1529344, Note_on_c, 3, 63, 75
6, 1530092, Note_on_c, 3, 51, 0
6, 1530092, Note_on_c, 3, 63, 0
6, 1530880, Note_on_c, 3, 39, 77
6, 1530880, Note_on_c, 3, 51, 77
6, 1531628, Note_on_c, 3, 39, 0
6, 1531628, Note_on_c, 3, 51, 0
6, 1532416, Note_on_c, 3, 51, 80
6, 1532416, Note_on_c, 3, 63, 80
6, 1533164, Note_on_c, 3, 51, 0
6, 1533164, Note_on_c, 3, 63, 0
6, 1533952, Note_on_c, 3, 41, 83
6, 1533952, Note_on_c, 3, 53, 83
6, 1534700, Note_on_c, 3, 41, 0
6, 1534700, Note_on_c, 3, 53, 0
6, 1535488, Note_on_c, 3, 53, 85
6, 1535488, Note_on_c, 3, 65, 85
6, 1536236, Note_on_c, 3, 53, 0
6, 1536236, Note_on_c, 3, 65, 0
6, 1537024, Note_on_c, 3, 41, 88
6, 1537024, Note_on_c, 3, 53, 88
6, 1537772, Note_on_c, 3, 41, 0
6, 1537772, Note_on_c, 3, 53, 0
6, 1538560, Note_on_c, 3, 53, 91
6, 1538560, Note_on_c, 3, 65, 91
6, 1539308, Note_on_c, 3, 53, 0
6, 1539308, Note_on_c, 3, 65, 0
6, 1540096, Note_on_c, 3, 46, 93
6, 1540096, Note_on_c, 3, 58, 93
6, 1540844, Note_on_c, 3, 46, 0
6, 1540844, Note_on_c, 3, 58, 0
6, 1541632, Note_on_c, 3, 41, 96
6, 1541632, Note_on_c, 3, 53, 96
6, 1542380, Note_on_c, 3, 41, 0
6, 1542380, Note_on_c, 3, 53, 0
6, 1543168, Note_on_c, 3, 58, 98
6, 1543168, Note_on_c, 3, 62, 98
6, 1543680, Note_on_c, 3, 58, 0
6, 1543680, Note_on_c, 3, 62, 0
6, 1543680, Note_on_c, 3, 60, 99
6, 1543680, Note_on_c, 3, 63, 99
6, 1544192, Note_on_c, 3, 60, 0
6, 1544192, Note_on_c, 3, 63, 0
6, 1544192, Note_on_c, 3, 62, 99
6, 1544192, Note_on_c, 3, 65, 99
6, 1545216, Note_on_c, 3, 62, 0
6, 1545216, Note_on_c, 3, 65, 0
6, 1545216, Note_on_c, 3, 60, 99
6, 1545216, Note_on_c, 3, 63, 99
6, 1545728, Note_on_c, 3, 60, 0
6, 1545728, Note_on_c, 3, 63, 0
6, 1545728, Note_on_c, 3, 57, 99
6, 1545728, Note_on_c, 3, 60, 99
6, 1546102, Note_on_c, 3, 57, 0
6, 1546102, Note_on_c, 3, 60, 0
6, 1546240, Note_on_c, 3, 62, 108
6, 1546496, Note_on_c, 3, 62, 0
6, 1546752, Note_on_c, 3, 62, 100
6, 1547008, Note_on_c, 3, 62, 0
6, 1547264, Note_on_c, 3, 62, 100
6, 1547520, Note_on_c, 3, 62, 0
6, 1547776, Note_on_c, 3, 62, 100
6, 1548032, Note_on_c, 3, 62, 0
6, 1548288, Note_on_c, 3, 63, 100
6, 1548544, Note_on_c, 3, 63, 0
6, 1548800, Note_on_c, 3, 65, 100
6, 1549056, Note_on_c, 3, 65, 0
6, 1549312, Note_on_c, 3, 65, 106
6, 1549568, Note_on_c, 3, 65, 0
6, 1549824, Note_on_c, 3, 67, 100
6, 1550080, Note_on_c, 3, 67, 0
6, 1550336, Note_on_c, 3, 65, 100
6, 1550592, Note_on_c, 3, 65, 0
6, 1550848, Note_on_c, 3, 63, 100
6, 1551104, Note_on_c, 3, 63, 0
6, 1551360, Note_on_c, 3, 62, 100
6, 1551616, Note_on_c, 3, 62, 0
6, 1551872, Note_on_c, 3, 60, 100
6, 1552128, Note_on_c, 3, 60, 0
6, 1552384, Note_on_c, 3, 58, 106
6, 1552640, Note_on_c, 3, 58, 0
6, 1552896, Note_on_c, 3, 57, 100
6, 1553152, Note_on_c, 3, 57, 0
6, 1553408, Note_on_c, 3, 58, 100
6, 1553664, Note_on_c, 3, 58, 0
6, 1553920, Note_on_c, 3, 59, 100
6, 1554176, Note_on_c, 3, 59, 0
6, 1554432, Note_on_c, 3, 60, 100
6, 1554688, Note_on_c, 3, 60, 0
6, 1554944, Note_on_c, 3, 62, 100
6, 1555200, Note_on_c, 3, 62, 0
6, 1555456, Note_on_c, 3, 60, 106
6, 1555712, Note_on_c, 3, 60, 0
6, 1555968, Note_on_c, 3, 53, 100
6, 1556224, Note_on_c, 3, 53, 0
6, 1556480, Note_on_c, 3, 53, 100
6, 1556736, Note_on_c, 3, 53, 0
6, 1556992, Note_on_c, 3, 58, 100
6, 1557248, Note_on_c, 3, 58, 0
6, 1557504, Note_on_c, 3, 46, 100
6, 1557760, Note_on_c, 3, 46, 0
6, 1558016, Note_on_c, 3, 46, 100
6, 1558272, Note_on_c, 3, 46, 0
6, 1558528, Note_on_c, 3, 65, 106
6, 1559276, Note_on_c, 3, 65, 0
6, 1559552, Note_on_c, 3, 41, 100
6, 1559552, Note_on_c, 3, 53, 100
6, 1559926, Note_on_c, 3, 41, 0
6, 1559926, Note_on_c, 3, 53, 0
6, 1560064, Note_on_c, 3, 41, 114
6, 1560064, Note_on_c, 3, 53, 114
6, 1561185, Note_on_c, 3, 41, 0
6, 1561185, Note_on_c, 3, 53, 0
6, 1562624, Note_on_c, 3, 43, 100
6, 1562624, Note_on_c, 3, 55, 100
6, 1562998, Note_on_c, 3, 43, 0
6, 1562998, Note_on_c, 3, 55, 0
6, 1563136, Note_on_c, 3, 43, 114
6, 1563136, Note_on_c, 3, 55, 114
6, 1565420, Note_on_c, 3, 43, 0
6, 1565420, Note_on_c, 3, 55, 0
6, 1565696, Note_on_c, 3, 45, 100
6, 1565696, Note_on_c, 3, 57, 100
6, 1566070, Note_on_c, 3, 45, 0
6, 1566070, Note_on_c, 3, 57, 0
6, 1566208, Note_on_c, 3, 50, 100
6, 1566208, Note_on_c, 3, 62, 100
6, 1566956, Note_on_c, 3, 50, 0
6, 1566956, Note_on_c, 3, 62, 0
6, 1567232, Note_on_c, 3, 48, 100
6, 1567232, Note_on_c, 3, 60, 100
6, 1567606, Note_on_c, 3, 48, 0
6, 1567606, Note_on_c, 3, 60, 0
6, 1567744, Note_on_c, 3, 46, 106
6, 1567744, Note_on_c, 3, 58, 106
6, 1568492, Note_on_c, 3, 46, 0
6, 1568492, Note_on_c, 3, 58, 0
6, 1569280, Note_on_c, 3, 45, 100
6, 1569280, Note_on_c, 3, 57, 100
6, 1570028, Note_on_c, 3, 45, 0
6, 1570028, Note_on_c, 3, 57, 0
6, 1570816, Note_on_c, 3, 45, 106
6, 1570816, Note_on_c, 3, 57, 106
6, 1571564, Note_on_c, 3, 45, 0
6, 1571564, Note_on_c, 3, 57, 0
6, 1572352, Note_on_c, 3, 43, 100
6, 1572352, Note_on_c, 3, 55, 100
6, 1573100, Note_on_c, 3, 43, 0
6, 1573100, Note_on_c, 3, 55, 0
6, 1573888, Note_on_c, 3, 43, 106
6, 1573888, Note_on_c, 3, 55, 106
6, 1574636, Note_on_c, 3, 43, 0
6, 1574636, Note_on_c, 3, 55, 0
6, 1575424, Note_on_c, 3, 42, 100
6, 1575424, Note_on_c, 3, 54, 100
6, 1576172, Note_on_c, 3, 42, 0
6, 1576172, Note_on_c, 3, 54, 0
6, 1576960, Note_on_c, 3, 43, 106
6, 1576960, Note_on_c, 3, 55, 106
6, 1577708, Note_on_c, 3, 43, 0
6, 1577708, Note_on_c, 3, 55, 0
6, 1599488, Note_on_c, 3, 65, 100
6, 1599862, Note_on_c, 3, 65, 0
6, 1600000, Note_on_c, 3, 67, 100
6, 1600748, Note_on_c, 3, 67, 0
6, 1601024, Note_on_c, 3, 55, 100
6, 1601398, Note_on_c, 3, 55, 0
6, 1601536, Note_on_c, 3, 60, 108
6, 1602284, Note_on_c, 3, 60, 0
6, 1611776, Note_on_c, 3, 55, 100
6, 1612150, Note_on_c, 3, 55, 0
6, 1612288, Note_on_c, 3, 60, 100
6, 1613036, Note_on_c, 3, 60, 0
6, 1613312, Note_on_c, 3, 48, 100
6, 1613686, Note_on_c, 3, 48, 0
6, 1613824, Note_on_c, 3, 62, 108
6, 1614572, Note_on_c, 3, 62, 0
6, 1615360, Note_on_c, 3, 58, 100
6, 1617644, Note_on_c, 3, 58, 0
6, 1617920, Note_on_c, 3, 41, 100
6, 1617920, Note_on_c, 3, 53, 100
6, 1618294, Note_on_c, 3, 41, 0
6, 1618294, Note_on_c, 3, 53, 0
6, 1618432, Note_on_c, 3, 46, 100
6, 1618432, Note_on_c, 3, 58, 100
6, 1619180, Note_on_c, 3, 46, 0
6, 1619180, Note_on_c, 3, 58, 0
6, 1619456, Note_on_c, 3, 44, 100
6, 1619456, Note_on_c, 3, 56, 100
6, 1619830, Note_on_c, 3, 44, 0
6, 1619830, Note_on_c, 3, 56, 0
6, 1619968, Note_on_c, 3, 43, 108
6, 1619968, Note_on_c, 3, 55, 108
6, 1620224, Note_on_c, 3, 43, 0
6, 1620224, Note_on_c, 3, 55, 0
6, 1620480, Note_on_c, 3, 44, 100
6, 1620480, Note_on_c, 3, 56, 100
6, 1620736, Note_on_c, 3, 44, 0
6, 1620736, Note_on_c, 3, 56, 0
6, 1620992, Note_on_c, 3, 46, 100
6, 1620992, Note_on_c, 3, 58, 100
6, 1621248, Note_on_c, 3, 46, 0
6, 1621248, Note_on_c, 3, 58, 0
6, 1621504, Note_on_c, 3, 46, 100
6, 1621504, Note_on_c, 3, 58, 100
6, 1621760, Note_on_c, 3, 46, 0
6, 1621760, Note_on_c, 3, 58, 0
6, 1622016, Note_on_c, 3, 46, 100
6, 1622016, Note_on_c, 3, 58, 100
6, 1622272, Note_on_c, 3, 46, 0
6, 1622272, Note_on_c, 3, 58, 0
6, 1622528, Note_on_c, 3, 46, 100
6, 1622528, Note_on_c, 3, 58, 100
6, 1622784, Note_on_c, 3, 46, 0
6, 1622784, Note_on_c, 3, 58, 0
6, 1623040, Note_on_c, 3, 46, 108
6, 1623040, Note_on_c, 3, 58, 108
6, 1623296, Note_on_c, 3, 46, 0
6, 1623296, Note_on_c, 3, 58, 0
6, 1623552, Note_on_c, 3, 48, 100
6, 1623552, Note_on_c, 3, 60, 100
6, 1623808, Note_on_c, 3, 48, 0
6, 1623808, Note_on_c, 3, 60, 0
6, 1624064, Note_on_c, 3, 46, 100
6, 1624064, Note_on_c, 3, 58, 100
6, 1624320, Note_on_c, 3, 46, 0
6, 1624320, Note_on_c, 3, 58, 0
6, 1624576, Note_on_c, 3, 44, 100
6, 1624576, Note_on_c, 3, 56, 100
6, 1624832, Note_on_c, 3, 44, 0
6, 1624832, Note_on_c, 3, 56, 0
6, 1625088, Note_on_c, 3, 43, 100
6, 1625088, Note_on_c, 3, 55, 100
6, 1625344, Note_on_c, 3, 43, 0
6, 1625344, Note_on_c, 3, 55, 0
6, 1625600, Note_on_c, 3, 41, 100
6, 1625600, Note_on_c, 3, 53, 100
6, 1625856, Note_on_c, 3, 41, 0
6, 1625856, Note_on_c, 3, 53, 0
6, 1626112, Note_on_c, 3, 39, 108
6, 1626112, Note_on_c, 3, 51, 108
6, 1626368, Note_on_c, 3, 39, 0
6, 1626368, Note_on_c, 3, 51, 0
6, 1626624, Note_on_c, 3, 41, 100
6, 1626624, Note_on_c, 3, 53, 100
6, 1626880, Note_on_c, 3, 41, 0
6, 1626880, Note_on_c, 3, 53, 0
6, 1627136, Note_on_c, 3, 39, 100
6, 1627136, Note_on_c, 3, 51, 100
6, 1627392, Note_on_c, 3, 39, 0
6, 1627392, Note_on_c, 3, 51, 0
6, 1627648, Note_on_c, 3, 40, 100
6, 1627648, Note_on_c, 3, 52, 100
6, 1627904, Note_on_c, 3, 40, 0
6, 1627904, Note_on_c, 3, 52, 0
6, 1628160, Note_on_c, 3, 41, 100
6, 1628160, Note_on_c, 3, 53, 100
6, 1628416, Note_on_c, 3, 41, 0
6, 1628416, Note_on_c, 3, 53, 0
6, 1628672, Note_on_c, 3, 43, 100
6, 1628672, Note_on_c, 3, 55, 100
6, 1628928, Note_on_c, 3, 43, 0
6, 1628928, Note_on_c, 3, 55, 0
6, 1629184, Note_on_c, 3, 41, 108
6, 1629184, Note_on_c, 3, 53, 108
6, 1629440, Note_on_c, 3, 41, 0
6, 1629440, Note_on_c, 3, 53, 0
6, 1629696, Note_on_c, 3, 36, 101
6, 1629696, Note_on_c, 3, 48, 101
6, 1629952, Note_on_c, 3, 36, 0
6, 1629952, Note_on_c, 3, 48, 0
6, 1630208, Note_on_c, 3, 36, 101
6, 1630208, Note_on_c, 3, 48, 101
6, 1630464, Note_on_c, 3, 36, 0
6, 1630464, Note_on_c, 3, 48, 0
6, 1630720, Note_on_c, 3, 48, 101
6, 1630720, Note_on_c, 3, 60, 101
6, 1630976, Note_on_c, 3, 48, 0
6, 1630976, Note_on_c, 3, 60, 0
6, 1631232, Note_on_c, 3, 36, 101
6, 1631232, Note_on_c, 3, 48, 101
6, 1631488, Note_on_c, 3, 36, 0
6, 1631488, Note_on_c, 3, 48, 0
6, 1631744, Note_on_c, 3, 36, 101
6, 1631744, Note_on_c, 3, 48, 101
6, 1632000, Note_on_c, 3, 36, 0
6, 1632000, Note_on_c, 3, 48, 0
6, 1632256, Note_on_c, 3, 48, 108
6, 1632256, Note_on_c, 3, 60, 108
6, 1632512, Note_on_c, 3, 48, 0
6, 1632512, Note_on_c, 3, 60, 0
6, 1632768, Note_on_c, 3, 41, 101
6, 1632768, Note_on_c, 3, 53, 101
6, 1633024, Note_on_c, 3, 41, 0
6, 1633024, Note_on_c, 3, 53, 0
6, 1633280, Note_on_c, 3, 56, 101
6, 1633654, Note_on_c, 3, 56, 0
6, 1633792, Note_on_c, 3, 61, 101
6, 1634540, Note_on_c, 3, 61, 0
6, 1634816, Note_on_c, 3, 60, 101
6, 1635190, Note_on_c, 3, 60, 0
6, 1635328, Note_on_c, 3, 58, 108
6, 1636076, Note_on_c, 3, 58, 0
6, 1636864, Note_on_c, 3, 56, 101
6, 1637612, Note_on_c, 3, 56, 0
6, 1639424, Note_on_c, 3, 58, 101
6, 1639798, Note_on_c, 3, 58, 0
6, 1639936, Note_on_c, 3, 63, 101
6, 1640684, Note_on_c, 3, 63, 0
6, 1640960, Note_on_c, 3, 61, 101
6, 1641334, Note_on_c, 3, 61, 0
6, 1641472, Note_on_c, 3, 60, 108
6, 1642220, Note_on_c, 3, 60, 0
6, 1642496, Note_on_c, 3, 60, 101
6, 1643756, Note_on_c, 3, 60, 0
6, 1644032, Note_on_c, 3, 58, 101
6, 1644406, Note_on_c, 3, 58, 0
6, 1644544, Note_on_c, 3, 60, 109
6, 1644544, Note_on_c, 3, 66, 109
6, 1644800, Note_on_c, 3, 60, 0
6, 1644800, Note_on_c, 3, 66, 0
6, 1645056, Note_on_c, 3, 63, 101
6, 1645056, Note_on_c, 3, 66, 101
6, 1645312, Note_on_c, 3, 63, 0
6, 1645312, Note_on_c, 3, 66, 0
6, 1645568, Note_on_c, 3, 63, 101
6, 1645568, Note_on_c, 3, 66, 101
6, 1645824, Note_on_c, 3, 63, 0
6, 1645824, Note_on_c, 3, 66, 0
6, 1646080, Note_on_c, 3, 63, 101
6, 1646080, Note_on_c, 3, 66, 101
6, 1646336, Note_on_c, 3, 63, 0
6, 1646336, Note_on_c, 3, 66, 0
6, 1646592, Note_on_c, 3, 61, 101
6, 1646592, Note_on_c, 3, 65, 101
6, 1646848, Note_on_c, 3, 61, 0
6, 1646848, Note_on_c, 3, 65, 0
6, 1647104, Note_on_c, 3, 60, 101
6, 1647104, Note_on_c, 3, 63, 101
6, 1647360, Note_on_c, 3, 60, 0
6, 1647360, Note_on_c, 3, 63, 0
6, 1647616, Note_on_c, 3, 60, 108
6, 1647616, Note_on_c, 3, 63, 108
6, 1647872, Note_on_c, 3, 60, 0
6, 1647872, Note_on_c, 3, 63, 0
6, 1648128, Note_on_c, 3, 60, 101
6, 1648128, Note_on_c, 3, 63, 101
6, 1648384, Note_on_c, 3, 60, 0
6, 1648384, Note_on_c, 3, 63, 0
6, 1648640, Note_on_c, 3, 60, 101
6, 1648640, Note_on_c, 3, 63, 101
6, 1648896, Note_on_c, 3, 60, 0
6, 1648896, Note_on_c, 3, 63, 0
6, 1649152, Note_on_c, 3, 60, 101
6, 1649152, Note_on_c, 3, 63, 101
6, 1649408, Note_on_c, 3, 60, 0
6, 1649408, Note_on_c, 3, 63, 0
6, 1649664, Note_on_c, 3, 61, 101
6, 1649664, Note_on_c, 3, 65, 101
6, 1649920, Note_on_c, 3, 61, 0
6, 1649920, Note_on_c, 3, 65, 0
6, 1650176, Note_on_c, 3, 63, 101
6, 1650176, Note_on_c, 3, 66, 101
6, 1650432, Note_on_c, 3, 63, 0
6, 1650432, Note_on_c, 3, 66, 0
6, 1650688, Note_on_c, 3, 53, 108
6, 1650688, Note_on_c, 3, 65, 108
6, 1650944, Note_on_c, 3, 53, 0
6, 1650944, Note_on_c, 3, 65, 0
6, 1651200, Note_on_c, 3, 61, 101
6, 1651200, Note_on_c, 3, 65, 101
6, 1651456, Note_on_c, 3, 61, 0
6, 1651456, Note_on_c, 3, 65, 0
6, 1651712, Note_on_c, 3, 61, 101
6, 1651712, Note_on_c, 3, 65, 101
6, 1651968, Note_on_c, 3, 61, 0
6, 1651968, Note_on_c, 3, 65, 0
6, 1652224, Note_on_c, 3, 61, 101
6, 1652224, Note_on_c, 3, 65, 101
6, 1652480, Note_on_c, 3, 61, 0
6, 1652480, Note_on_c, 3, 65, 0
6, 1652736, Note_on_c, 3, 60, 101
6, 1652736, Note_on_c, 3, 63, 101
6, 1652992, Note_on_c, 3, 60, 0
6, 1652992, Note_on_c, 3, 63, 0
6, 1653248, Note_on_c, 3, 58, 101
6, 1653248, Note_on_c, 3, 61, 101
6, 1653504, Note_on_c, 3, 58, 0
6, 1653504, Note_on_c, 3, 61, 0
6, 1653760, Note_on_c, 3, 58, 108
6, 1653760, Note_on_c, 3, 61, 108
6, 1654016, Note_on_c, 3, 58, 0
6, 1654016, Note_on_c, 3, 61, 0
6, 1654272, Note_on_c, 3, 58, 101
6, 1654272, Note_on_c, 3, 61, 101
6, 1654528, Note_on_c, 3, 58, 0
6, 1654528, Note_on_c, 3, 61, 0
6, 1654784, Note_on_c, 3, 58, 101
6, 1654784, Note_on_c, 3, 61, 101
6, 1655040, Note_on_c, 3, 58, 0
6, 1655040, Note_on_c, 3, 61, 0
6, 1655296, Note_on_c, 3, 58, 101
6, 1655296, Note_on_c, 3, 61, 101
6, 1655552, Note_on_c, 3, 58, 0
6, 1655552, Note_on_c, 3, 61, 0
6, 1655808, Note_on_c, 3, 60, 101
6, 1655808, Note_on_c, 3, 63, 101
6, 1656064, Note_on_c, 3, 60, 0
6, 1656064, Note_on_c, 3, 63, 0
6, 1656320, Note_on_c, 3, 61, 101
6, 1656320, Note_on_c, 3, 65, 101
6, 1656576, Note_on_c, 3, 61, 0
6, 1656576, Note_on_c, 3, 65, 0
6, 1656832, Note_on_c, 3, 63, 106
6, 1656832, Note_on_c, 3, 66, 106
6, 1657088, Note_on_c, 3, 63, 0
6, 1657088, Note_on_c, 3, 66, 0
6, 1657344, Note_on_c, 3, 63, 101
6, 1657344, Note_on_c, 3, 66, 101
6, 1657600, Note_on_c, 3, 63, 0
6, 1657600, Note_on_c, 3, 66, 0
6, 1657856, Note_on_c, 3, 63, 101
6, 1657856, Note_on_c, 3, 66, 101
6, 1658112, Note_on_c, 3, 63, 0
6, 1658112, Note_on_c, 3, 66, 0
6, 1658368, Note_on_c, 3, 63, 101
6, 1658368, Note_on_c, 3, 66, 101
6, 1658624, Note_on_c, 3, 63, 0
6, 1658624, Note_on_c, 3, 66, 0
6, 1658880, Note_on_c, 3, 61, 101
6, 1658880, Note_on_c, 3, 65, 101
6, 1659136, Note_on_c, 3, 61, 0
6, 1659136, Note_on_c, 3, 65, 0
6, 1659392, Note_on_c, 3, 60, 101
6, 1659392, Note_on_c, 3, 63, 101
6, 1659648, Note_on_c, 3, 60, 0
6, 1659648, Note_on_c, 3, 63, 0
6, 1659904, Note_on_c, 3, 54, 108
6, 1659904, Note_on_c, 3, 63, 108
6, 1660160, Note_on_c, 3, 54, 0
6, 1660160, Note_on_c, 3, 63, 0
6, 1660416, Note_on_c, 3, 53, 101
6, 1660416, Note_on_c, 3, 61, 101
6, 1660672, Note_on_c, 3, 53, 0
6, 1660672, Note_on_c, 3, 61, 0
6, 1660928, Note_on_c, 3, 51, 101
6, 1660928, Note_on_c, 3, 60, 101
6, 1661184, Note_on_c, 3, 51, 0
6, 1661184, Note_on_c, 3, 60, 0
6, 1661440, Note_on_c, 3, 51, 101
6, 1661440, Note_on_c, 3, 60, 101
6, 1661696, Note_on_c, 3, 51, 0
6, 1661696, Note_on_c, 3, 60, 0
6, 1661952, Note_on_c, 3, 60, 101
6, 1661952, Note_on_c, 3, 63, 101
6, 1662208, Note_on_c, 3, 60, 0
6, 1662208, Note_on_c, 3, 63, 0
6, 1662464, Note_on_c, 3, 60, 101
6, 1662464, Note_on_c, 3, 63, 101
6, 1662720, Note_on_c, 3, 60, 0
6, 1662720, Note_on_c, 3, 63, 0
6, 1662976, Note_on_c, 3, 58, 107
6, 1662976, Note_on_c, 3, 61, 107
6, 1663724, Note_on_c, 3, 58, 0
6, 1663724, Note_on_c, 3, 61, 0
6, 1664000, Note_on_c, 3, 34, 101
6, 1664000, Note_on_c, 3, 46, 101
6, 1664374, Note_on_c, 3, 34, 0
6, 1664374, Note_on_c, 3, 46, 0
6, 1664512, Note_on_c, 3, 34, 101
6, 1664512, Note_on_c, 3, 46, 101
6, 1665633, Note_on_c, 3, 34, 0
6, 1665633, Note_on_c, 3, 46, 0
6, 1667072, Note_on_c, 3, 36, 101
6, 1667072, Note_on_c, 3, 48, 101
6, 1667446, Note_on_c, 3, 36, 0
6, 1667446, Note_on_c, 3, 48, 0
6, 1667584, Note_on_c, 3, 36, 101
6, 1667584, Note_on_c, 3, 48, 101
6, 1668705, Note_on_c, 3, 36, 0
6, 1668705, Note_on_c, 3, 48, 0
6, 1670144, Note_on_c, 3, 49, 101
6, 1670518, Note_on_c, 3, 49, 0
6, 1670656, Note_on_c, 3, 42, 101
6, 1670656, Note_on_c, 3, 54, 101
6, 1671404, Note_on_c, 3, 42, 0
6, 1671404, Note_on_c, 3, 54, 0
6, 1671680, Note_on_c, 3, 41, 101
6, 1671680, Note_on_c, 3, 53, 101
6, 1672054, Note_on_c, 3, 41, 0
6, 1672054, Note_on_c, 3, 53, 0
6, 1672192, Note_on_c, 3, 39, 108
6, 1672192, Note_on_c, 3, 51, 108
6, 1672940, Note_on_c, 3, 39, 0
6, 1672940, Note_on_c, 3, 51, 0
6, 1673216, Note_on_c, 3, 39, 101
6, 1673216, Note_on_c, 3, 51, 101
6, 1673590, Note_on_c, 3, 39, 0
6, 1673590, Note_on_c, 3, 51, 0
6, 1673728, Note_on_c, 3, 44, 101
6, 1673728, Note_on_c, 3, 56, 101
6, 1674476, Note_on_c, 3, 44, 0
6, 1674476, Note_on_c, 3, 56, 0
6, 1674752, Note_on_c, 3, 42, 101
6, 1674752, Note_on_c, 3, 54, 101
6, 1675126, Note_on_c, 3, 42, 0
6, 1675126, Note_on_c, 3, 54, 0
6, 1675264, Note_on_c, 3, 41, 109
6, 1675264, Note_on_c, 3, 53, 109
6, 1676012, Note_on_c, 3, 41, 0
6, 1676012, Note_on_c, 3, 53, 0
6, 1676288, Note_on_c, 3, 41, 101
6, 1676288, Note_on_c, 3, 53, 101
6, 1676662, Note_on_c, 3, 41, 0
6, 1676662, Note_on_c, 3, 53, 0
6, 1676800, Note_on_c, 3, 46, 101
6, 1676800, Note_on_c, 3, 58, 101
6, 1677548, Note_on_c, 3, 46, 0
6, 1677548, Note_on_c, 3, 58, 0
6, 1677824, Note_on_c, 3, 44, 101
6, 1677824, Note_on_c, 3, 56, 101
6, 1678198, Note_on_c, 3, 44, 0
6, 1678198, Note_on_c, 3, 56, 0
6, 1678336, Note_on_c, 3, 42, 108
6, 1678336, Note_on_c, 3, 54, 108
6, 1679084, Note_on_c, 3, 42, 0
6, 1679084, Note_on_c, 3, 54, 0
6, 1679360, Note_on_c, 3, 42, 101
6, 1679360, Note_on_c, 3, 54, 101
6, 1679734, Note_on_c, 3, 42, 0
6, 1679734, Note_on_c, 3, 54, 0
6, 1679872, Note_on_c, 3, 47, 101
6, 1679872, Note_on_c, 3, 59, 101
6, 1680620, Note_on_c, 3, 47, 0
6, 1680620, Note_on_c, 3, 59, 0
6, 1680896, Note_on_c, 3, 46, 101
6, 1680896, Note_on_c, 3, 58, 101
6, 1681270, Note_on_c, 3, 46, 0
6, 1681270, Note_on_c, 3, 58, 0
6, 1681408, Note_on_c, 3, 44, 108
6, 1681408, Note_on_c, 3, 56, 108
6, 1682156, Note_on_c, 3, 44, 0
6, 1682156, Note_on_c, 3, 56, 0
6, 1682432, Note_on_c, 3, 44, 101
6, 1682432, Note_on_c, 3, 56, 101
6, 1682806, Note_on_c, 3, 44, 0
6, 1682806, Note_on_c, 3, 56, 0
6, 1682944, Note_on_c, 3, 49, 101
6, 1682944, Note_on_c, 3, 61, 101
6, 1683692, Note_on_c, 3, 49, 0
6, 1683692, Note_on_c, 3, 61, 0
6, 1683968, Note_on_c, 3, 47, 101
6, 1683968, Note_on_c, 3, 59, 101
6, 1684224, Note_on_c, 3, 47, 0
6, 1684224, Note_on_c, 3, 59, 0
6, 1684480, Note_on_c, 3, 46, 109
6, 1684480, Note_on_c, 3, 58, 109
6, 1684736, Note_on_c, 3, 46, 0
6, 1684736, Note_on_c, 3, 58, 0
6, 1684992, Note_on_c, 3, 44, 102
6, 1684992, Note_on_c, 3, 56, 102
6, 1685248, Note_on_c, 3, 44, 0
6, 1685248, Note_on_c, 3, 56, 0
6, 1685504, Note_on_c, 3, 42, 103
6, 1685504, Note_on_c, 3, 54, 103
6, 1685760, Note_on_c, 3, 42, 0
6, 1685760, Note_on_c, 3, 54, 0
6, 1686016, Note_on_c, 3, 49, 104
6, 1686016, Note_on_c, 3, 61, 104
6, 1686272, Note_on_c, 3, 49, 0
6, 1686272, Note_on_c, 3, 61, 0
6, 1686528, Note_on_c, 3, 54, 106
6, 1686528, Note_on_c, 3, 58, 106
6, 1686784, Note_on_c, 3, 54, 0
6, 1686784, Note_on_c, 3, 58, 0
6, 1687040, Note_on_c, 3, 54, 107
6, 1687040, Note_on_c, 3, 58, 107
6, 1687296, Note_on_c, 3, 54, 0
6, 1687296, Note_on_c, 3, 58, 0
6, 1687552, Note_on_c, 3, 58, 114
6, 1687552, Note_on_c, 3, 54, 114
6, 1687808, Note_on_c, 3, 58, 0
6, 1688064, Note_on_c, 3, 54, 0
6, 1688064, Note_on_c, 3, 59, 109
6, 1688320, Note_on_c, 3, 59, 0
6, 1688576, Note_on_c, 3, 61, 108
6, 1688832, Note_on_c, 3, 61, 0
6, 1689088, Note_on_c, 3, 61, 107
6, 1689344, Note_on_c, 3, 61, 0
6, 1689600, Note_on_c, 3, 63, 106
6, 1689856, Note_on_c, 3, 63, 0
6, 1690112, Note_on_c, 3, 61, 105
6, 1690368, Note_on_c, 3, 61, 0
6, 1690624, Note_on_c, 3, 59, 110
6, 1690880, Note_on_c, 3, 59, 0
6, 1691136, Note_on_c, 3, 58, 104
6, 1691392, Note_on_c, 3, 58, 0
6, 1691648, Note_on_c, 3, 56, 103
6, 1691904, Note_on_c, 3, 56, 0
6, 1692160, Note_on_c, 3, 54, 102
6, 1692672, Note_on_c, 3, 54, 0
6, 1713664, Note_on_c, 3, 58, 92
6, 1713920, Note_on_c, 3, 58, 0
6, 1714176, Note_on_c, 3, 58, 92
6, 1714432, Note_on_c, 3, 58, 0
6, 1714688, Note_on_c, 3, 58, 92
6, 1714944, Note_on_c, 3, 58, 0
6, 1715200, Note_on_c, 3, 58, 100
6, 1715456, Note_on_c, 3, 58, 0
6, 1715712, Note_on_c, 3, 60, 92
6, 1715968, Note_on_c, 3, 60, 0
6, 1716224, Note_on_c, 3, 61, 92
6, 1716480, Note_on_c, 3, 61, 0
6, 1716736, Note_on_c, 3, 61, 94
6, 1716992, Note_on_c, 3, 61, 0
6, 1717248, Note_on_c, 3, 60, 94
6, 1717504, Note_on_c, 3, 60, 0
6, 1717760, Note_on_c, 3, 58, 94
6, 1718016, Note_on_c, 3, 58, 0
6, 1719808, Note_on_c, 3, 58, 96
6, 1720064, Note_on_c, 3, 58, 0
6, 1720320, Note_on_c, 3, 58, 96
6, 1720576, Note_on_c, 3, 58, 0
6, 1720832, Note_on_c, 3, 58, 96
6, 1721088, Note_on_c, 3, 58, 0
6, 1721344, Note_on_c, 3, 58, 104
6, 1721600, Note_on_c, 3, 58, 0
6, 1721856, Note_on_c, 3, 59, 97
6, 1722112, Note_on_c, 3, 59, 0
6, 1722368, Note_on_c, 3, 61, 97
6, 1722624, Note_on_c, 3, 61, 0
6, 1722880, Note_on_c, 3, 61, 98
6, 1723136, Note_on_c, 3, 61, 0
6, 1723392, Note_on_c, 3, 59, 98
6, 1723648, Note_on_c, 3, 59, 0
6, 1723904, Note_on_c, 3, 58, 98
6, 1724160, Note_on_c, 3, 58, 0
6, 1725952, Note_on_c, 3, 58, 100
6, 1726208, Note_on_c, 3, 58, 0
6, 1726464, Note_on_c, 3, 58, 100
6, 1726720, Note_on_c, 3, 58, 0
6, 1726976, Note_on_c, 3, 58, 100
6, 1727232, Note_on_c, 3, 58, 0
6, 1727488, Note_on_c, 3, 58, 109
6, 1727744, Note_on_c, 3, 58, 0
6, 1728000, Note_on_c, 3, 59, 101
6, 1728256, Note_on_c, 3, 59, 0
6, 1728512, Note_on_c, 3, 61, 101
6, 1728768, Note_on_c, 3, 61, 0
6, 1729024, Note_on_c, 3, 61, 102
6, 1729024, Note_on_c, 3, 64, 102
6, 1729280, Note_on_c, 3, 61, 0
6, 1729280, Note_on_c, 3, 64, 0
6, 1729536, Note_on_c, 3, 62, 102
6, 1729536, Note_on_c, 3, 66, 102
6, 1729792, Note_on_c, 3, 62, 0
6, 1729792, Note_on_c, 3, 66, 0
6, 1730048, Note_on_c, 3, 64, 102
6, 1730048, Note_on_c, 3, 67, 102
6, 1730304, Note_on_c, 3, 64, 0
6, 1730304, Note_on_c, 3, 67, 0
6, 1730560, Note_on_c, 3, 62, 112
6, 1730560, Note_on_c, 3, 66, 112
6, 1730816, Note_on_c, 3, 62, 0
6, 1730816, Note_on_c, 3, 66, 0
6, 1731072, Note_on_c, 3, 50, 103
6, 1731072, Note_on_c, 3, 62, 103
6, 1731328, Note_on_c, 3, 50, 0
6, 1731328, Note_on_c, 3, 62, 0
6, 1731584, Note_on_c, 3, 50, 103
6, 1731584, Note_on_c, 3, 62, 103
6, 1731840, Note_on_c, 3, 50, 0
6, 1731840, Note_on_c, 3, 62, 0
6, 1732096, Note_on_c, 3, 50, 103
6, 1732096, Note_on_c, 3, 62, 103
6, 1732352, Note_on_c, 3, 50, 0
6, 1732352, Note_on_c, 3, 62, 0
6, 1732608, Note_on_c, 3, 52, 103
6, 1732608, Note_on_c, 3, 64, 103
6, 1732864, Note_on_c, 3, 52, 0
6, 1732864, Note_on_c, 3, 64, 0
6, 1733120, Note_on_c, 3, 54, 103
6, 1733120, Note_on_c, 3, 66, 103
6, 1733376, Note_on_c, 3, 54, 0
6, 1733376, Note_on_c, 3, 66, 0
6, 1733632, Note_on_c, 3, 54, 113
6, 1733632, Note_on_c, 3, 66, 113
6, 1733888, Note_on_c, 3, 54, 0
6, 1733888, Note_on_c, 3, 66, 0
6, 1734144, Note_on_c, 3, 55, 103
6, 1734144, Note_on_c, 3, 67, 103
6, 1734400, Note_on_c, 3, 55, 0
6, 1734400, Note_on_c, 3, 67, 0
6, 1734656, Note_on_c, 3, 54, 103
6, 1734656, Note_on_c, 3, 66, 103
6, 1734912, Note_on_c, 3, 54, 0
6, 1734912, Note_on_c, 3, 66, 0
6, 1735168, Note_on_c, 3, 52, 103
6, 1735168, Note_on_c, 3, 64, 103
6, 1735424, Note_on_c, 3, 52, 0
6, 1735424, Note_on_c, 3, 64, 0
6, 1735680, Note_on_c, 3, 50, 103
6, 1735680, Note_on_c, 3, 62, 103
6, 1735936, Note_on_c, 3, 50, 0
6, 1735936, Note_on_c, 3, 62, 0
6, 1736192, Note_on_c, 3, 49, 103
6, 1736192, Note_on_c, 3, 61, 103
6, 1736448, Note_on_c, 3, 49, 0
6, 1736448, Note_on_c, 3, 61, 0
6, 1736704, Note_on_c, 3, 48, 112
6, 1736704, Note_on_c, 3, 60, 112
6, 1736960, Note_on_c, 3, 48, 0
6, 1736960, Note_on_c, 3, 60, 0
6, 1737216, Note_on_c, 3, 47, 103
6, 1737216, Note_on_c, 3, 59, 103
6, 1737472, Note_on_c, 3, 47, 0
6, 1737472, Note_on_c, 3, 59, 0
6, 1737728, Note_on_c, 3, 52, 103
6, 1737728, Note_on_c, 3, 64, 103
6, 1738102, Note_on_c, 3, 52, 0
6, 1738102, Note_on_c, 3, 64, 0
6, 1738240, Note_on_c, 3, 52, 116
6, 1738240, Note_on_c, 3, 64, 116
6, 1739361, Note_on_c, 3, 52, 0
6, 1739361, Note_on_c, 3, 64, 0
6, 1740800, Note_on_c, 3, 54, 103
6, 1740800, Note_on_c, 3, 66, 103
6, 1741174, Note_on_c, 3, 54, 0
6, 1741174, Note_on_c, 3, 66, 0
6, 1741312, Note_on_c, 3, 54, 116
6, 1741312, Note_on_c, 3, 66, 116
6, 1742433, Note_on_c, 3, 54, 0
6, 1742433, Note_on_c, 3, 66, 0
6, 1742848, Note_on_c, 3, 51, 112
6, 1743596, Note_on_c, 3, 51, 0
6, 1743872, Note_on_c, 3, 63, 103
6, 1744246, Note_on_c, 3, 63, 0
6, 1744384, Note_on_c, 3, 63, 116
6, 1745505, Note_on_c, 3, 63, 0
6, 1746944, Note_on_c, 3, 64, 103
6, 1747318, Note_on_c, 3, 64, 0
6, 1747456, Note_on_c, 3, 64, 116
6, 1748577, Note_on_c, 3, 64, 0
6, 1750016, Note_on_c, 3, 66, 103
6, 1750390, Note_on_c, 3, 66, 0
6, 1750528, Note_on_c, 3, 66, 119
6, 1751649, Note_on_c, 3, 66, 0
6, 1753088, Note_on_c, 3, 51, 103
6, 1753088, Note_on_c, 3, 63, 103
6, 1753462, Note_on_c, 3, 51, 0
6, 1753462, Note_on_c, 3, 63, 0
6, 1753600, Note_on_c, 3, 52, 119
6, 1753600, Note_on_c, 3, 64, 119
6, 1754721, Note_on_c, 3, 52, 0
6, 1754721, Note_on_c, 3, 64, 0
6, 1756160, Note_on_c, 3, 49, 103
6, 1756160, Note_on_c, 3, 61, 103
6, 1756534, Note_on_c, 3, 49, 0
6, 1756534, Note_on_c, 3, 61, 0
6, 1756672, Note_on_c, 3, 50, 119
6, 1756672, Note_on_c, 3, 62, 119
6, 1757793, Note_on_c, 3, 50, 0
6, 1757793, Note_on_c, 3, 62, 0
6, 1759232, Note_on_c, 3, 47, 103
6, 1759232, Note_on_c, 3, 59, 103
6, 1759606, Note_on_c, 3, 47, 0
6, 1759606, Note_on_c, 3, 59, 0
6, 1759744, Note_on_c, 3, 49, 118
6, 1759744, Note_on_c, 3, 61, 118
6, 1760865, Note_on_c, 3, 49, 0
6, 1760865, Note_on_c, 3, 61, 0
6, 1762304, Note_on_c, 3, 46, 103
6, 1762304, Note_on_c, 3, 58, 103
6, 1762678, Note_on_c, 3, 46, 0
6, 1762678, Note_on_c, 3, 58, 0
6, 1762816, Note_on_c, 3, 47, 119
6, 1762816, Note_on_c, 3, 59, 119
6, 1763937, Note_on_c, 3, 47, 0
6, 1763937, Note_on_c, 3, 59, 0
6, 1764352, Note_on_c, 3, 61, 111
6, 1764608, Note_on_c, 3, 61, 0
6, 1764864, Note_on_c, 3, 58, 103
6, 1765120, Note_on_c, 3, 58, 0
6, 1765376, Note_on_c, 3, 59, 103
6, 1765632, Note_on_c, 3, 59, 0
6, 1765888, Note_on_c, 3, 59, 103
6, 1766144, Note_on_c, 3, 59, 0
6, 1766400, Note_on_c, 3, 59, 103
6, 1766656, Note_on_c, 3, 59, 0
6, 1766912, Note_on_c, 3, 59, 103
6, 1767168, Note_on_c, 3, 59, 0
6, 1767424, Note_on_c, 3, 61, 111
6, 1768172, Note_on_c, 3, 61, 0
6, 1768448, Note_on_c, 3, 54, 103
6, 1768822, Note_on_c, 3, 54, 0
6, 1768960, Note_on_c, 3, 54, 119
6, 1770081, Note_on_c, 3, 54, 0
6, 1771520, Note_on_c, 3, 54, 103
6, 1771894, Note_on_c, 3, 54, 0
6, 1772032, Note_on_c, 3, 56, 118
6, 1772780, Note_on_c, 3, 56, 0
6, 1774592, Note_on_c, 3, 44, 103
6, 1774592, Note_on_c, 3, 56, 103
6, 1774966, Note_on_c, 3, 44, 0
6, 1774966, Note_on_c, 3, 56, 0
6, 1775104, Note_on_c, 3, 44, 118
6, 1775104, Note_on_c, 3, 56, 118
6, 1776225, Note_on_c, 3, 44, 0
6, 1776225, Note_on_c, 3, 56, 0
6, 1777664, Note_on_c, 3, 44, 103
6, 1777664, Note_on_c, 3, 56, 103
6, 1778038, Note_on_c, 3, 44, 0
6, 1778038, Note_on_c, 3, 56, 0
6, 1778176, Note_on_c, 3, 46, 119
6, 1778176, Note_on_c, 3, 58, 119
6, 1778924, Note_on_c, 3, 46, 0
6, 1778924, Note_on_c, 3, 58, 0
6, 1780736, Note_on_c, 3, 54, 103
6, 1780736, Note_on_c, 3, 58, 103
6, 1781110, Note_on_c, 3, 54, 0
6, 1781110, Note_on_c, 3, 58, 0
6, 1781248, Note_on_c, 3, 54, 118
6, 1781248, Note_on_c, 3, 58, 118
6, 1782369, Note_on_c, 3, 54, 0
6, 1782369, Note_on_c, 3, 58, 0
6, 1783808, Note_on_c, 3, 54, 103
6, 1783808, Note_on_c, 3, 58, 103
6, 1784182, Note_on_c, 3, 54, 0
6, 1784182, Note_on_c, 3, 58, 0
6, 1784320, Note_on_c, 3, 56, 119
6, 1784320, Note_on_c, 3, 59, 119
6, 1785441, Note_on_c, 3, 56, 0
6, 1785441, Note_on_c, 3, 59, 0
6, 1786880, Note_on_c, 3, 62, 95
6, 1786880, Note_on_c, 3, 65, 95
6, 1787254, Note_on_c, 3, 62, 0
6, 1787254, Note_on_c, 3, 65, 0
6, 1787392, Note_on_c, 3, 62, 95
6, 1787392, Note_on_c, 3, 65, 95
6, 1788513, Note_on_c, 3, 62, 0
6, 1788513, Note_on_c, 3, 65, 0
6, 1789952, Note_on_c, 3, 62, 97
6, 1789952, Note_on_c, 3, 65, 97
6, 1790326, Note_on_c, 3, 62, 0
6, 1790326, Note_on_c, 3, 65, 0
6, 1790464, Note_on_c, 3, 61, 97
6, 1790464, Note_on_c, 3, 64, 97
6, 1791212, Note_on_c, 3, 61, 0
6, 1791212, Note_on_c, 3, 64, 0
6, 1791488, Note_on_c, 3, 61, 98
6, 1791488, Note_on_c, 3, 64, 98
6, 1791862, Note_on_c, 3, 61, 0
6, 1791862, Note_on_c, 3, 64, 0
6, 1792000, Note_on_c, 3, 64, 105
6, 1792000, Note_on_c, 3, 67, 105
6, 1792748, Note_on_c, 3, 64, 0
6, 1792748, Note_on_c, 3, 67, 0
6, 1793024, Note_on_c, 3, 64, 99
6, 1793024, Note_on_c, 3, 67, 99
6, 1793398, Note_on_c, 3, 64, 0
6, 1793398, Note_on_c, 3, 67, 0
6, 1793536, Note_on_c, 3, 62, 99
6, 1793536, Note_on_c, 3, 66, 99
6, 1794284, Note_on_c, 3, 62, 0
6, 1794284, Note_on_c, 3, 66, 0
6, 1794560, Note_on_c, 3, 62, 100
6, 1794560, Note_on_c, 3, 66, 100
6, 1794934, Note_on_c, 3, 62, 0
6, 1794934, Note_on_c, 3, 66, 0
6, 1795072, Note_on_c, 3, 66, 106
6, 1795072, Note_on_c, 3, 69, 106
6, 1795820, Note_on_c, 3, 66, 0
6, 1795820, Note_on_c, 3, 69, 0
6, 1796096, Note_on_c, 3, 66, 101
6, 1796096, Note_on_c, 3, 69, 101
6, 1796470, Note_on_c, 3, 66, 0
6, 1796470, Note_on_c, 3, 69, 0
6, 1796608, Note_on_c, 3, 64, 101
6, 1796608, Note_on_c, 3, 67, 101
6, 1797356, Note_on_c, 3, 64, 0
6, 1797356, Note_on_c, 3, 67, 0
6, 1797632, Note_on_c, 3, 64, 102
6, 1797632, Note_on_c, 3, 67, 102
6, 1798006, Note_on_c, 3, 64, 0
6, 1798006, Note_on_c, 3, 67, 0
6, 1798144, Note_on_c, 3, 43, 108
6, 1798144, Note_on_c, 3, 55, 108
6, 1798892, Note_on_c, 3, 43, 0
6, 1798892, Note_on_c, 3, 55, 0
6, 1799168, Note_on_c, 3, 43, 103
6, 1799168, Note_on_c, 3, 55, 103
6, 1799542, Note_on_c, 3, 43, 0
6, 1799542, Note_on_c, 3, 55, 0
6, 1799680, Note_on_c, 3, 42, 103
6, 1799680, Note_on_c, 3, 54, 103
6, 1800428, Note_on_c, 3, 42, 0
6, 1800428, Note_on_c, 3, 54, 0
6, 1800704, Note_on_c, 3, 42, 103
6, 1800704, Note_on_c, 3, 54, 103
6, 1801078, Note_on_c, 3, 42, 0
6, 1801078, Note_on_c, 3, 54, 0
6, 1801216, Note_on_c, 3, 45, 111
6, 1801216, Note_on_c, 3, 57, 111
6, 1801964, Note_on_c, 3, 45, 0
6, 1801964, Note_on_c, 3, 57, 0
6, 1802240, Note_on_c, 3, 57, 104
6, 1802614, Note_on_c, 3, 57, 0
6, 1802752, Note_on_c, 3, 43, 105
6, 1802752, Note_on_c, 3, 55, 105
6, 1803500, Note_on_c, 3, 43, 0
6, 1803500, Note_on_c, 3, 55, 0
6, 1803776, Note_on_c, 3, 43, 105
6, 1803776, Note_on_c, 3, 55, 105
6, 1804150, Note_on_c, 3, 43, 0
6, 1804150, Note_on_c, 3, 55, 0
6, 1804288, Note_on_c, 3, 43, 114
6, 1804288, Note_on_c, 3, 55, 114
6, 1805036, Note_on_c, 3, 43, 0
6, 1805036, Note_on_c, 3, 55, 0
6, 1805312, Note_on_c, 3, 43, 106
6, 1805312, Note_on_c, 3, 55, 106
6, 1805686, Note_on_c, 3, 43, 0
6, 1805686, Note_on_c, 3, 55, 0
6, 1805824, Note_on_c, 3, 43, 107
6, 1805824, Note_on_c, 3, 55, 107
6, 1806572, Note_on_c, 3, 43, 0
6, 1806572, Note_on_c, 3, 55, 0
6, 1806848, Note_on_c, 3, 43, 107
6, 1806848, Note_on_c, 3, 55, 107
6, 1807222, Note_on_c, 3, 43, 0
6, 1807222, Note_on_c, 3, 55, 0
6, 1807360, Note_on_c, 3, 43, 115
6, 1807360, Note_on_c, 3, 55, 115
6, 1808108, Note_on_c, 3, 43, 0
6, 1808108, Note_on_c, 3, 55, 0
6, 1808384, Note_on_c, 3, 43, 108
6, 1808384, Note_on_c, 3, 55, 108
6, 1808758, Note_on_c, 3, 43, 0
6, 1808758, Note_on_c, 3, 55, 0
6, 1808896, Note_on_c, 3, 42, 108
6, 1808896, Note_on_c, 3, 54, 108
6, 1809644, Note_on_c, 3, 42, 0
6, 1809644, Note_on_c, 3, 54, 0
6, 1809920, Note_on_c, 3, 42, 109
6, 1809920, Note_on_c, 3, 54, 109
6, 1810294, Note_on_c, 3, 42, 0
6, 1810294, Note_on_c, 3, 54, 0
6, 1810432, Note_on_c, 3, 42, 121
6, 1810432, Note_on_c, 3, 54, 121
6, 1811180, Note_on_c, 3, 42, 0
6, 1811180, Note_on_c, 3, 54, 0
6, 1811456, Note_on_c, 3, 42, 109
6, 1811456, Note_on_c, 3, 54, 109
6, 1811830, Note_on_c, 3, 42, 0
6, 1811830, Note_on_c, 3, 54, 0
6, 1811968, Note_on_c, 3, 54, 122
6, 1811968, Note_on_c, 3, 66, 122
6, 1814252, Note_on_c, 3, 54, 0
6, 1814252, Note_on_c, 3, 66, 0
6, 1814528, Note_on_c, 3, 54, 109
6, 1814528, Note_on_c, 3, 66, 109
6, 1814902, Note_on_c, 3, 54, 0
6, 1814902, Note_on_c, 3, 66, 0
6, 1815040, Note_on_c, 3, 42, 124
6, 1815040, Note_on_c, 3, 54, 124
6, 1817324, Note_on_c, 3, 42, 0
6, 1817324, Note_on_c, 3, 54, 0
6, 1817600, Note_on_c, 3, 54, 109
6, 1817974, Note_on_c, 3, 54, 0
6, 1818112, Note_on_c, 3, 42, 124
6, 1820396, Note_on_c, 3, 42, 0
6, 1820672, Note_on_c, 3, 42, 108
6, 1821046, Note_on_c, 3, 42, 0
6, 1821184, Note_on_c, 3, 54, 124
6, 1823468, Note_on_c, 3, 54, 0
6, 1823744, Note_on_c, 3, 54, 108
6, 1824118, Note_on_c, 3, 54, 0
6, 1824256, Note_on_c, 3, 66, 123
6, 1826540, Note_on_c, 3, 66, 0
6, 1826816, Note_on_c, 3, 66, 107
6, 1827190, Note_on_c, 3, 66, 0
6, 1827328, Note_on_c, 3, 54, 123
6, 1829612, Note_on_c, 3, 54, 0
6, 1829888, Note_on_c, 3, 54, 107
6, 1830262, Note_on_c, 3, 54, 0
6, 1830400, Note_on_c, 3, 42, 123
6, 1832684, Note_on_c, 3, 42, 0
6, 1832960, Note_on_c, 3, 42, 107
6, 1833334, Note_on_c, 3, 42, 0
6, 1833472, Note_on_c, 3, 54, 123
6, 1835756, Note_on_c, 3, 54, 0
6, 1847296, Note_on_c, 3, 59, 35
6, 1847296, Note_on_c, 3, 63, 35
6, 1850368, Note_on_c, 3, 59, 0
6, 1850368, Note_on_c, 3, 63, 0
6, 1850368, Note_on_c, 3, 61, 33
6, 1850368, Note_on_c, 3, 64, 33
6, 1851904, Note_on_c, 3, 61, 0
6, 1851904, Note_on_c, 3, 64, 0
6, 1851904, Note_on_c, 3, 63, 32
6, 1851904, Note_on_c, 3, 66, 32
6, 1853133, Note_on_c, 3, 63, 0
6, 1853133, Note_on_c, 3, 66, 0
6, 1865728, Note_on_c, 3, 59, 28
6, 1865728, Note_on_c, 3, 62, 28
6, 1868800, Note_on_c, 3, 59, 0
6, 1868800, Note_on_c, 3, 62, 0
6, 1868800, Note_on_c, 3, 61, 25
6, 1868800, Note_on_c, 3, 64, 25
6, 1870336, Note_on_c, 3, 61, 0
6, 1870336, Note_on_c, 3, 64, 0
6, 1870336, Note_on_c, 3, 62, 24
6, 1870336, Note_on_c, 3, 66, 24
6, 1871565, Note_on_c, 3, 62, 0
6, 1871565, Note_on_c, 3, 66, 0
6, 1890304, Note_on_c, 3, 50, 105
6, 1890304, Note_on_c, 3, 54, 105
6, 1891052, Note_on_c, 3, 50, 0
6, 1891052, Note_on_c, 3, 54, 0
6, 1891840, Note_on_c, 3, 50, 105
6, 1891840, Note_on_c, 3, 54, 105
6, 1892588, Note_on_c, 3, 50, 0
6, 1892588, Note_on_c, 3, 54, 0
6, 1893376, Note_on_c, 3, 52, 105
6, 1893376, Note_on_c, 3, 55, 105
6, 1894124, Note_on_c, 3, 52, 0
6, 1894124, Note_on_c, 3, 55, 0
6, 1894912, Note_on_c, 3, 54, 105
6, 1894912, Note_on_c, 3, 57, 105
6, 1895660, Note_on_c, 3, 54, 0
6, 1895660, Note_on_c, 3, 57, 0
6, 1896448, Note_on_c, 3, 54, 105
6, 1896448, Note_on_c, 3, 57, 105
6, 1897196, Note_on_c, 3, 54, 0
6, 1897196, Note_on_c, 3, 57, 0
6, 1897984, Note_on_c, 3, 52, 105
6, 1897984, Note_on_c, 3, 55, 105
6, 1898732, Note_on_c, 3, 52, 0
6, 1898732, Note_on_c, 3, 55, 0
6, 1899520, Note_on_c, 3, 57, 105
6, 1899520, Note_on_c, 3, 66, 105
6, 1900268, Note_on_c, 3, 57, 0
6, 1900268, Note_on_c, 3, 66, 0
6, 1901056, Note_on_c, 3, 55, 105
6, 1901056, Note_on_c, 3, 64, 105
6, 1901804, Note_on_c, 3, 55, 0
6, 1901804, Note_on_c, 3, 64, 0
6, 1902592, Note_on_c, 3, 54, 105
6, 1902592, Note_on_c, 3, 62, 105
6, 1903340, Note_on_c, 3, 54, 0
6, 1903340, Note_on_c, 3, 62, 0
6, 1904128, Note_on_c, 3, 50, 105
6, 1904128, Note_on_c, 3, 54, 105
6, 1904876, Note_on_c, 3, 50, 0
6, 1904876, Note_on_c, 3, 54, 0
6, 1905664, Note_on_c, 3, 49, 105
6, 1905664, Note_on_c, 3, 52, 105
6, 1906412, Note_on_c, 3, 49, 0
6, 1906412, Note_on_c, 3, 52, 0
6, 1907200, Note_on_c, 3, 50, 105
6, 1907200, Note_on_c, 3, 54, 105
6, 1907948, Note_on_c, 3, 50, 0
6, 1907948, Note_on_c, 3, 54, 0
6, 1908736, Note_on_c, 3, 50, 105
6, 1908736, Note_on_c, 3, 54, 105
6, 1909484, Note_on_c, 3, 50, 0
6, 1909484, Note_on_c, 3, 54, 0
6, 1911296, Note_on_c, 3, 49, 105
6, 1911296, Note_on_c, 3, 52, 105
6, 1911552, Note_on_c, 3, 49, 0
6, 1911552, Note_on_c, 3, 52, 0
6, 1911808, Note_on_c, 3, 49, 105
6, 1911808, Note_on_c, 3, 52, 105
6, 1912556, Note_on_c, 3, 49, 0
6, 1912556, Note_on_c, 3, 52, 0
6, 1914880, Note_on_c, 3, 38, 105
6, 1914880, Note_on_c, 3, 54, 105
6, 1915628, Note_on_c, 3, 38, 0
6, 1915628, Note_on_c, 3, 54, 0
6, 1916416, Note_on_c, 3, 54, 105
6, 1916416, Note_on_c, 3, 57, 105
6, 1917164, Note_on_c, 3, 54, 0
6, 1917164, Note_on_c, 3, 57, 0
6, 1917952, Note_on_c, 3, 55, 105
6, 1917952, Note_on_c, 3, 59, 105
6, 1918700, Note_on_c, 3, 55, 0
6, 1918700, Note_on_c, 3, 59, 0
6, 1919488, Note_on_c, 3, 57, 105
6, 1919488, Note_on_c, 3, 60, 105
6, 1920236, Note_on_c, 3, 57, 0
6, 1920236, Note_on_c, 3, 60, 0
6, 1921024, Note_on_c, 3, 57, 105
6, 1921024, Note_on_c, 3, 60, 105
6, 1921772, Note_on_c, 3, 57, 0
6, 1921772, Note_on_c, 3, 60, 0
6, 1922560, Note_on_c, 3, 55, 105
6, 1922560, Note_on_c, 3, 59, 105
6, 1923308, Note_on_c, 3, 55, 0
6, 1923308, Note_on_c, 3, 59, 0
6, 1924096, Note_on_c, 3, 54, 105
6, 1924096, Note_on_c, 3, 57, 105
6, 1924844, Note_on_c, 3, 54, 0
6, 1924844, Note_on_c, 3, 57, 0
6, 1925632, Note_on_c, 3, 52, 105
6, 1925632, Note_on_c, 3, 55, 105
6, 1926380, Note_on_c, 3, 52, 0
6, 1926380, Note_on_c, 3, 55, 0
6, 1927168, Note_on_c, 3, 50, 105
6, 1927168, Note_on_c, 3, 54, 105
6, 1927916, Note_on_c, 3, 50, 0
6, 1927916, Note_on_c, 3, 54, 0
6, 1928704, Note_on_c, 3, 50, 105
6, 1928704, Note_on_c, 3, 54, 105
6, 1929452, Note_on_c, 3, 50, 0
6, 1929452, Note_on_c, 3, 54, 0
6, 1930240, Note_on_c, 3, 52, 105
6, 1930240, Note_on_c, 3, 55, 105
6, 1930988, Note_on_c, 3, 52, 0
6, 1930988, Note_on_c, 3, 55, 0
6, 1931776, Note_on_c, 3, 54, 105
6, 1931776, Note_on_c, 3, 57, 105
6, 1932524, Note_on_c, 3, 54, 0
6, 1932524, Note_on_c, 3, 57, 0
6, 1933312, Note_on_c, 3, 52, 105
6, 1933312, Note_on_c, 3, 55, 105
6, 1934060, Note_on_c, 3, 52, 0
6, 1934060, Note_on_c, 3, 55, 0
6, 1935872, Note_on_c, 3, 50, 105
6, 1935872, Note_on_c, 3, 54, 105
6, 1936128, Note_on_c, 3, 50, 0
6, 1936128, Note_on_c, 3, 54, 0
6, 1936384, Note_on_c, 3, 50, 105
6, 1936384, Note_on_c, 3, 54, 105
6, 1937132, Note_on_c, 3, 50, 0
6, 1937132, Note_on_c, 3, 54, 0
6, 1939456, Note_on_c, 3, 49, 99
6, 1939456, Note_on_c, 3, 52, 99
6, 1940204, Note_on_c, 3, 49, 0
6, 1940204, Note_on_c, 3, 52, 0
6, 1940992, Note_on_c, 3, 49, 99
6, 1940992, Note_on_c, 3, 52, 99
6, 1941740, Note_on_c, 3, 49, 0
6, 1941740, Note_on_c, 3, 52, 0
6, 1942528, Note_on_c, 3, 50, 100
6, 1942528, Note_on_c, 3, 54, 100
6, 1943276, Note_on_c, 3, 50, 0
6, 1943276, Note_on_c, 3, 54, 0
6, 1944064, Note_on_c, 3, 50, 101
6, 1944064, Note_on_c, 3, 54, 101
6, 1944812, Note_on_c, 3, 50, 0
6, 1944812, Note_on_c, 3, 54, 0
6, 1945600, Note_on_c, 3, 49, 102
6, 1945600, Note_on_c, 3, 52, 102
6, 1946348, Note_on_c, 3, 49, 0
6, 1946348, Note_on_c, 3, 52, 0
6, 1947136, Note_on_c, 3, 50, 102
6, 1947136, Note_on_c, 3, 54, 102
6, 1947884, Note_on_c, 3, 50, 0
6, 1947884, Note_on_c, 3, 54, 0
6, 1948160, Note_on_c, 3, 52, 103
6, 1948160, Note_on_c, 3, 55, 103
6, 1948416, Note_on_c, 3, 52, 0
6, 1948416, Note_on_c, 3, 55, 0
6, 1948672, Note_on_c, 3, 50, 103
6, 1948672, Note_on_c, 3, 54, 103
6, 1949420, Note_on_c, 3, 50, 0
6, 1949420, Note_on_c, 3, 54, 0
6, 1950208, Note_on_c, 3, 50, 104
6, 1950208, Note_on_c, 3, 54, 104
6, 1950956, Note_on_c, 3, 50, 0
6, 1950956, Note_on_c, 3, 54, 0
6, 1951744, Note_on_c, 3, 49, 105
6, 1951744, Note_on_c, 3, 52, 105
6, 1952492, Note_on_c, 3, 49, 0
6, 1952492, Note_on_c, 3, 52, 0
6, 1953280, Note_on_c, 3, 50, 106
6, 1953280, Note_on_c, 3, 54, 106
6, 1954028, Note_on_c, 3, 50, 0
6, 1954028, Note_on_c, 3, 54, 0
6, 1954304, Note_on_c, 3, 52, 106
6, 1954304, Note_on_c, 3, 55, 106
6, 1954560, Note_on_c, 3, 52, 0
6, 1954560, Note_on_c, 3, 55, 0
6, 1954816, Note_on_c, 3, 46, 106
6, 1954816, Note_on_c, 3, 54, 106
6, 1955564, Note_on_c, 3, 46, 0
6, 1955564, Note_on_c, 3, 54, 0
6, 1956352, Note_on_c, 3, 54, 107
6, 1956352, Note_on_c, 3, 58, 107
6, 1957100, Note_on_c, 3, 54, 0
6, 1957100, Note_on_c, 3, 58, 0
6, 1957888, Note_on_c, 3, 47, 108
6, 1957888, Note_on_c, 3, 59, 108
6, 1958636, Note_on_c, 3, 47, 0
6, 1958636, Note_on_c, 3, 59, 0
6, 1959424, Note_on_c, 3, 56, 109
6, 1959424, Note_on_c, 3, 64, 109
6, 1960172, Note_on_c, 3, 56, 0
6, 1960172, Note_on_c, 3, 64, 0
6, 1960960, Note_on_c, 3, 57, 109
6, 1960960, Note_on_c, 3, 61, 109
6, 1961708, Note_on_c, 3, 57, 0
6, 1961708, Note_on_c, 3, 61, 0
6, 1962496, Note_on_c, 3, 50, 110
6, 1962496, Note_on_c, 3, 54, 110
6, 1963244, Note_on_c, 3, 50, 0
6, 1963244, Note_on_c, 3, 54, 0
6, 1964032, Note_on_c, 3, 50, 111
6, 1964032, Note_on_c, 3, 54, 111
6, 1964780, Note_on_c, 3, 50, 0
6, 1964780, Note_on_c, 3, 54, 0
6, 1965568, Note_on_c, 3, 50, 111
6, 1965568, Note_on_c, 3, 62, 111
6, 1966316, Note_on_c, 3, 50, 0
6, 1966316, Note_on_c, 3, 62, 0
6, 1967104, Note_on_c, 3, 50, 111
6, 1967104, Note_on_c, 3, 62, 111
6, 1967852, Note_on_c, 3, 50, 0
6, 1967852, Note_on_c, 3, 62, 0
6, 1968640, Note_on_c, 3, 50, 111
6, 1968640, Note_on_c, 3, 64, 111
6, 1969388, Note_on_c, 3, 50, 0
6, 1969388, Note_on_c, 3, 64, 0
6, 1969664, Note_on_c, 3, 66, 111
6, 1969920, Note_on_c, 3, 66, 0
6, 1970176, Note_on_c, 3, 43, 111
6, 1970176, Note_on_c, 3, 67, 111
6, 1970924, Note_on_c, 3, 43, 0
6, 1970924, Note_on_c, 3, 67, 0
6, 1971712, Note_on_c, 3, 59, 111
6, 1971712, Note_on_c, 3, 67, 111
6, 1972460, Note_on_c, 3, 59, 0
6, 1972460, Note_on_c, 3, 67, 0
6, 1973248, Note_on_c, 3, 57, 111
6, 1973248, Note_on_c, 3, 66, 111
6, 1973996, Note_on_c, 3, 57, 0
6, 1973996, Note_on_c, 3, 66, 0
6, 1974784, Note_on_c, 3, 55, 111
6, 1974784, Note_on_c, 3, 67, 111
6, 1975532, Note_on_c, 3, 55, 0
6, 1975532, Note_on_c, 3, 67, 0
6, 1975808, Note_on_c, 3, 55, 111
6, 1975808, Note_on_c, 3, 59, 111
6, 1976064, Note_on_c, 3, 55, 0
6, 1976064, Note_on_c, 3, 59, 0
6, 1976320, Note_on_c, 3, 54, 111
6, 1976320, Note_on_c, 3, 62, 111
6, 1977068, Note_on_c, 3, 54, 0
6, 1977068, Note_on_c, 3, 62, 0
6, 1977856, Note_on_c, 3, 50, 111
6, 1977856, Note_on_c, 3, 54, 111
6, 1978604, Note_on_c, 3, 50, 0
6, 1978604, Note_on_c, 3, 54, 0
6, 1979392, Note_on_c, 3, 52, 111
6, 1979392, Note_on_c, 3, 55, 111
6, 1980140, Note_on_c, 3, 52, 0
6, 1980140, Note_on_c, 3, 55, 0
6, 1980928, Note_on_c, 3, 54, 111
6, 1980928, Note_on_c, 3, 57, 111
6, 1981676, Note_on_c, 3, 54, 0
6, 1981676, Note_on_c, 3, 57, 0
6, 1982464, Note_on_c, 3, 52, 111
6, 1982464, Note_on_c, 3, 55, 111
6, 1983212, Note_on_c, 3, 52, 0
6, 1983212, Note_on_c, 3, 55, 0
6, 1985024, Note_on_c, 3, 50, 111
6, 1985024, Note_on_c, 3, 54, 111
6, 1985280, Note_on_c, 3, 50, 0
6, 1985280, Note_on_c, 3, 54, 0
6, 1985536, Note_on_c, 3, 50, 111
6, 1985536, Note_on_c, 3, 54, 111
6, 1986284, Note_on_c, 3, 50, 0
6, 1986284, Note_on_c, 3, 54, 0
6, 1988608, Note_on_c, 3, 49, 105
6, 1988608, Note_on_c, 3, 52, 105
6, 1989356, Note_on_c, 3, 49, 0
6, 1989356, Note_on_c, 3, 52, 0
6, 1990144, Note_on_c, 3, 49, 104
6, 1990144, Note_on_c, 3, 52, 104
6, 1990892, Note_on_c, 3, 49, 0
6, 1990892, Note_on_c, 3, 52, 0
6, 1991680, Note_on_c, 3, 50, 105
6, 1991680, Note_on_c, 3, 54, 105
6, 1992428, Note_on_c, 3, 50, 0
6, 1992428, Note_on_c, 3, 54, 0
6, 1993216, Note_on_c, 3, 50, 106
6, 1993216, Note_on_c, 3, 54, 106
6, 1993964, Note_on_c, 3, 50, 0
6, 1993964, Note_on_c, 3, 54, 0
6, 1994752, Note_on_c, 3, 49, 106
6, 1994752, Note_on_c, 3, 52, 106
6, 1995500, Note_on_c, 3, 49, 0
6, 1995500, Note_on_c, 3, 52, 0
6, 1996288, Note_on_c, 3, 50, 107
6, 1996288, Note_on_c, 3, 54, 107
6, 1997036, Note_on_c, 3, 50, 0
6, 1997036, Note_on_c, 3, 54, 0
6, 1997312, Note_on_c, 3, 52, 108
6, 1997312, Note_on_c, 3, 55, 108
6, 1997568, Note_on_c, 3, 52, 0
6, 1997568, Note_on_c, 3, 55, 0
6, 1997824, Note_on_c, 3, 50, 108
6, 1997824, Note_on_c, 3, 54, 108
6, 1998572, Note_on_c, 3, 50, 0
6, 1998572, Note_on_c, 3, 54, 0
6, 1999360, Note_on_c, 3, 50, 109
6, 1999360, Note_on_c, 3, 54, 109
6, 2000108, Note_on_c, 3, 50, 0
6, 2000108, Note_on_c, 3, 54, 0
6, 2000896, Note_on_c, 3, 49, 109
6, 2000896, Note_on_c, 3, 52, 109
6, 2001644, Note_on_c, 3, 49, 0
6, 2001644, Note_on_c, 3, 52, 0
6, 2002432, Note_on_c, 3, 50, 110
6, 2002432, Note_on_c, 3, 54, 110
6, 2003180, Note_on_c, 3, 50, 0
6, 2003180, Note_on_c, 3, 54, 0
6, 2003456, Note_on_c, 3, 52, 110
6, 2003456, Note_on_c, 3, 55, 110
6, 2003712, Note_on_c, 3, 52, 0
6, 2003712, Note_on_c, 3, 55, 0
6, 2003968, Note_on_c, 3, 46, 111
6, 2003968, Note_on_c, 3, 54, 111
6, 2004716, Note_on_c, 3, 46, 0
6, 2004716, Note_on_c, 3, 54, 0
6, 2005504, Note_on_c, 3, 54, 111
6, 2005504, Note_on_c, 3, 58, 111
6, 2006252, Note_on_c, 3, 54, 0
6, 2006252, Note_on_c, 3, 58, 0
6, 2007040, Note_on_c, 3, 47, 112
6, 2007040, Note_on_c, 3, 59, 112
6, 2007788, Note_on_c, 3, 47, 0
6, 2007788, Note_on_c, 3, 59, 0
6, 2008576, Note_on_c, 3, 56, 113
6, 2008576, Note_on_c, 3, 64, 113
6, 2009324, Note_on_c, 3, 56, 0
6, 2009324, Note_on_c, 3, 64, 0
6, 2010112, Note_on_c, 3, 57, 114
6, 2010112, Note_on_c, 3, 61, 114
6, 2010860, Note_on_c, 3, 57, 0
6, 2010860, Note_on_c, 3, 61, 0
6, 2011648, Note_on_c, 3, 50, 114
6, 2011648, Note_on_c, 3, 54, 114
6, 2012396, Note_on_c, 3, 50, 0
6, 2012396, Note_on_c, 3, 54, 0
6, 2013184, Note_on_c, 3, 50, 114
6, 2013184, Note_on_c, 3, 54, 114
6, 2013932, Note_on_c, 3, 50, 0
6, 2013932, Note_on_c, 3, 54, 0
6, 2014720, Note_on_c, 3, 50, 113
6, 2014720, Note_on_c, 3, 62, 113
6, 2015468, Note_on_c, 3, 50, 0
6, 2015468, Note_on_c, 3, 62, 0
6, 2016256, Note_on_c, 3, 50, 112
6, 2016256, Note_on_c, 3, 62, 112
6, 2017004, Note_on_c, 3, 50, 0
6, 2017004, Note_on_c, 3, 62, 0
6, 2017792, Note_on_c, 3, 50, 112
6, 2017792, Note_on_c, 3, 64, 112
6, 2018540, Note_on_c, 3, 50, 0
6, 2018540, Note_on_c, 3, 64, 0
6, 2018816, Note_on_c, 3, 66, 111
6, 2019072, Note_on_c, 3, 66, 0
6, 2019328, Note_on_c, 3, 43, 111
6, 2019328, Note_on_c, 3, 67, 111
6, 2020076, Note_on_c, 3, 43, 0
6, 2020076, Note_on_c, 3, 67, 0
6, 2020864, Note_on_c, 3, 59, 110
6, 2020864, Note_on_c, 3, 67, 110
6, 2021612, Note_on_c, 3, 59, 0
6, 2021612, Note_on_c, 3, 67, 0
6, 2022400, Note_on_c, 3, 57, 109
6, 2022400, Note_on_c, 3, 66, 109
6, 2023148, Note_on_c, 3, 57, 0
6, 2023148, Note_on_c, 3, 66, 0
6, 2023936, Note_on_c, 3, 55, 109
6, 2023936, Note_on_c, 3, 67, 109
6, 2024684, Note_on_c, 3, 55, 0
6, 2024684, Note_on_c, 3, 67, 0
6, 2024960, Note_on_c, 3, 55, 108
6, 2024960, Note_on_c, 3, 59, 108
6, 2025216, Note_on_c, 3, 55, 0
6, 2025216, Note_on_c, 3, 59, 0
6, 2025472, Note_on_c, 3, 54, 108
6, 2025472, Note_on_c, 3, 62, 108
6, 2026220, Note_on_c, 3, 54, 0
6, 2026220, Note_on_c, 3, 62, 0
6, 2027008, Note_on_c, 3, 50, 107
6, 2027008, Note_on_c, 3, 54, 107
6, 2027756, Note_on_c, 3, 50, 0
6, 2027756, Note_on_c, 3, 54, 0
6, 2028544, Note_on_c, 3, 52, 106
6, 2028544, Note_on_c, 3, 55, 106
6, 2029292, Note_on_c, 3, 52, 0
6, 2029292, Note_on_c, 3, 55, 0
6, 2030080, Note_on_c, 3, 54, 106
6, 2030080, Note_on_c, 3, 57, 106
6, 2030828, Note_on_c, 3, 54, 0
6, 2030828, Note_on_c, 3, 57, 0
6, 2031616, Note_on_c, 3, 52, 105
6, 2031616, Note_on_c, 3, 55, 105
6, 2032364, Note_on_c, 3, 52, 0
6, 2032364, Note_on_c, 3, 55, 0
6, 2034176, Note_on_c, 3, 50, 104
6, 2034176, Note_on_c, 3, 54, 104
6, 2034432, Note_on_c, 3, 50, 0
6, 2034432, Note_on_c, 3, 54, 0
6, 2034688, Note_on_c, 3, 50, 104
6, 2034688, Note_on_c, 3, 54, 104
6, 2035436, Note_on_c, 3, 50, 0
6, 2035436, Note_on_c, 3, 54, 0
6, 2036224, Note_on_c, 3, 54, 104
6, 2036224, Note_on_c, 3, 57, 104
6, 2036972, Note_on_c, 3, 54, 0
6, 2036972, Note_on_c, 3, 57, 0
6, 2037760, Note_on_c, 3, 52, 118
6, 2037760, Note_on_c, 3, 55, 118
6, 2038508, Note_on_c, 3, 52, 0
6, 2038508, Note_on_c, 3, 55, 0
6, 2040320, Note_on_c, 3, 50, 104
6, 2040320, Note_on_c, 3, 54, 104
6, 2040576, Note_on_c, 3, 50, 0
6, 2040576, Note_on_c, 3, 54, 0
6, 2040832, Note_on_c, 3, 54, 104
6, 2040832, Note_on_c, 3, 50, 104
6, 2041088, Note_on_c, 3, 50, 0
6, 2041344, Note_on_c, 3, 50, 104
6, 2041580, Note_on_c, 3, 54, 0
6, 2041600, Note_on_c, 3, 50, 0
6, 2041856, Note_on_c, 3, 52, 104
6, 2042112, Note_on_c, 3, 52, 0
6, 2042368, Note_on_c, 3, 62, 104
6, 2042368, Note_on_c, 3, 54, 104
6, 2042624, Note_on_c, 3, 54, 0
6, 2042880, Note_on_c, 3, 55, 104
6, 2043116, Note_on_c, 3, 62, 0
6, 2043136, Note_on_c, 3, 55, 0
6, 2043392, Note_on_c, 3, 57, 104
6, 2043648, Note_on_c, 3, 57, 0
6, 2043904, Note_on_c, 3, 57, 118
6, 2043904, Note_on_c, 3, 60, 118
6, 2044652, Note_on_c, 3, 57, 0
6, 2044652, Note_on_c, 3, 60, 0
6, 2046464, Note_on_c, 3, 55, 111
6, 2046464, Note_on_c, 3, 59, 111
6, 2046720, Note_on_c, 3, 55, 0
6, 2046720, Note_on_c, 3, 59, 0
6, 2046976, Note_on_c, 3, 55, 113
6, 2046976, Note_on_c, 3, 59, 113
6, 2047724, Note_on_c, 3, 55, 0
6, 2047724, Note_on_c, 3, 59, 0
6, 2050048, Control_c, 3, 121, 127
6, 2050048, End_track
7, 0, Start_track
7, 0, Title_t, "Contrabassoon"
7, 0, Program_c, 3, 70
7, 2048, Note_on_c, 3, 29, 105
7, 9472, Note_on_c, 3, 29, 0
7, 9728, Note_on_c, 3, 41, 98
7, 9984, Note_on_c, 3, 41, 0
7, 10240, Note_on_c, 3, 41, 99
7, 10496, Note_on_c, 3, 41, 0
7, 10752, Note_on_c, 3, 33, 99
7, 11008, Note_on_c, 3, 33, 0
7, 11264, Note_on_c, 3, 33, 99
7, 11520, Note_on_c, 3, 33, 0
7, 11776, Note_on_c, 3, 38, 100
7, 12032, Note_on_c, 3, 38, 0
7, 12288, Note_on_c, 3, 38, 100
7, 12544, Note_on_c, 3, 38, 0
7, 12800, Note_on_c, 3, 29, 101
7, 13056, Note_on_c, 3, 29, 0
7, 13312, Note_on_c, 3, 29, 101
7, 13568, Note_on_c, 3, 29, 0
7, 13824, Note_on_c, 3, 33, 101
7, 14080, Note_on_c, 3, 33, 0
7, 14336, Note_on_c, 3, 33, 102
7, 14592, Note_on_c, 3, 33, 0
7, 14848, Note_on_c, 3, 26, 102
7, 15104, Note_on_c, 3, 26, 0
7, 15360, Note_on_c, 3, 26, 99
7, 15616, Note_on_c, 3, 26, 0
7, 15872, Note_on_c, 3, 38, 100
7, 16128, Note_on_c, 3, 38, 0
7, 16384, Note_on_c, 3, 38, 102
7, 16640, Note_on_c, 3, 38, 0
7, 16896, Note_on_c, 3, 36, 104
7, 17152, Note_on_c, 3, 36, 0
7, 17408, Note_on_c, 3, 36, 105
7, 17664, Note_on_c, 3, 36, 0
7, 17920, Note_on_c, 3, 35, 107
7, 18176, Note_on_c, 3, 35, 0
7, 18432, Note_on_c, 3, 35, 109
7, 18688, Note_on_c, 3, 35, 0
7, 18944, Note_on_c, 3, 34, 111
7, 19200, Note_on_c, 3, 34, 0
7, 19456, Note_on_c, 3, 34, 112
7, 19712, Note_on_c, 3, 34, 0
7, 19968, Note_on_c, 3, 34, 114
7, 20224, Note_on_c, 3, 34, 0
7, 20480, Note_on_c, 3, 34, 116
7, 20736, Note_on_c, 3, 34, 0
7, 20992, Note_on_c, 3, 46, 117
7, 21248, Note_on_c, 3, 46, 0
7, 21504, Note_on_c, 3, 46, 119
7, 22016, Note_on_c, 3, 46, 0
7, 22528, Note_on_c, 3, 45, 118
7, 23040, Note_on_c, 3, 45, 0
7, 54272, Note_on_c, 3, 30, 104
7, 56525, Note_on_c, 3, 30, 0
7, 56832, Note_on_c, 3, 45, 94
7, 57088, Note_on_c, 3, 45, 0
7, 57344, Note_on_c, 3, 45, 94
7, 57600, Note_on_c, 3, 45, 0
7, 57856, Note_on_c, 3, 48, 94
7, 58112, Note_on_c, 3, 48, 0
7, 58368, Note_on_c, 3, 48, 94
7, 58624, Note_on_c, 3, 48, 0
7, 58880, Note_on_c, 3, 42, 94
7, 59136, Note_on_c, 3, 42, 0
7, 59392, Note_on_c, 3, 42, 93
7, 59648, Note_on_c, 3, 42, 0
7, 59904, Note_on_c, 3, 45, 93
7, 60160, Note_on_c, 3, 45, 0
7, 60416, Note_on_c, 3, 45, 94
7, 60672, Note_on_c, 3, 45, 0
7, 60928, Note_on_c, 3, 36, 94
7, 61184, Note_on_c, 3, 36, 0
7, 61440, Note_on_c, 3, 36, 95
7, 61696, Note_on_c, 3, 36, 0
7, 61952, Note_on_c, 3, 39, 95
7, 62208, Note_on_c, 3, 39, 0
7, 62464, Note_on_c, 3, 39, 96
7, 62720, Note_on_c, 3, 39, 0
7, 62976, Note_on_c, 3, 33, 96
7, 63232, Note_on_c, 3, 33, 0
7, 63488, Note_on_c, 3, 33, 97
7, 63744, Note_on_c, 3, 33, 0
7, 64000, Note_on_c, 3, 36, 97
7, 64256, Note_on_c, 3, 36, 0
7, 64512, Note_on_c, 3, 36, 98
7, 64768, Note_on_c, 3, 36, 0
7, 65024, Note_on_c, 3, 30, 98
7, 65280, Note_on_c, 3, 30, 0
7, 65536, Note_on_c, 3, 30, 99
7, 65792, Note_on_c, 3, 30, 0
7, 66048, Note_on_c, 3, 33, 99
7, 66304, Note_on_c, 3, 33, 0
7, 66560, Note_on_c, 3, 33, 99
7, 66816, Note_on_c, 3, 33, 0
7, 67072, Note_on_c, 3, 30, 100
7, 67328, Note_on_c, 3, 30, 0
7, 67584, Note_on_c, 3, 30, 100
7, 67840, Note_on_c, 3, 30, 0
7, 68096, Note_on_c, 3, 36, 101
7, 68352, Note_on_c, 3, 36, 0
7, 68608, Note_on_c, 3, 36, 102
7, 68864, Note_on_c, 3, 36, 0
7, 69120, Note_on_c, 3, 34, 104
7, 69376, Note_on_c, 3, 34, 0
7, 69632, Note_on_c, 3, 34, 106
7, 69888, Note_on_c, 3, 34, 0
7, 70144, Note_on_c, 3, 33, 107
7, 70400, Note_on_c, 3, 33, 0
7, 70656, Note_on_c, 3, 33, 109
7, 70912, Note_on_c, 3, 33, 0
7, 71168, Note_on_c, 3, 31, 110
7, 71424, Note_on_c, 3, 31, 0
7, 71680, Note_on_c, 3, 31, 112
7, 71936, Note_on_c, 3, 31, 0
7, 72192, Note_on_c, 3, 30, 113
7, 72448, Note_on_c, 3, 30, 0
7, 72704, Note_on_c, 3, 30, 115
7, 72960, Note_on_c, 3, 30, 0
7, 73216, Note_on_c, 3, 30, 117
7, 73472, Note_on_c, 3, 30, 0
7, 73728, Note_on_c, 3, 30, 118
7, 74240, Note_on_c, 3, 30, 0
7, 76288, Note_on_c, 3, 29, 110
7, 76544, Note_on_c, 3, 29, 0
7, 76800, Note_on_c, 3, 29, 110
7, 77210, Note_on_c, 3, 29, 0
7, 90112, Note_on_c, 3, 34, 90
7, 90368, Note_on_c, 3, 34, 0
7, 91136, Note_on_c, 3, 34, 74
7, 91392, Note_on_c, 3, 34, 0
7, 92160, Note_on_c, 3, 37, 28
7, 108416, Note_on_c, 3, 37, 0
7, 108416, Note_on_c, 3, 33, 28
7, 108544, Note_on_c, 3, 33, 0
7, 108544, Note_on_c, 3, 30, 103
7, 108954, Note_on_c, 3, 30, 0
7, 248832, Note_on_c, 3, 40, 100
7, 249344, Note_on_c, 3, 40, 0
7, 251904, Note_on_c, 3, 37, 96
7, 252416, Note_on_c, 3, 37, 0
7, 254976, Note_on_c, 3, 31, 93
7, 255488, Note_on_c, 3, 31, 0
7, 258048, Note_on_c, 3, 30, 99
7, 258560, Note_on_c, 3, 30, 0
7, 270336, Note_on_c, 3, 31, 107
7, 271155, Note_on_c, 3, 31, 0
7, 271360, Note_on_c, 3, 43, 101
7, 271616, Note_on_c, 3, 43, 0
7, 278528, Note_on_c, 3, 33, 101
7, 279040, Note_on_c, 3, 33, 0
7, 280576, Note_on_c, 3, 26, 103
7, 281088, Note_on_c, 3, 26, 0
7, 577536, Note_on_c, 3, 50, 98
7, 578048, Note_on_c, 3, 50, 0
7, 579072, Note_on_c, 3, 38, 99
7, 579482, Note_on_c, 3, 38, 0
7, 579584, Note_on_c, 3, 50, 99
7, 580096, Note_on_c, 3, 50, 0
7, 581120, Note_on_c, 3, 38, 99
7, 581530, Note_on_c, 3, 38, 0
7, 581632, Note_on_c, 3, 45, 99
7, 582144, Note_on_c, 3, 45, 0
7, 583168, Note_on_c, 3, 33, 99
7, 583578, Note_on_c, 3, 33, 0
7, 583680, Note_on_c, 3, 45, 99
7, 584192, Note_on_c, 3, 45, 0
7, 585216, Note_on_c, 3, 33, 99
7, 585626, Note_on_c, 3, 33, 0
7, 585728, Note_on_c, 3, 38, 99
7, 586240, Note_on_c, 3, 38, 0
7, 588800, Note_on_c, 3, 38, 99
7, 589312, Note_on_c, 3, 38, 0
7, 589824, Note_on_c, 3, 45, 99
7, 590336, Note_on_c, 3, 45, 0
7, 591872, Note_on_c, 3, 33, 99
7, 592384, Note_on_c, 3, 33, 0
7, 593920, Note_on_c, 3, 50, 99
7, 594432, Note_on_c, 3, 50, 0
7, 595456, Note_on_c, 3, 38, 99
7, 595866, Note_on_c, 3, 38, 0
7, 595968, Note_on_c, 3, 50, 99
7, 596480, Note_on_c, 3, 50, 0
7, 597504, Note_on_c, 3, 38, 99
7, 597914, Note_on_c, 3, 38, 0
7, 598016, Note_on_c, 3, 45, 99
7, 598528, Note_on_c, 3, 45, 0
7, 599552, Note_on_c, 3, 33, 99
7, 599962, Note_on_c, 3, 33, 0
7, 600064, Note_on_c, 3, 45, 99
7, 600576, Note_on_c, 3, 45, 0
7, 601600, Note_on_c, 3, 33, 99
7, 602010, Note_on_c, 3, 33, 0
7, 602112, Note_on_c, 3, 38, 99
7, 602624, Note_on_c, 3, 38, 0
7, 605184, Note_on_c, 3, 38, 99
7, 605696, Note_on_c, 3, 38, 0
7, 606208, Note_on_c, 3, 33, 99
7, 606720, Note_on_c, 3, 33, 0
7, 608256, Note_on_c, 3, 38, 99
7, 608768, Note_on_c, 3, 38, 0
7, 610304, Note_on_c, 3, 33, 98
7, 610816, Note_on_c, 3, 33, 0
7, 611840, Note_on_c, 3, 33, 98
7, 612250, Note_on_c, 3, 33, 0
7, 612352, Note_on_c, 3, 45, 98
7, 612864, Note_on_c, 3, 45, 0
7, 613376, Note_on_c, 3, 38, 98
7, 613888, Note_on_c, 3, 38, 0
7, 614400, Note_on_c, 3, 33, 98
7, 614912, Note_on_c, 3, 33, 0
7, 615936, Note_on_c, 3, 33, 98
7, 616346, Note_on_c, 3, 33, 0
7, 616448, Note_on_c, 3, 45, 97
7, 616960, Note_on_c, 3, 45, 0
7, 617472, Note_on_c, 3, 38, 97
7, 617984, Note_on_c, 3, 38, 0
7, 618496, Note_on_c, 3, 33, 97
7, 619008, Note_on_c, 3, 33, 0
7, 620032, Note_on_c, 3, 45, 97
7, 620442, Note_on_c, 3, 45, 0
7, 620544, Note_on_c, 3, 46, 97
7, 620954, Note_on_c, 3, 46, 0
7, 621568, Note_on_c, 3, 42, 100
7, 621978, Note_on_c, 3, 42, 0
7, 622592, Note_on_c, 3, 47, 101
7, 623002, Note_on_c, 3, 47, 0
7, 623616, Note_on_c, 3, 40, 103
7, 624026, Note_on_c, 3, 40, 0
7, 624640, Note_on_c, 3, 45, 104
7, 625050, Note_on_c, 3, 45, 0
7, 625664, Note_on_c, 3, 33, 101
7, 626074, Note_on_c, 3, 33, 0
7, 626688, Note_on_c, 3, 50, 101
7, 627200, Note_on_c, 3, 50, 0
7, 628224, Note_on_c, 3, 38, 101
7, 628634, Note_on_c, 3, 38, 0
7, 628736, Note_on_c, 3, 50, 101
7, 629248, Note_on_c, 3, 50, 0
7, 630272, Note_on_c, 3, 38, 101
7, 630682, Note_on_c, 3, 38, 0
7, 630784, Note_on_c, 3, 45, 101
7, 631296, Note_on_c, 3, 45, 0
7, 632320, Note_on_c, 3, 33, 101
7, 632730, Note_on_c, 3, 33, 0
7, 632832, Note_on_c, 3, 45, 101
7, 633344, Note_on_c, 3, 45, 0
7, 634368, Note_on_c, 3, 33, 101
7, 634778, Note_on_c, 3, 33, 0
7, 634880, Note_on_c, 3, 38, 101
7, 635392, Note_on_c, 3, 38, 0
7, 637952, Note_on_c, 3, 38, 101
7, 638464, Note_on_c, 3, 38, 0
7, 638976, Note_on_c, 3, 33, 101
7, 639488, Note_on_c, 3, 33, 0
7, 641024, Note_on_c, 3, 38, 101
7, 641536, Note_on_c, 3, 38, 0
7, 643072, Note_on_c, 3, 33, 98
7, 643584, Note_on_c, 3, 33, 0
7, 644608, Note_on_c, 3, 33, 98
7, 645018, Note_on_c, 3, 33, 0
7, 645120, Note_on_c, 3, 45, 98
7, 645632, Note_on_c, 3, 45, 0
7, 646144, Note_on_c, 3, 38, 98
7, 646656, Note_on_c, 3, 38, 0
7, 647168, Note_on_c, 3, 33, 99
7, 647680, Note_on_c, 3, 33, 0
7, 648704, Note_on_c, 3, 33, 99
7, 649114, Note_on_c, 3, 33, 0
7, 649216, Note_on_c, 3, 45, 99
7, 649728, Note_on_c, 3, 45, 0
7, 650240, Note_on_c, 3, 38, 100
7, 650752, Note_on_c, 3, 38, 0
7, 651264, Note_on_c, 3, 33, 100
7, 651776, Note_on_c, 3, 33, 0
7, 652800, Note_on_c, 3, 45, 100
7, 653210, Note_on_c, 3, 45, 0
7, 653312, Note_on_c, 3, 46, 100
7, 653722, Note_on_c, 3, 46, 0
7, 654336, Note_on_c, 3, 42, 100
7, 654746, Note_on_c, 3, 42, 0
7, 655360, Note_on_c, 3, 47, 101
7, 655770, Note_on_c, 3, 47, 0
7, 656384, Note_on_c, 3, 40, 102
7, 656794, Note_on_c, 3, 40, 0
7, 657408, Note_on_c, 3, 45, 103
7, 657818, Note_on_c, 3, 45, 0
7, 658432, Note_on_c, 3, 33, 101
7, 658842, Note_on_c, 3, 33, 0
7, 659456, Note_on_c, 3, 50, 101
7, 659968, Note_on_c, 3, 50, 0
7, 660992, Note_on_c, 3, 38, 101
7, 661402, Note_on_c, 3, 38, 0
7, 661504, Note_on_c, 3, 50, 101
7, 662016, Note_on_c, 3, 50, 0
7, 663040, Note_on_c, 3, 38, 100
7, 663450, Note_on_c, 3, 38, 0
7, 663552, Note_on_c, 3, 45, 100
7, 664064, Note_on_c, 3, 45, 0
7, 665088, Note_on_c, 3, 33, 100
7, 665498, Note_on_c, 3, 33, 0
7, 665600, Note_on_c, 3, 45, 100
7, 666112, Note_on_c, 3, 45, 0
7, 667136, Note_on_c, 3, 33, 100
7, 667546, Note_on_c, 3, 33, 0
7, 667648, Note_on_c, 3, 38, 99
7, 668160, Note_on_c, 3, 38, 0
7, 670720, Note_on_c, 3, 38, 99
7, 671232, Note_on_c, 3, 38, 0
7, 671744, Note_on_c, 3, 33, 99
7, 672256, Note_on_c, 3, 33, 0
7, 673792, Note_on_c, 3, 38, 83
7, 674304, Note_on_c, 3, 38, 0
7, 675328, Note_on_c, 3, 38, 83
7, 675738, Note_on_c, 3, 38, 0
7, 675840, Note_on_c, 3, 50, 83
7, 676352, Note_on_c, 3, 50, 0
7, 677376, Note_on_c, 3, 38, 83
7, 677786, Note_on_c, 3, 38, 0
7, 677888, Note_on_c, 3, 50, 83
7, 678400, Note_on_c, 3, 50, 0
7, 679424, Note_on_c, 3, 38, 83
7, 679834, Note_on_c, 3, 38, 0
7, 679936, Note_on_c, 3, 43, 83
7, 680448, Note_on_c, 3, 43, 0
7, 681472, Note_on_c, 3, 31, 83
7, 681882, Note_on_c, 3, 31, 0
7, 681984, Note_on_c, 3, 43, 83
7, 682496, Note_on_c, 3, 43, 0
7, 683520, Note_on_c, 3, 31, 83
7, 683930, Note_on_c, 3, 31, 0
7, 684032, Note_on_c, 3, 43, 83
7, 684544, Note_on_c, 3, 43, 0
7, 685568, Note_on_c, 3, 31, 83
7, 685978, Note_on_c, 3, 31, 0
7, 686080, Note_on_c, 3, 45, 83
7, 686592, Note_on_c, 3, 45, 0
7, 687616, Note_on_c, 3, 33, 83
7, 688026, Note_on_c, 3, 33, 0
7, 688128, Note_on_c, 3, 38, 83
7, 688640, Note_on_c, 3, 38, 0
7, 689664, Note_on_c, 3, 26, 83
7, 690074, Note_on_c, 3, 26, 0
7, 690176, Note_on_c, 3, 42, 83
7, 690688, Note_on_c, 3, 42, 0
7, 691712, Note_on_c, 3, 30, 83
7, 692122, Note_on_c, 3, 30, 0
7, 692224, Note_on_c, 3, 43, 83
7, 692736, Note_on_c, 3, 43, 0
7, 693760, Note_on_c, 3, 31, 83
7, 694170, Note_on_c, 3, 31, 0
7, 694272, Note_on_c, 3, 45, 83
7, 694784, Note_on_c, 3, 45, 0
7, 695808, Note_on_c, 3, 45, 83
7, 696218, Note_on_c, 3, 45, 0
7, 696320, Note_on_c, 3, 46, 83
7, 696832, Note_on_c, 3, 46, 0
7, 697856, Note_on_c, 3, 34, 83
7, 698266, Note_on_c, 3, 34, 0
7, 698368, Note_on_c, 3, 47, 83
7, 698880, Note_on_c, 3, 47, 0
7, 699904, Note_on_c, 3, 35, 83
7, 700314, Note_on_c, 3, 35, 0
7, 700416, Note_on_c, 3, 48, 82
7, 700928, Note_on_c, 3, 48, 0
7, 701952, Note_on_c, 3, 36, 84
7, 702362, Note_on_c, 3, 36, 0
7, 702464, Note_on_c, 3, 49, 85
7, 702976, Note_on_c, 3, 49, 0
7, 704000, Note_on_c, 3, 37, 88
7, 704410, Note_on_c, 3, 37, 0
7, 704512, Note_on_c, 3, 49, 88
7, 705024, Note_on_c, 3, 49, 0
7, 706048, Note_on_c, 3, 37, 91
7, 706458, Note_on_c, 3, 37, 0
7, 706560, Note_on_c, 3, 50, 92
7, 707072, Note_on_c, 3, 50, 0
7, 708096, Note_on_c, 3, 51, 94
7, 708506, Note_on_c, 3, 51, 0
7, 708608, Note_on_c, 3, 52, 95
7, 709120, Note_on_c, 3, 52, 0
7, 710144, Note_on_c, 3, 53, 98
7, 710554, Note_on_c, 3, 53, 0
7, 710656, Note_on_c, 3, 54, 99
7, 711168, Note_on_c, 3, 54, 0
7, 712192, Note_on_c, 3, 54, 101
7, 712602, Note_on_c, 3, 54, 0
7, 712704, Note_on_c, 3, 56, 102
7, 713216, Note_on_c, 3, 56, 0
7, 714240, Note_on_c, 3, 44, 103
7, 714650, Note_on_c, 3, 44, 0
7, 714752, Note_on_c, 3, 56, 103
7, 715264, Note_on_c, 3, 56, 0
7, 716288, Note_on_c, 3, 44, 103
7, 716698, Note_on_c, 3, 44, 0
7, 716800, Note_on_c, 3, 56, 103
7, 717312, Note_on_c, 3, 56, 0
7, 718336, Note_on_c, 3, 44, 103
7, 718746, Note_on_c, 3, 44, 0
7, 718848, Note_on_c, 3, 56, 103
7, 719360, Note_on_c, 3, 56, 0
7, 720384, Note_on_c, 3, 44, 103
7, 720794, Note_on_c, 3, 44, 0
7, 720896, Note_on_c, 3, 45, 103
7, 722432, Note_on_c, 3, 45, 0
7, 722432, Note_on_c, 3, 47, 103
7, 722688, Note_on_c, 3, 47, 0
7, 722688, Note_on_c, 3, 49, 103
7, 722944, Note_on_c, 3, 49, 0
7, 722944, Note_on_c, 3, 50, 103
7, 724480, Note_on_c, 3, 50, 0
7, 724480, Note_on_c, 3, 49, 103
7, 724736, Note_on_c, 3, 49, 0
7, 724736, Note_on_c, 3, 47, 103
7, 724992, Note_on_c, 3, 47, 0
7, 724992, Note_on_c, 3, 49, 103
7, 725504, Note_on_c, 3, 49, 0
7, 725504, Note_on_c, 3, 47, 103
7, 725760, Note_on_c, 3, 47, 0
7, 725760, Note_on_c, 3, 45, 103
7, 726016, Note_on_c, 3, 45, 0
7, 726016, Note_on_c, 3, 43, 103
7, 726272, Note_on_c, 3, 43, 0
7, 726528, Note_on_c, 3, 42, 103
7, 726784, Note_on_c, 3, 42, 0
7, 727040, Note_on_c, 3, 42, 105
7, 727296, Note_on_c, 3, 42, 0
7, 727552, Note_on_c, 3, 41, 107
7, 727808, Note_on_c, 3, 41, 0
7, 728064, Note_on_c, 3, 40, 109
7, 728320, Note_on_c, 3, 40, 0
7, 728576, Note_on_c, 3, 40, 111
7, 728832, Note_on_c, 3, 40, 0
7, 729088, Note_on_c, 3, 45, 113
7, 730726, Note_on_c, 3, 45, 0
7, 731136, Note_on_c, 3, 40, 114
7, 731648, Note_on_c, 3, 40, 0
7, 732160, Note_on_c, 3, 40, 114
7, 732672, Note_on_c, 3, 40, 0
7, 733184, Note_on_c, 3, 33, 114
7, 733440, Note_on_c, 3, 33, 0
7, 733696, Note_on_c, 3, 33, 114
7, 733952, Note_on_c, 3, 33, 0
7, 733952, Note_on_c, 3, 35, 114
7, 734208, Note_on_c, 3, 35, 0
7, 734208, Note_on_c, 3, 37, 114
7, 734464, Note_on_c, 3, 37, 0
7, 734720, Note_on_c, 3, 37, 114
7, 734976, Note_on_c, 3, 37, 0
7, 734976, Note_on_c, 3, 38, 114
7, 735232, Note_on_c, 3, 38, 0
7, 735232, Note_on_c, 3, 40, 114
7, 735488, Note_on_c, 3, 40, 0
7, 735744, Note_on_c, 3, 40, 114
7, 736000, Note_on_c, 3, 40, 0
7, 736000, Note_on_c, 3, 42, 114
7, 736256, Note_on_c, 3, 42, 0
7, 736256, Note_on_c, 3, 44, 114
7, 736512, Note_on_c, 3, 44, 0
7, 736768, Note_on_c, 3, 40, 106
7, 736939, Note_on_c, 3, 40, 0
7, 736939, Note_on_c, 3, 42, 98
7, 737109, Note_on_c, 3, 42, 0
7, 737109, Note_on_c, 3, 44, 90
7, 737280, Note_on_c, 3, 44, 0
7, 749056, Note_on_c, 3, 44, 30
7, 749312, Note_on_c, 3, 44, 0
7, 749568, Note_on_c, 3, 44, 98
7, 750080, Note_on_c, 3, 44, 0
7, 750080, Note_on_c, 3, 45, 102
7, 750592, Note_on_c, 3, 45, 0
7, 750592, Note_on_c, 3, 49, 105
7, 750848, Note_on_c, 3, 49, 0
7, 751104, Note_on_c, 3, 54, 105
7, 751360, Note_on_c, 3, 54, 0
7, 751616, Note_on_c, 3, 51, 105
7, 751872, Note_on_c, 3, 51, 0
7, 752128, Note_on_c, 3, 52, 105
7, 753152, Note_on_c, 3, 52, 0
7, 753152, Note_on_c, 3, 40, 105
7, 753664, Note_on_c, 3, 40, 0
7, 755200, Note_on_c, 3, 40, 105
7, 755712, Note_on_c, 3, 40, 0
7, 757248, Note_on_c, 3, 45, 116
7, 757760, Note_on_c, 3, 45, 0
7, 760320, Note_on_c, 3, 29, 116
7, 762573, Note_on_c, 3, 29, 0
7, 762880, Note_on_c, 3, 45, 108
7, 763136, Note_on_c, 3, 45, 0
7, 763392, Note_on_c, 3, 45, 106
7, 763648, Note_on_c, 3, 45, 0
7, 763904, Note_on_c, 3, 50, 104
7, 764160, Note_on_c, 3, 50, 0
7, 764416, Note_on_c, 3, 50, 102
7, 764672, Note_on_c, 3, 50, 0
7, 764928, Note_on_c, 3, 41, 101
7, 765184, Note_on_c, 3, 41, 0
7, 765440, Note_on_c, 3, 41, 102
7, 765696, Note_on_c, 3, 41, 0
7, 765952, Note_on_c, 3, 45, 102
7, 766208, Note_on_c, 3, 45, 0
7, 766464, Note_on_c, 3, 45, 103
7, 766720, Note_on_c, 3, 45, 0
7, 766976, Note_on_c, 3, 38, 103
7, 767232, Note_on_c, 3, 38, 0
7, 767488, Note_on_c, 3, 38, 104
7, 767744, Note_on_c, 3, 38, 0
7, 768000, Note_on_c, 3, 41, 104
7, 768256, Note_on_c, 3, 41, 0
7, 768512, Note_on_c, 3, 41, 105
7, 768768, Note_on_c, 3, 41, 0
7, 769024, Note_on_c, 3, 33, 106
7, 769280, Note_on_c, 3, 33, 0
7, 769536, Note_on_c, 3, 33, 106
7, 769792, Note_on_c, 3, 33, 0
7, 770048, Note_on_c, 3, 38, 107
7, 770304, Note_on_c, 3, 38, 0
7, 770560, Note_on_c, 3, 38, 107
7, 770816, Note_on_c, 3, 38, 0
7, 771072, Note_on_c, 3, 29, 108
7, 771328, Note_on_c, 3, 29, 0
7, 771584, Note_on_c, 3, 29, 109
7, 771840, Note_on_c, 3, 29, 0
7, 772096, Note_on_c, 3, 33, 109
7, 772352, Note_on_c, 3, 33, 0
7, 772608, Note_on_c, 3, 33, 110
7, 772864, Note_on_c, 3, 33, 0
7, 773120, Note_on_c, 3, 26, 110
7, 773376, Note_on_c, 3, 26, 0
7, 773632, Note_on_c, 3, 26, 111
7, 773888, Note_on_c, 3, 26, 0
7, 774144, Note_on_c, 3, 38, 112
7, 774400, Note_on_c, 3, 38, 0
7, 774656, Note_on_c, 3, 38, 112
7, 774912, Note_on_c, 3, 38, 0
7, 775168, Note_on_c, 3, 36, 113
7, 775424, Note_on_c, 3, 36, 0
7, 775680, Note_on_c, 3, 36, 113
7, 775936, Note_on_c, 3, 36, 0
7, 776192, Note_on_c, 3, 35, 114
7, 776448, Note_on_c, 3, 35, 0
7, 776704, Note_on_c, 3, 35, 115
7, 776960, Note_on_c, 3, 35, 0
7, 777216, Note_on_c, 3, 34, 115
7, 777472, Note_on_c, 3, 34, 0
7, 777728, Note_on_c, 3, 34, 116
7, 777984, Note_on_c, 3, 34, 0
7, 778240, Note_on_c, 3, 34, 116
7, 778496, Note_on_c, 3, 34, 0
7, 778752, Note_on_c, 3, 34, 117
7, 779008, Note_on_c, 3, 34, 0
7, 779264, Note_on_c, 3, 34, 117
7, 779520, Note_on_c, 3, 34, 0
7, 779776, Note_on_c, 3, 34, 118
7, 780288, Note_on_c, 3, 34, 0
7, 780800, Note_on_c, 3, 33, 120
7, 781312, Note_on_c, 3, 33, 0
7, 825856, Note_on_c, 3, 31, 100
7, 826368, Note_on_c, 3, 31, 0
7, 826880, Note_on_c, 3, 30, 102
7, 827136, Note_on_c, 3, 30, 0
7, 827392, Note_on_c, 3, 30, 102
7, 827648, Note_on_c, 3, 30, 0
7, 827904, Note_on_c, 3, 42, 103
7, 828416, Note_on_c, 3, 42, 0
7, 840192, Note_on_c, 3, 31, 53
7, 840602, Note_on_c, 3, 31, 0
7, 841216, Note_on_c, 3, 43, 88
7, 841626, Note_on_c, 3, 43, 0
7, 847360, Note_on_c, 3, 33, 106
7, 847872, Note_on_c, 3, 33, 0
7, 1159168, Note_on_c, 3, 33, 89
7, 1159680, Note_on_c, 3, 33, 0
7, 1159680, Note_on_c, 3, 45, 89
7, 1160054, Note_on_c, 3, 45, 0
7, 1160192, Note_on_c, 3, 33, 89
7, 1160704, Note_on_c, 3, 33, 0
7, 1160704, Note_on_c, 3, 45, 89
7, 1161078, Note_on_c, 3, 45, 0
7, 1161216, Note_on_c, 3, 33, 89
7, 1161728, Note_on_c, 3, 33, 0
7, 1161728, Note_on_c, 3, 45, 89
7, 1162102, Note_on_c, 3, 45, 0
7, 1162240, Note_on_c, 3, 33, 90
7, 1162752, Note_on_c, 3, 33, 0
7, 1162752, Note_on_c, 3, 45, 90
7, 1163126, Note_on_c, 3, 45, 0
7, 1163264, Note_on_c, 3, 33, 90
7, 1163776, Note_on_c, 3, 33, 0
7, 1163776, Note_on_c, 3, 45, 90
7, 1164150, Note_on_c, 3, 45, 0
7, 1164288, Note_on_c, 3, 33, 90
7, 1164800, Note_on_c, 3, 33, 0
7, 1164800, Note_on_c, 3, 45, 90
7, 1165174, Note_on_c, 3, 45, 0
7, 1165312, Note_on_c, 3, 33, 91
7, 1165824, Note_on_c, 3, 33, 0
7, 1165824, Note_on_c, 3, 45, 91
7, 1166198, Note_on_c, 3, 45, 0
7, 1166336, Note_on_c, 3, 33, 91
7, 1166848, Note_on_c, 3, 33, 0
7, 1166848, Note_on_c, 3, 45, 91
7, 1167222, Note_on_c, 3, 45, 0
7, 1167360, Note_on_c, 3, 33, 91
7, 1167872, Note_on_c, 3, 33, 0
7, 1167872, Note_on_c, 3, 45, 91
7, 1168246, Note_on_c, 3, 45, 0
7, 1168384, Note_on_c, 3, 33, 91
7, 1168896, Note_on_c, 3, 33, 0
7, 1168896, Note_on_c, 3, 45, 92
7, 1169270, Note_on_c, 3, 45, 0
7, 1169408, Note_on_c, 3, 33, 92
7, 1169920, Note_on_c, 3, 33, 0
7, 1169920, Note_on_c, 3, 45, 93
7, 1170294, Note_on_c, 3, 45, 0
7, 1170432, Note_on_c, 3, 33, 94
7, 1170944, Note_on_c, 3, 33, 0
7, 1170944, Note_on_c, 3, 45, 94
7, 1171318, Note_on_c, 3, 45, 0
7, 1171456, Note_on_c, 3, 33, 95
7, 1171968, Note_on_c, 3, 33, 0
7, 1171968, Note_on_c, 3, 45, 95
7, 1172342, Note_on_c, 3, 45, 0
7, 1172480, Note_on_c, 3, 33, 96
7, 1172992, Note_on_c, 3, 33, 0
7, 1172992, Note_on_c, 3, 45, 96
7, 1173366, Note_on_c, 3, 45, 0
7, 1173504, Note_on_c, 3, 33, 97
7, 1174016, Note_on_c, 3, 33, 0
7, 1174016, Note_on_c, 3, 45, 97
7, 1174390, Note_on_c, 3, 45, 0
7, 1174528, Note_on_c, 3, 33, 98
7, 1175040, Note_on_c, 3, 33, 0
7, 1175040, Note_on_c, 3, 45, 98
7, 1175414, Note_on_c, 3, 45, 0
7, 1175552, Note_on_c, 3, 26, 99
7, 1176064, Note_on_c, 3, 26, 0
7, 1176064, Note_on_c, 3, 33, 99
7, 1176438, Note_on_c, 3, 33, 0
7, 1176576, Note_on_c, 3, 26, 99
7, 1177088, Note_on_c, 3, 26, 0
7, 1177088, Note_on_c, 3, 33, 99
7, 1177462, Note_on_c, 3, 33, 0
7, 1177600, Note_on_c, 3, 26, 99
7, 1178112, Note_on_c, 3, 26, 0
7, 1178112, Note_on_c, 3, 33, 99
7, 1178486, Note_on_c, 3, 33, 0
7, 1178624, Note_on_c, 3, 26, 99
7, 1179136, Note_on_c, 3, 26, 0
7, 1179136, Note_on_c, 3, 33, 99
7, 1179510, Note_on_c, 3, 33, 0
7, 1179648, Note_on_c, 3, 26, 99
7, 1180160, Note_on_c, 3, 26, 0
7, 1180160, Note_on_c, 3, 33, 99
7, 1180534, Note_on_c, 3, 33, 0
7, 1180672, Note_on_c, 3, 26, 99
7, 1181184, Note_on_c, 3, 26, 0
7, 1181184, Note_on_c, 3, 33, 99
7, 1181558, Note_on_c, 3, 33, 0
7, 1181696, Note_on_c, 3, 26, 99
7, 1182208, Note_on_c, 3, 26, 0
7, 1182208, Note_on_c, 3, 33, 99
7, 1182582, Note_on_c, 3, 33, 0
7, 1182720, Note_on_c, 3, 26, 99
7, 1183232, Note_on_c, 3, 26, 0
7, 1183232, Note_on_c, 3, 33, 99
7, 1183606, Note_on_c, 3, 33, 0
7, 1183744, Note_on_c, 3, 26, 99
7, 1184256, Note_on_c, 3, 26, 0
7, 1184256, Note_on_c, 3, 33, 99
7, 1184630, Note_on_c, 3, 33, 0
7, 1184768, Note_on_c, 3, 26, 100
7, 1185280, Note_on_c, 3, 26, 0
7, 1185280, Note_on_c, 3, 33, 101
7, 1185654, Note_on_c, 3, 33, 0
7, 1185792, Note_on_c, 3, 26, 103
7, 1186304, Note_on_c, 3, 26, 0
7, 1186304, Note_on_c, 3, 33, 105
7, 1186678, Note_on_c, 3, 33, 0
7, 1186816, Note_on_c, 3, 50, 111
7, 1187328, Note_on_c, 3, 50, 0
7, 1188864, Note_on_c, 3, 50, 108
7, 1189612, Note_on_c, 3, 50, 0
7, 1190400, Note_on_c, 3, 50, 107
7, 1190774, Note_on_c, 3, 50, 0
7, 1190912, Note_on_c, 3, 50, 107
7, 1191660, Note_on_c, 3, 50, 0
7, 1192960, Note_on_c, 3, 50, 103
7, 1193984, Note_on_c, 3, 50, 0
7, 1195008, Note_on_c, 3, 50, 103
7, 1196032, Note_on_c, 3, 50, 0
7, 1197056, Note_on_c, 3, 43, 103
7, 1198080, Note_on_c, 3, 43, 0
7, 1199104, Note_on_c, 3, 43, 103
7, 1200128, Note_on_c, 3, 43, 0
7, 1201152, Note_on_c, 3, 45, 103
7, 1202176, Note_on_c, 3, 45, 0
7, 1203200, Note_on_c, 3, 45, 103
7, 1204224, Note_on_c, 3, 45, 0
7, 1205248, Note_on_c, 3, 50, 103
7, 1208525, Note_on_c, 3, 50, 0
7, 1209344, Note_on_c, 3, 40, 103
7, 1210368, Note_on_c, 3, 40, 0
7, 1211392, Note_on_c, 3, 40, 106
7, 1212416, Note_on_c, 3, 40, 0
7, 1213440, Note_on_c, 3, 45, 109
7, 1213696, Note_on_c, 3, 45, 0
7, 1213696, Note_on_c, 3, 47, 109
7, 1213952, Note_on_c, 3, 47, 0
7, 1213952, Note_on_c, 3, 45, 109
7, 1214208, Note_on_c, 3, 45, 0
7, 1214208, Note_on_c, 3, 44, 109
7, 1214464, Note_on_c, 3, 44, 0
7, 1214464, Note_on_c, 3, 42, 108
7, 1214720, Note_on_c, 3, 42, 0
7, 1214720, Note_on_c, 3, 44, 108
7, 1214976, Note_on_c, 3, 44, 0
7, 1214976, Note_on_c, 3, 42, 107
7, 1215232, Note_on_c, 3, 42, 0
7, 1215232, Note_on_c, 3, 40, 107
7, 1215488, Note_on_c, 3, 40, 0
7, 1215488, Note_on_c, 3, 38, 107
7, 1215744, Note_on_c, 3, 38, 0
7, 1215744, Note_on_c, 3, 40, 106
7, 1216000, Note_on_c, 3, 40, 0
7, 1216000, Note_on_c, 3, 38, 106
7, 1216256, Note_on_c, 3, 38, 0
7, 1216256, Note_on_c, 3, 37, 106
7, 1216512, Note_on_c, 3, 37, 0
7, 1216512, Note_on_c, 3, 35, 105
7, 1216768, Note_on_c, 3, 35, 0
7, 1216768, Note_on_c, 3, 37, 105
7, 1217024, Note_on_c, 3, 37, 0
7, 1217024, Note_on_c, 3, 35, 104
7, 1217280, Note_on_c, 3, 35, 0
7, 1217280, Note_on_c, 3, 33, 104
7, 1217536, Note_on_c, 3, 33, 0
7, 1217536, Note_on_c, 3, 40, 104
7, 1218560, Note_on_c, 3, 40, 0
7, 1219584, Note_on_c, 3, 40, 107
7, 1220608, Note_on_c, 3, 40, 0
7, 1221632, Note_on_c, 3, 45, 113
7, 1221888, Note_on_c, 3, 45, 0
7, 1221888, Note_on_c, 3, 47, 113
7, 1222144, Note_on_c, 3, 47, 0
7, 1222144, Note_on_c, 3, 45, 114
7, 1222400, Note_on_c, 3, 45, 0
7, 1222400, Note_on_c, 3, 44, 114
7, 1222656, Note_on_c, 3, 44, 0
7, 1222656, Note_on_c, 3, 42, 114
7, 1222912, Note_on_c, 3, 42, 0
7, 1222912, Note_on_c, 3, 44, 114
7, 1223168, Note_on_c, 3, 44, 0
7, 1223168, Note_on_c, 3, 42, 114
7, 1223424, Note_on_c, 3, 42, 0
7, 1223424, Note_on_c, 3, 40, 114
7, 1223680, Note_on_c, 3, 40, 0
7, 1223680, Note_on_c, 3, 38, 114
7, 1223936, Note_on_c, 3, 38, 0
7, 1223936, Note_on_c, 3, 40, 114
7, 1224192, Note_on_c, 3, 40, 0
7, 1224192, Note_on_c, 3, 38, 114
7, 1224448, Note_on_c, 3, 38, 0
7, 1224448, Note_on_c, 3, 37, 114
7, 1224704, Note_on_c, 3, 37, 0
7, 1224704, Note_on_c, 3, 35, 114
7, 1224960, Note_on_c, 3, 35, 0
7, 1224960, Note_on_c, 3, 37, 114
7, 1225216, Note_on_c, 3, 37, 0
7, 1225216, Note_on_c, 3, 35, 114
7, 1225472, Note_on_c, 3, 35, 0
7, 1225472, Note_on_c, 3, 33, 114
7, 1225728, Note_on_c, 3, 33, 0
7, 1225728, Note_on_c, 3, 33, 114
7, 1226752, Note_on_c, 3, 33, 0
7, 1227776, Note_on_c, 3, 45, 117
7, 1228800, Note_on_c, 3, 45, 0
7, 1229824, Note_on_c, 3, 29, 122
7, 1238016, Note_on_c, 3, 29, 0
7, 1240576, Note_on_c, 3, 34, 29
7, 1241324, Note_on_c, 3, 34, 0
7, 1246720, Note_on_c, 3, 34, 29
7, 1247468, Note_on_c, 3, 34, 0
7, 1252864, Note_on_c, 3, 34, 29
7, 1253612, Note_on_c, 3, 34, 0
7, 1255936, Note_on_c, 3, 34, 29
7, 1256684, Note_on_c, 3, 34, 0
7, 1259008, Note_on_c, 3, 34, 29
7, 1259756, Note_on_c, 3, 34, 0
7, 1262080, Note_on_c, 3, 34, 29
7, 1262828, Note_on_c, 3, 34, 0
7, 1265152, Note_on_c, 3, 34, 29
7, 1265900, Note_on_c, 3, 34, 0
7, 1268224, Note_on_c, 3, 34, 29
7, 1268972, Note_on_c, 3, 34, 0
7, 1271296, Note_on_c, 3, 34, 29
7, 1272044, Note_on_c, 3, 34, 0
7, 1274368, Note_on_c, 3, 34, 29
7, 1275116, Note_on_c, 3, 34, 0
7, 1275904, Note_on_c, 3, 34, 34
7, 1276652, Note_on_c, 3, 34, 0
7, 1277440, Note_on_c, 3, 46, 34
7, 1278188, Note_on_c, 3, 46, 0
7, 1278976, Note_on_c, 3, 34, 34
7, 1279724, Note_on_c, 3, 34, 0
7, 1280512, Note_on_c, 3, 46, 34
7, 1281260, Note_on_c, 3, 46, 0
7, 1282048, Note_on_c, 3, 29, 35
7, 1282796, Note_on_c, 3, 29, 0
7, 1283584, Note_on_c, 3, 41, 35
7, 1284332, Note_on_c, 3, 41, 0
7, 1285120, Note_on_c, 3, 29, 35
7, 1285868, Note_on_c, 3, 29, 0
7, 1286656, Note_on_c, 3, 41, 35
7, 1287404, Note_on_c, 3, 41, 0
7, 1288192, Note_on_c, 3, 34, 36
7, 1288940, Note_on_c, 3, 34, 0
7, 1289728, Note_on_c, 3, 46, 36
7, 1290476, Note_on_c, 3, 46, 0
7, 1291264, Note_on_c, 3, 34, 36
7, 1292012, Note_on_c, 3, 34, 0
7, 1292800, Note_on_c, 3, 46, 36
7, 1293548, Note_on_c, 3, 46, 0
7, 1294336, Note_on_c, 3, 29, 37
7, 1295084, Note_on_c, 3, 29, 0
7, 1295872, Note_on_c, 3, 41, 37
7, 1296620, Note_on_c, 3, 41, 0
7, 1297408, Note_on_c, 3, 29, 37
7, 1298156, Note_on_c, 3, 29, 0
7, 1298944, Note_on_c, 3, 41, 37
7, 1299692, Note_on_c, 3, 41, 0
7, 1300480, Note_on_c, 3, 34, 38
7, 1301228, Note_on_c, 3, 34, 0
7, 1302016, Note_on_c, 3, 46, 38
7, 1302764, Note_on_c, 3, 46, 0
7, 1303552, Note_on_c, 3, 34, 38
7, 1304300, Note_on_c, 3, 34, 0
7, 1305088, Note_on_c, 3, 46, 38
7, 1305836, Note_on_c, 3, 46, 0
7, 1306624, Note_on_c, 3, 29, 39
7, 1307372, Note_on_c, 3, 29, 0
7, 1308160, Note_on_c, 3, 33, 38
7, 1308908, Note_on_c, 3, 33, 0
7, 1309184, Note_on_c, 3, 36, 38
7, 1309558, Note_on_c, 3, 36, 0
7, 1309696, Note_on_c, 3, 41, 38
7, 1310444, Note_on_c, 3, 41, 0
7, 1310720, Note_on_c, 3, 29, 37
7, 1311094, Note_on_c, 3, 29, 0
7, 1311232, Note_on_c, 3, 31, 37
7, 1311980, Note_on_c, 3, 31, 0
7, 1312256, Note_on_c, 3, 33, 36
7, 1312630, Note_on_c, 3, 33, 0
7, 1312768, Note_on_c, 3, 34, 36
7, 1313516, Note_on_c, 3, 34, 0
7, 1314304, Note_on_c, 3, 46, 35
7, 1315052, Note_on_c, 3, 46, 0
7, 1315840, Note_on_c, 3, 34, 35
7, 1316588, Note_on_c, 3, 34, 0
7, 1317376, Note_on_c, 3, 46, 34
7, 1318124, Note_on_c, 3, 46, 0
7, 1318912, Note_on_c, 3, 29, 33
7, 1319660, Note_on_c, 3, 29, 0
7, 1320448, Note_on_c, 3, 41, 32
7, 1321196, Note_on_c, 3, 41, 0
7, 1321984, Note_on_c, 3, 34, 32
7, 1322732, Note_on_c, 3, 34, 0
7, 1325056, Note_on_c, 3, 29, 31
7, 1325804, Note_on_c, 3, 29, 0
7, 1326592, Note_on_c, 3, 41, 31
7, 1327340, Note_on_c, 3, 41, 0
7, 1328128, Note_on_c, 3, 29, 31
7, 1328876, Note_on_c, 3, 29, 0
7, 1329664, Note_on_c, 3, 34, 31
7, 1330412, Note_on_c, 3, 34, 0
7, 1331200, Note_on_c, 3, 29, 31
7, 1331948, Note_on_c, 3, 29, 0
7, 1332736, Note_on_c, 3, 41, 31
7, 1333484, Note_on_c, 3, 41, 0
7, 1334272, Note_on_c, 3, 29, 31
7, 1335020, Note_on_c, 3, 29, 0
7, 1335808, Note_on_c, 3, 34, 32
7, 1336556, Note_on_c, 3, 34, 0
7, 1337344, Note_on_c, 3, 29, 33
7, 1338092, Note_on_c, 3, 29, 0
7, 1338880, Note_on_c, 3, 34, 34
7, 1339628, Note_on_c, 3, 34, 0
7, 1340416, Note_on_c, 3, 29, 35
7, 1341164, Note_on_c, 3, 29, 0
7, 1341952, Note_on_c, 3, 41, 35
7, 1342700, Note_on_c, 3, 41, 0
7, 1343488, Note_on_c, 3, 36, 36
7, 1344236, Note_on_c, 3, 36, 0
7, 1345024, Note_on_c, 3, 48, 35
7, 1345772, Note_on_c, 3, 48, 0
7, 1346560, Note_on_c, 3, 39, 33
7, 1348096, Note_on_c, 3, 39, 0
7, 1348096, Note_on_c, 3, 38, 36
7, 1349120, Note_on_c, 3, 38, 0
7, 1349120, Note_on_c, 3, 36, 39
7, 1349632, Note_on_c, 3, 36, 0
7, 1349632, Note_on_c, 3, 34, 40
7, 1350380, Note_on_c, 3, 34, 0
7, 1351168, Note_on_c, 3, 46, 40
7, 1351916, Note_on_c, 3, 46, 0
7, 1352704, Note_on_c, 3, 32, 40
7, 1353452, Note_on_c, 3, 32, 0
7, 1354240, Note_on_c, 3, 44, 40
7, 1354988, Note_on_c, 3, 44, 0
7, 1355776, Note_on_c, 3, 31, 40
7, 1356524, Note_on_c, 3, 31, 0
7, 1357312, Note_on_c, 3, 43, 40
7, 1358060, Note_on_c, 3, 43, 0
7, 1358848, Note_on_c, 3, 27, 40
7, 1359596, Note_on_c, 3, 27, 0
7, 1360384, Note_on_c, 3, 28, 40
7, 1361132, Note_on_c, 3, 28, 0
7, 1361920, Note_on_c, 3, 29, 40
7, 1362668, Note_on_c, 3, 29, 0
7, 1363456, Note_on_c, 3, 41, 40
7, 1364204, Note_on_c, 3, 41, 0
7, 1364992, Note_on_c, 3, 29, 38
7, 1365740, Note_on_c, 3, 29, 0
7, 1366528, Note_on_c, 3, 41, 37
7, 1367276, Note_on_c, 3, 41, 0
7, 1368064, Note_on_c, 3, 29, 35
7, 1368812, Note_on_c, 3, 29, 0
7, 1369600, Note_on_c, 3, 41, 33
7, 1370348, Note_on_c, 3, 41, 0
7, 1371136, Note_on_c, 3, 34, 32
7, 1371884, Note_on_c, 3, 34, 0
7, 1521664, Note_on_c, 3, 34, 91
7, 1522412, Note_on_c, 3, 34, 0
7, 1523200, Note_on_c, 3, 46, 88
7, 1523948, Note_on_c, 3, 46, 0
7, 1524736, Note_on_c, 3, 34, 85
7, 1525484, Note_on_c, 3, 34, 0
7, 1526272, Note_on_c, 3, 46, 82
7, 1527020, Note_on_c, 3, 46, 0
7, 1527808, Note_on_c, 3, 27, 78
7, 1528556, Note_on_c, 3, 27, 0
7, 1529344, Note_on_c, 3, 39, 75
7, 1530092, Note_on_c, 3, 39, 0
7, 1530880, Note_on_c, 3, 27, 77
7, 1531628, Note_on_c, 3, 27, 0
7, 1532416, Note_on_c, 3, 39, 80
7, 1533164, Note_on_c, 3, 39, 0
7, 1533952, Note_on_c, 3, 29, 83
7, 1534700, Note_on_c, 3, 29, 0
7, 1535488, Note_on_c, 3, 41, 85
7, 1536236, Note_on_c, 3, 41, 0
7, 1537024, Note_on_c, 3, 29, 88
7, 1537772, Note_on_c, 3, 29, 0
7, 1538560, Note_on_c, 3, 41, 91
7, 1539308, Note_on_c, 3, 41, 0
7, 1540096, Note_on_c, 3, 34, 93
7, 1540844, Note_on_c, 3, 34, 0
7, 1541632, Note_on_c, 3, 29, 96
7, 1542380, Note_on_c, 3, 29, 0
7, 1543168, Note_on_c, 3, 34, 98
7, 1543916, Note_on_c, 3, 34, 0
7, 1544704, Note_on_c, 3, 29, 99
7, 1545452, Note_on_c, 3, 29, 0
7, 1546240, Note_on_c, 3, 38, 108
7, 1546988, Note_on_c, 3, 38, 0
7, 2050048, End_track
8, 0, Start_track
8, 0, Title_t, "Horn I, II"
8, 0, Program_c, 4, 60
8, 0, Control_c, 4, 121, 127
8, 0, Control_c, 4, 91, 127
8, 0, Control_c, 4, 1, 5
8, 0, Control_c, 4, 10, 30
8, 0, Control_c, 4, 11, 110
8, 2048, Note_on_c, 4, 62, 105
8, 2048, Note_on_c, 4, 65, 105
8, 10035, Note_on_c, 4, 62, 0
8, 10035, Note_on_c, 4, 65, 0
8, 10240, Note_on_c, 4, 62, 99
8, 10240, Note_on_c, 4, 65, 99
8, 11059, Note_on_c, 4, 62, 0
8, 11059, Note_on_c, 4, 65, 0
8, 11264, Note_on_c, 4, 62, 99
8, 11264, Note_on_c, 4, 65, 99
8, 12083, Note_on_c, 4, 62, 0
8, 12083, Note_on_c, 4, 65, 0
8, 12288, Note_on_c, 4, 62, 100
8, 12288, Note_on_c, 4, 65, 100
8, 13107, Note_on_c, 4, 62, 0
8, 13107, Note_on_c, 4, 65, 0
8, 13312, Note_on_c, 4, 62, 101
8, 13312, Note_on_c, 4, 65, 101
8, 14131, Note_on_c, 4, 62, 0
8, 14131, Note_on_c, 4, 65, 0
8, 14336, Note_on_c, 4, 62, 102
8, 14336, Note_on_c, 4, 65, 102
8, 15155, Note_on_c, 4, 62, 0
8, 15155, Note_on_c, 4, 65, 0
8, 15360, Note_on_c, 4, 62, 99
8, 15360, Note_on_c, 4, 65, 99
8, 15616, Note_on_c, 4, 62, 0
8, 15616, Note_on_c, 4, 65, 0
8, 15872, Note_on_c, 4, 50, 100
8, 15872, Note_on_c, 4, 62, 100
8, 16128, Note_on_c, 4, 50, 0
8, 16128, Note_on_c, 4, 62, 0
8, 16384, Note_on_c, 4, 50, 102
8, 16384, Note_on_c, 4, 62, 102
8, 16640, Note_on_c, 4, 50, 0
8, 16640, Note_on_c, 4, 62, 0
8, 16896, Note_on_c, 4, 50, 104
8, 16896, Note_on_c, 4, 62, 104
8, 17152, Note_on_c, 4, 50, 0
8, 17152, Note_on_c, 4, 62, 0
8, 17408, Note_on_c, 4, 50, 105
8, 17408, Note_on_c, 4, 62, 105
8, 17664, Note_on_c, 4, 50, 0
8, 17664, Note_on_c, 4, 62, 0
8, 17920, Note_on_c, 4, 50, 107
8, 17920, Note_on_c, 4, 62, 107
8, 18176, Note_on_c, 4, 50, 0
8, 18176, Note_on_c, 4, 62, 0
8, 18432, Note_on_c, 4, 50, 109
8, 18432, Note_on_c, 4, 62, 109
8, 18688, Note_on_c, 4, 50, 0
8, 18688, Note_on_c, 4, 62, 0
8, 18944, Note_on_c, 4, 50, 111
8, 18944, Note_on_c, 4, 62, 111
8, 19200, Note_on_c, 4, 50, 0
8, 19200, Note_on_c, 4, 62, 0
8, 19456, Note_on_c, 4, 50, 112
8, 19456, Note_on_c, 4, 62, 112
8, 19712, Note_on_c, 4, 50, 0
8, 19712, Note_on_c, 4, 62, 0
8, 19968, Note_on_c, 4, 50, 114
8, 19968, Note_on_c, 4, 62, 114
8, 20224, Note_on_c, 4, 50, 0
8, 20224, Note_on_c, 4, 62, 0
8, 20480, Note_on_c, 4, 50, 116
8, 20480, Note_on_c, 4, 62, 116
8, 20736, Note_on_c, 4, 50, 0
8, 20736, Note_on_c, 4, 62, 0
8, 20992, Note_on_c, 4, 50, 117
8, 20992, Note_on_c, 4, 62, 117
8, 21248, Note_on_c, 4, 50, 0
8, 21248, Note_on_c, 4, 62, 0
8, 21504, Note_on_c, 4, 50, 119
8, 21504, Note_on_c, 4, 62, 119
8, 22016, Note_on_c, 4, 50, 0
8, 22016, Note_on_c, 4, 62, 0
8, 22528, Note_on_c, 4, 57, 118
8, 22528, Note_on_c, 4, 69, 118
8, 23040, Note_on_c, 4, 57, 0
8, 23040, Note_on_c, 4, 69, 0
8, 54272, Note_on_c, 4, 66, 104
8, 54272, Note_on_c, 4, 69, 104
8, 62259, Note_on_c, 4, 66, 0
8, 62259, Note_on_c, 4, 69, 0
8, 62464, Note_on_c, 4, 66, 96
8, 62464, Note_on_c, 4, 69, 96
8, 63283, Note_on_c, 4, 66, 0
8, 63283, Note_on_c, 4, 69, 0
8, 63488, Note_on_c, 4, 66, 97
8, 63488, Note_on_c, 4, 69, 97
8, 64307, Note_on_c, 4, 66, 0
8, 64307, Note_on_c, 4, 69, 0
8, 64512, Note_on_c, 4, 66, 98
8, 64512, Note_on_c, 4, 69, 98
8, 64768, Note_on_c, 4, 66, 0
8, 64768, Note_on_c, 4, 69, 0
8, 65024, Note_on_c, 4, 54, 98
8, 65024, Note_on_c, 4, 66, 98
8, 65280, Note_on_c, 4, 54, 0
8, 65280, Note_on_c, 4, 66, 0
8, 65536, Note_on_c, 4, 54, 99
8, 65536, Note_on_c, 4, 66, 99
8, 65792, Note_on_c, 4, 54, 0
8, 65792, Note_on_c, 4, 66, 0
8, 66048, Note_on_c, 4, 57, 99
8, 66048, Note_on_c, 4, 69, 99
8, 66304, Note_on_c, 4, 57, 0
8, 66304, Note_on_c, 4, 69, 0
8, 66560, Note_on_c, 4, 57, 99
8, 66560, Note_on_c, 4, 69, 99
8, 66816, Note_on_c, 4, 57, 0
8, 66816, Note_on_c, 4, 69, 0
8, 67072, Note_on_c, 4, 54, 100
8, 67328, Note_on_c, 4, 54, 0
8, 67584, Note_on_c, 4, 54, 100
8, 67840, Note_on_c, 4, 54, 0
8, 68096, Note_on_c, 4, 60, 101
8, 68352, Note_on_c, 4, 60, 0
8, 68608, Note_on_c, 4, 60, 102
8, 68864, Note_on_c, 4, 60, 0
8, 72704, Note_on_c, 4, 57, 115
8, 72704, Note_on_c, 4, 69, 115
8, 72960, Note_on_c, 4, 57, 0
8, 72960, Note_on_c, 4, 69, 0
8, 73216, Note_on_c, 4, 57, 117
8, 73216, Note_on_c, 4, 69, 117
8, 73472, Note_on_c, 4, 57, 0
8, 73472, Note_on_c, 4, 69, 0
8, 73728, Note_on_c, 4, 57, 118
8, 73728, Note_on_c, 4, 69, 118
8, 74240, Note_on_c, 4, 57, 0
8, 74240, Note_on_c, 4, 69, 0
8, 76288, Note_on_c, 4, 57, 110
8, 76288, Note_on_c, 4, 69, 110
8, 76544, Note_on_c, 4, 57, 0
8, 76544, Note_on_c, 4, 69, 0
8, 76800, Note_on_c, 4, 57, 110
8, 76800, Note_on_c, 4, 69, 110
8, 77210, Note_on_c, 4, 57, 0
8, 77210, Note_on_c, 4, 69, 0
8, 90112, Note_on_c, 4, 50, 90
8, 90112, Note_on_c, 4, 62, 90
8, 90368, Note_on_c, 4, 50, 0
8, 90368, Note_on_c, 4, 62, 0
8, 91136, Note_on_c, 4, 50, 74
8, 91136, Note_on_c, 4, 62, 74
8, 91392, Note_on_c, 4, 50, 0
8, 91392, Note_on_c, 4, 62, 0
8, 92160, Note_on_c, 4, 57, 28
8, 92160, Note_on_c, 4, 64, 28
8, 108544, Note_on_c, 4, 57, 0
8, 108544, Note_on_c, 4, 64, 0
8, 108544, Note_on_c, 4, 54, 103
8, 108544, Note_on_c, 4, 66, 103
8, 108954, Note_on_c, 4, 54, 0
8, 108954, Note_on_c, 4, 66, 0
8, 229376, Note_on_c, 4, 64, 49
8, 231424, Note_on_c, 4, 64, 0
8, 231424, Note_on_c, 4, 45, 41
8, 231424, Note_on_c, 4, 57, 41
8, 248832, Note_on_c, 4, 45, 0
8, 248832, Note_on_c, 4, 57, 0
8, 248832, Note_on_c, 4, 57, 100
8, 248832, Note_on_c, 4, 64, 100
8, 249344, Note_on_c, 4, 57, 0
8, 249344, Note_on_c, 4, 64, 0
8, 251904, Note_on_c, 4, 57, 96
8, 251904, Note_on_c, 4, 64, 96
8, 252416, Note_on_c, 4, 57, 0
8, 252416, Note_on_c, 4, 64, 0
8, 254976, Note_on_c, 4, 57, 93
8, 254976, Note_on_c, 4, 64, 93
8, 255488, Note_on_c, 4, 57, 0
8, 255488, Note_on_c, 4, 64, 0
8, 258048, Note_on_c, 4, 62, 99
8, 258048, Note_on_c, 4, 66, 99
8, 258560, Note_on_c, 4, 62, 0
8, 258560, Note_on_c, 4, 66, 0
8, 270336, Note_on_c, 4, 62, 107
8, 270336, Note_on_c, 4, 67, 107
8, 271155, Note_on_c, 4, 62, 0
8, 271155, Note_on_c, 4, 67, 0
8, 271360, Note_on_c, 4, 62, 101
8, 271360, Note_on_c, 4, 67, 101
8, 271616, Note_on_c, 4, 62, 0
8, 271616, Note_on_c, 4, 67, 0
8, 278528, Note_on_c, 4, 57, 101
8, 278528, Note_on_c, 4, 64, 101
8, 279040, Note_on_c, 4, 57, 0
8, 279040, Note_on_c, 4, 64, 0
8, 280576, Note_on_c, 4, 62, 103
8, 280576, Note_on_c, 4, 66, 103
8, 281088, Note_on_c, 4, 62, 0
8, 281088, Note_on_c, 4, 66, 0
8, 577536, Note_on_c, 4, 62, 98
8, 577536, Note_on_c, 4, 66, 98
8, 579584, Note_on_c, 4, 62, 0
8, 579584, Note_on_c, 4, 66, 0
8, 579584, Note_on_c, 4, 64, 99
8, 579584, Note_on_c, 4, 67, 99
8, 580608, Note_on_c, 4, 64, 0
8, 580608, Note_on_c, 4, 67, 0
8, 580608, Note_on_c, 4, 66, 99
8, 580608, Note_on_c, 4, 69, 99
8, 581427, Note_on_c, 4, 66, 0
8, 581427, Note_on_c, 4, 69, 0
8, 581632, Note_on_c, 4, 66, 99
8, 581632, Note_on_c, 4, 69, 99
8, 582656, Note_on_c, 4, 66, 0
8, 582656, Note_on_c, 4, 69, 0
8, 582656, Note_on_c, 4, 64, 99
8, 582656, Note_on_c, 4, 67, 99
8, 583680, Note_on_c, 4, 64, 0
8, 583680, Note_on_c, 4, 67, 0
8, 583680, Note_on_c, 4, 62, 99
8, 583680, Note_on_c, 4, 66, 99
8, 584428, Note_on_c, 4, 62, 0
8, 584428, Note_on_c, 4, 66, 0
8, 584704, Note_on_c, 4, 57, 99
8, 584704, Note_on_c, 4, 64, 99
8, 585452, Note_on_c, 4, 57, 0
8, 585452, Note_on_c, 4, 64, 0
8, 585728, Note_on_c, 4, 54, 99
8, 585728, Note_on_c, 4, 62, 99
8, 586476, Note_on_c, 4, 54, 0
8, 586476, Note_on_c, 4, 62, 0
8, 586752, Note_on_c, 4, 54, 99
8, 586752, Note_on_c, 4, 62, 99
8, 587776, Note_on_c, 4, 54, 0
8, 587776, Note_on_c, 4, 62, 0
8, 587776, Note_on_c, 4, 57, 99
8, 587776, Note_on_c, 4, 64, 99
8, 588800, Note_on_c, 4, 57, 0
8, 588800, Note_on_c, 4, 64, 0
8, 588800, Note_on_c, 4, 62, 99
8, 588800, Note_on_c, 4, 66, 99
8, 589619, Note_on_c, 4, 62, 0
8, 589619, Note_on_c, 4, 66, 0
8, 589824, Note_on_c, 4, 62, 99
8, 589824, Note_on_c, 4, 66, 99
8, 591360, Note_on_c, 4, 62, 0
8, 591360, Note_on_c, 4, 66, 0
8, 591360, Note_on_c, 4, 57, 99
8, 591360, Note_on_c, 4, 64, 99
8, 591770, Note_on_c, 4, 57, 0
8, 591770, Note_on_c, 4, 64, 0
8, 591872, Note_on_c, 4, 57, 99
8, 591872, Note_on_c, 4, 64, 99
8, 593510, Note_on_c, 4, 57, 0
8, 593510, Note_on_c, 4, 64, 0
8, 593920, Note_on_c, 4, 62, 99
8, 593920, Note_on_c, 4, 66, 99
8, 595968, Note_on_c, 4, 62, 0
8, 595968, Note_on_c, 4, 66, 0
8, 595968, Note_on_c, 4, 64, 99
8, 595968, Note_on_c, 4, 67, 99
8, 596992, Note_on_c, 4, 64, 0
8, 596992, Note_on_c, 4, 67, 0
8, 596992, Note_on_c, 4, 66, 99
8, 596992, Note_on_c, 4, 69, 99
8, 597811, Note_on_c, 4, 66, 0
8, 597811, Note_on_c, 4, 69, 0
8, 598016, Note_on_c, 4, 66, 99
8, 598016, Note_on_c, 4, 69, 99
8, 599040, Note_on_c, 4, 66, 0
8, 599040, Note_on_c, 4, 69, 0
8, 599040, Note_on_c, 4, 64, 99
8, 599040, Note_on_c, 4, 67, 99
8, 600064, Note_on_c, 4, 64, 0
8, 600064, Note_on_c, 4, 67, 0
8, 600064, Note_on_c, 4, 62, 99
8, 600064, Note_on_c, 4, 66, 99
8, 600812, Note_on_c, 4, 62, 0
8, 600812, Note_on_c, 4, 66, 0
8, 601088, Note_on_c, 4, 57, 99
8, 601088, Note_on_c, 4, 64, 99
8, 601836, Note_on_c, 4, 57, 0
8, 601836, Note_on_c, 4, 64, 0
8, 602112, Note_on_c, 4, 54, 99
8, 602112, Note_on_c, 4, 62, 99
8, 602860, Note_on_c, 4, 54, 0
8, 602860, Note_on_c, 4, 62, 0
8, 603136, Note_on_c, 4, 54, 99
8, 603136, Note_on_c, 4, 62, 99
8, 603884, Note_on_c, 4, 54, 0
8, 603884, Note_on_c, 4, 62, 0
8, 604160, Note_on_c, 4, 57, 99
8, 604160, Note_on_c, 4, 64, 99
8, 604908, Note_on_c, 4, 57, 0
8, 604908, Note_on_c, 4, 64, 0
8, 605184, Note_on_c, 4, 62, 99
8, 605184, Note_on_c, 4, 66, 99
8, 605932, Note_on_c, 4, 62, 0
8, 605932, Note_on_c, 4, 66, 0
8, 606208, Note_on_c, 4, 57, 99
8, 606208, Note_on_c, 4, 64, 99
8, 607744, Note_on_c, 4, 57, 0
8, 607744, Note_on_c, 4, 64, 0
8, 607744, Note_on_c, 4, 54, 99
8, 607744, Note_on_c, 4, 62, 99
8, 608154, Note_on_c, 4, 54, 0
8, 608154, Note_on_c, 4, 62, 0
8, 608256, Note_on_c, 4, 54, 99
8, 608256, Note_on_c, 4, 62, 99
8, 609894, Note_on_c, 4, 54, 0
8, 609894, Note_on_c, 4, 62, 0
8, 610304, Note_on_c, 4, 57, 98
8, 610304, Note_on_c, 4, 64, 98
8, 612352, Note_on_c, 4, 57, 0
8, 612352, Note_on_c, 4, 64, 0
8, 612352, Note_on_c, 4, 62, 98
8, 612352, Note_on_c, 4, 66, 98
8, 613376, Note_on_c, 4, 62, 0
8, 613376, Note_on_c, 4, 66, 0
8, 613376, Note_on_c, 4, 54, 98
8, 613376, Note_on_c, 4, 62, 98
8, 614195, Note_on_c, 4, 54, 0
8, 614195, Note_on_c, 4, 62, 0
8, 614400, Note_on_c, 4, 57, 98
8, 614400, Note_on_c, 4, 64, 98
8, 615424, Note_on_c, 4, 57, 0
8, 615424, Note_on_c, 4, 64, 0
8, 615424, Note_on_c, 4, 62, 98
8, 615424, Note_on_c, 4, 66, 98
8, 615936, Note_on_c, 4, 62, 0
8, 615936, Note_on_c, 4, 66, 0
8, 615936, Note_on_c, 4, 64, 98
8, 615936, Note_on_c, 4, 67, 98
8, 616448, Note_on_c, 4, 64, 0
8, 616448, Note_on_c, 4, 67, 0
8, 616448, Note_on_c, 4, 62, 97
8, 616448, Note_on_c, 4, 66, 97
8, 617196, Note_on_c, 4, 62, 0
8, 617196, Note_on_c, 4, 66, 0
8, 617472, Note_on_c, 4, 54, 97
8, 617472, Note_on_c, 4, 62, 97
8, 618220, Note_on_c, 4, 54, 0
8, 618220, Note_on_c, 4, 62, 0
8, 618496, Note_on_c, 4, 57, 97
8, 618496, Note_on_c, 4, 64, 97
8, 619520, Note_on_c, 4, 57, 0
8, 619520, Note_on_c, 4, 64, 0
8, 619520, Note_on_c, 4, 62, 97
8, 619520, Note_on_c, 4, 66, 97
8, 620032, Note_on_c, 4, 62, 0
8, 620032, Note_on_c, 4, 66, 0
8, 620032, Note_on_c, 4, 64, 97
8, 620032, Note_on_c, 4, 67, 97
8, 620544, Note_on_c, 4, 64, 0
8, 620544, Note_on_c, 4, 67, 0
8, 620544, Note_on_c, 4, 54, 97
8, 620544, Note_on_c, 4, 66, 97
8, 621568, Note_on_c, 4, 54, 0
8, 621568, Note_on_c, 4, 66, 0
8, 621568, Note_on_c, 4, 54, 100
8, 621568, Note_on_c, 4, 66, 100
8, 622316, Note_on_c, 4, 54, 0
8, 622316, Note_on_c, 4, 66, 0
8, 622592, Note_on_c, 4, 54, 101
8, 622592, Note_on_c, 4, 66, 101
8, 623104, Note_on_c, 4, 54, 0
8, 623104, Note_on_c, 4, 66, 0
8, 623616, Note_on_c, 4, 64, 103
8, 624128, Note_on_c, 4, 64, 0
8, 624640, Note_on_c, 4, 57, 104
8, 625152, Note_on_c, 4, 57, 0
8, 625664, Note_on_c, 4, 62, 101
8, 625664, Note_on_c, 4, 66, 101
8, 627507, Note_on_c, 4, 62, 0
8, 627507, Note_on_c, 4, 66, 0
8, 627712, Note_on_c, 4, 62, 101
8, 627712, Note_on_c, 4, 66, 101
8, 628460, Note_on_c, 4, 62, 0
8, 628460, Note_on_c, 4, 66, 0
8, 628736, Note_on_c, 4, 64, 101
8, 628736, Note_on_c, 4, 67, 101
8, 629484, Note_on_c, 4, 64, 0
8, 629484, Note_on_c, 4, 67, 0
8, 629760, Note_on_c, 4, 66, 101
8, 629760, Note_on_c, 4, 69, 101
8, 630508, Note_on_c, 4, 66, 0
8, 630508, Note_on_c, 4, 69, 0
8, 630784, Note_on_c, 4, 66, 101
8, 630784, Note_on_c, 4, 69, 101
8, 631808, Note_on_c, 4, 66, 0
8, 631808, Note_on_c, 4, 69, 0
8, 631808, Note_on_c, 4, 64, 101
8, 631808, Note_on_c, 4, 67, 101
8, 632832, Note_on_c, 4, 64, 0
8, 632832, Note_on_c, 4, 67, 0
8, 632832, Note_on_c, 4, 62, 101
8, 632832, Note_on_c, 4, 66, 101
8, 633580, Note_on_c, 4, 62, 0
8, 633580, Note_on_c, 4, 66, 0
8, 633856, Note_on_c, 4, 57, 101
8, 633856, Note_on_c, 4, 64, 101
8, 634604, Note_on_c, 4, 57, 0
8, 634604, Note_on_c, 4, 64, 0
8, 634880, Note_on_c, 4, 54, 101
8, 634880, Note_on_c, 4, 62, 101
8, 635628, Note_on_c, 4, 54, 0
8, 635628, Note_on_c, 4, 62, 0
8, 635904, Note_on_c, 4, 54, 101
8, 635904, Note_on_c, 4, 62, 101
8, 636652, Note_on_c, 4, 54, 0
8, 636652, Note_on_c, 4, 62, 0
8, 636928, Note_on_c, 4, 57, 101
8, 636928, Note_on_c, 4, 64, 101
8, 637676, Note_on_c, 4, 57, 0
8, 637676, Note_on_c, 4, 64, 0
8, 637952, Note_on_c, 4, 62, 101
8, 637952, Note_on_c, 4, 66, 101
8, 638700, Note_on_c, 4, 62, 0
8, 638700, Note_on_c, 4, 66, 0
8, 638976, Note_on_c, 4, 57, 101
8, 638976, Note_on_c, 4, 64, 101
8, 640512, Note_on_c, 4, 57, 0
8, 640512, Note_on_c, 4, 64, 0
8, 640512, Note_on_c, 4, 54, 101
8, 640512, Note_on_c, 4, 62, 101
8, 640768, Note_on_c, 4, 54, 0
8, 640768, Note_on_c, 4, 62, 0
8, 641024, Note_on_c, 4, 54, 101
8, 641024, Note_on_c, 4, 62, 101
8, 641280, Note_on_c, 4, 54, 0
8, 641280, Note_on_c, 4, 62, 0
8, 641536, Note_on_c, 4, 66, 101
8, 641536, Note_on_c, 4, 69, 101
8, 642048, Note_on_c, 4, 66, 0
8, 642048, Note_on_c, 4, 69, 0
8, 642048, Note_on_c, 4, 64, 101
8, 642048, Note_on_c, 4, 67, 101
8, 642560, Note_on_c, 4, 64, 0
8, 642560, Note_on_c, 4, 67, 0
8, 642560, Note_on_c, 4, 62, 101
8, 642560, Note_on_c, 4, 66, 101
8, 643072, Note_on_c, 4, 62, 0
8, 643072, Note_on_c, 4, 66, 0
8, 643072, Note_on_c, 4, 57, 98
8, 643072, Note_on_c, 4, 64, 98
8, 645120, Note_on_c, 4, 57, 0
8, 645120, Note_on_c, 4, 64, 0
8, 645120, Note_on_c, 4, 62, 98
8, 645120, Note_on_c, 4, 66, 98
8, 646144, Note_on_c, 4, 62, 0
8, 646144, Note_on_c, 4, 66, 0
8, 646144, Note_on_c, 4, 54, 98
8, 646144, Note_on_c, 4, 62, 98
8, 646963, Note_on_c, 4, 54, 0
8, 646963, Note_on_c, 4, 62, 0
8, 647168, Note_on_c, 4, 57, 99
8, 647168, Note_on_c, 4, 64, 99
8, 648192, Note_on_c, 4, 57, 0
8, 648192, Note_on_c, 4, 64, 0
8, 648192, Note_on_c, 4, 62, 99
8, 648192, Note_on_c, 4, 66, 99
8, 648704, Note_on_c, 4, 62, 0
8, 648704, Note_on_c, 4, 66, 0
8, 648704, Note_on_c, 4, 64, 99
8, 648704, Note_on_c, 4, 67, 99
8, 649216, Note_on_c, 4, 64, 0
8, 649216, Note_on_c, 4, 67, 0
8, 649216, Note_on_c, 4, 62, 99
8, 649216, Note_on_c, 4, 66, 99
8, 649728, Note_on_c, 4, 62, 0
8, 649728, Note_on_c, 4, 66, 0
8, 650240, Note_on_c, 4, 54, 100
8, 650240, Note_on_c, 4, 62, 100
8, 650752, Note_on_c, 4, 54, 0
8, 650752, Note_on_c, 4, 62, 0
8, 651264, Note_on_c, 4, 57, 100
8, 651264, Note_on_c, 4, 64, 100
8, 652288, Note_on_c, 4, 57, 0
8, 652288, Note_on_c, 4, 64, 0
8, 652288, Note_on_c, 4, 62, 100
8, 652288, Note_on_c, 4, 66, 100
8, 652800, Note_on_c, 4, 62, 0
8, 652800, Note_on_c, 4, 66, 0
8, 652800, Note_on_c, 4, 64, 100
8, 652800, Note_on_c, 4, 67, 100
8, 653312, Note_on_c, 4, 64, 0
8, 653312, Note_on_c, 4, 67, 0
8, 653312, Note_on_c, 4, 54, 100
8, 653312, Note_on_c, 4, 66, 100
8, 654336, Note_on_c, 4, 54, 0
8, 654336, Note_on_c, 4, 66, 0
8, 654336, Note_on_c, 4, 54, 100
8, 654336, Note_on_c, 4, 66, 100
8, 655155, Note_on_c, 4, 54, 0
8, 655155, Note_on_c, 4, 66, 0
8, 655360, Note_on_c, 4, 54, 101
8, 655360, Note_on_c, 4, 66, 101
8, 655872, Note_on_c, 4, 54, 0
8, 655872, Note_on_c, 4, 66, 0
8, 656384, Note_on_c, 4, 64, 102
8, 656896, Note_on_c, 4, 64, 0
8, 657408, Note_on_c, 4, 57, 103
8, 657920, Note_on_c, 4, 57, 0
8, 658432, Note_on_c, 4, 62, 101
8, 658432, Note_on_c, 4, 66, 101
8, 660275, Note_on_c, 4, 62, 0
8, 660275, Note_on_c, 4, 66, 0
8, 660480, Note_on_c, 4, 62, 101
8, 660480, Note_on_c, 4, 66, 101
8, 661228, Note_on_c, 4, 62, 0
8, 661228, Note_on_c, 4, 66, 0
8, 661504, Note_on_c, 4, 64, 101
8, 661504, Note_on_c, 4, 67, 101
8, 662252, Note_on_c, 4, 64, 0
8, 662252, Note_on_c, 4, 67, 0
8, 662528, Note_on_c, 4, 66, 101
8, 662528, Note_on_c, 4, 69, 101
8, 663276, Note_on_c, 4, 66, 0
8, 663276, Note_on_c, 4, 69, 0
8, 663552, Note_on_c, 4, 66, 100
8, 663552, Note_on_c, 4, 69, 100
8, 664576, Note_on_c, 4, 66, 0
8, 664576, Note_on_c, 4, 69, 0
8, 664576, Note_on_c, 4, 64, 100
8, 664576, Note_on_c, 4, 67, 100
8, 665600, Note_on_c, 4, 64, 0
8, 665600, Note_on_c, 4, 67, 0
8, 665600, Note_on_c, 4, 62, 100
8, 665600, Note_on_c, 4, 66, 100
8, 666348, Note_on_c, 4, 62, 0
8, 666348, Note_on_c, 4, 66, 0
8, 666624, Note_on_c, 4, 57, 100
8, 666624, Note_on_c, 4, 64, 100
8, 667372, Note_on_c, 4, 57, 0
8, 667372, Note_on_c, 4, 64, 0
8, 667648, Note_on_c, 4, 54, 99
8, 667648, Note_on_c, 4, 62, 99
8, 668396, Note_on_c, 4, 54, 0
8, 668396, Note_on_c, 4, 62, 0
8, 668672, Note_on_c, 4, 54, 99
8, 668672, Note_on_c, 4, 62, 99
8, 669420, Note_on_c, 4, 54, 0
8, 669420, Note_on_c, 4, 62, 0
8, 669696, Note_on_c, 4, 57, 99
8, 669696, Note_on_c, 4, 64, 99
8, 670444, Note_on_c, 4, 57, 0
8, 670444, Note_on_c, 4, 64, 0
8, 670720, Note_on_c, 4, 62, 99
8, 670720, Note_on_c, 4, 66, 99
8, 671468, Note_on_c, 4, 62, 0
8, 671468, Note_on_c, 4, 66, 0
8, 671744, Note_on_c, 4, 57, 99
8, 671744, Note_on_c, 4, 64, 99
8, 673280, Note_on_c, 4, 57, 0
8, 673280, Note_on_c, 4, 64, 0
8, 673280, Note_on_c, 4, 54, 88
8, 673280, Note_on_c, 4, 62, 88
8, 673654, Note_on_c, 4, 54, 0
8, 673654, Note_on_c, 4, 62, 0
8, 673792, Note_on_c, 4, 54, 83
8, 673792, Note_on_c, 4, 62, 83
8, 674540, Note_on_c, 4, 54, 0
8, 674540, Note_on_c, 4, 62, 0
8, 674816, Note_on_c, 4, 66, 83
8, 674816, Note_on_c, 4, 69, 83
8, 675840, Note_on_c, 4, 66, 0
8, 675840, Note_on_c, 4, 69, 0
8, 675840, Note_on_c, 4, 64, 83
8, 675840, Note_on_c, 4, 67, 83
8, 677376, Note_on_c, 4, 64, 0
8, 677376, Note_on_c, 4, 67, 0
8, 677376, Note_on_c, 4, 62, 83
8, 677376, Note_on_c, 4, 66, 83
8, 677632, Note_on_c, 4, 62, 0
8, 677632, Note_on_c, 4, 66, 0
8, 677888, Note_on_c, 4, 62, 83
8, 677888, Note_on_c, 4, 66, 83
8, 678400, Note_on_c, 4, 62, 0
8, 678400, Note_on_c, 4, 66, 0
8, 678912, Note_on_c, 4, 50, 83
8, 678912, Note_on_c, 4, 62, 83
8, 679936, Note_on_c, 4, 50, 0
8, 679936, Note_on_c, 4, 62, 0
8, 679936, Note_on_c, 4, 62, 83
8, 679936, Note_on_c, 4, 66, 83
8, 681472, Note_on_c, 4, 62, 0
8, 681472, Note_on_c, 4, 66, 0
8, 681472, Note_on_c, 4, 62, 83
8, 681472, Note_on_c, 4, 67, 83
8, 681728, Note_on_c, 4, 62, 0
8, 681728, Note_on_c, 4, 67, 0
8, 681984, Note_on_c, 4, 62, 83
8, 681984, Note_on_c, 4, 67, 83
8, 682496, Note_on_c, 4, 62, 0
8, 682496, Note_on_c, 4, 67, 0
8, 683008, Note_on_c, 4, 50, 83
8, 683008, Note_on_c, 4, 62, 83
8, 684032, Note_on_c, 4, 50, 0
8, 684032, Note_on_c, 4, 62, 0
8, 684032, Note_on_c, 4, 50, 83
8, 684032, Note_on_c, 4, 62, 83
8, 685568, Note_on_c, 4, 50, 0
8, 685568, Note_on_c, 4, 62, 0
8, 685568, Note_on_c, 4, 62, 83
8, 685568, Note_on_c, 4, 64, 83
8, 685824, Note_on_c, 4, 62, 0
8, 685824, Note_on_c, 4, 64, 0
8, 686080, Note_on_c, 4, 57, 83
8, 686080, Note_on_c, 4, 64, 83
8, 686592, Note_on_c, 4, 57, 0
8, 686592, Note_on_c, 4, 64, 0
8, 687104, Note_on_c, 4, 64, 83
8, 687104, Note_on_c, 4, 57, 83
8, 687616, Note_on_c, 4, 64, 0
8, 687616, Note_on_c, 4, 66, 83
8, 688128, Note_on_c, 4, 57, 0
8, 688128, Note_on_c, 4, 66, 0
8, 688128, Note_on_c, 4, 57, 83
8, 688128, Note_on_c, 4, 64, 83
8, 689664, Note_on_c, 4, 57, 0
8, 689664, Note_on_c, 4, 64, 0
8, 689664, Note_on_c, 4, 54, 83
8, 689664, Note_on_c, 4, 62, 83
8, 690074, Note_on_c, 4, 54, 0
8, 690074, Note_on_c, 4, 62, 0
8, 690176, Note_on_c, 4, 54, 83
8, 690176, Note_on_c, 4, 62, 83
8, 690688, Note_on_c, 4, 54, 0
8, 690688, Note_on_c, 4, 62, 0
8, 690688, Note_on_c, 4, 45, 83
8, 690688, Note_on_c, 4, 57, 83
8, 691200, Note_on_c, 4, 45, 0
8, 691200, Note_on_c, 4, 57, 0
8, 691200, Note_on_c, 4, 57, 83
8, 691200, Note_on_c, 4, 69, 83
8, 691712, Note_on_c, 4, 57, 0
8, 691712, Note_on_c, 4, 69, 0
8, 691712, Note_on_c, 4, 54, 83
8, 691712, Note_on_c, 4, 66, 83
8, 692224, Note_on_c, 4, 54, 0
8, 692224, Note_on_c, 4, 66, 0
8, 692224, Note_on_c, 4, 66, 83
8, 692224, Note_on_c, 4, 62, 83
8, 693760, Note_on_c, 4, 66, 0
8, 693760, Note_on_c, 4, 64, 83
8, 694016, Note_on_c, 4, 64, 0
8, 694272, Note_on_c, 4, 64, 83
8, 694272, Note_on_c, 4, 62, 0
8, 694272, Note_on_c, 4, 57, 83
8, 694784, Note_on_c, 4, 64, 0
8, 694784, Note_on_c, 4, 57, 0
8, 695296, Note_on_c, 4, 64, 83
8, 697856, Note_on_c, 4, 64, 0
8, 697856, Note_on_c, 4, 54, 83
8, 697856, Note_on_c, 4, 66, 83
8, 698112, Note_on_c, 4, 54, 0
8, 698112, Note_on_c, 4, 66, 0
8, 698368, Note_on_c, 4, 54, 83
8, 698368, Note_on_c, 4, 66, 83
8, 698880, Note_on_c, 4, 54, 0
8, 698880, Note_on_c, 4, 66, 0
8, 699392, Note_on_c, 4, 54, 83
8, 699392, Note_on_c, 4, 66, 83
8, 701235, Note_on_c, 4, 54, 0
8, 701235, Note_on_c, 4, 66, 0
8, 704512, Note_on_c, 4, 64, 88
8, 704512, Note_on_c, 4, 67, 88
8, 705331, Note_on_c, 4, 64, 0
8, 705331, Note_on_c, 4, 67, 0
8, 706560, Note_on_c, 4, 54, 92
8, 706560, Note_on_c, 4, 66, 92
8, 707379, Note_on_c, 4, 54, 0
8, 707379, Note_on_c, 4, 66, 0
8, 710656, Note_on_c, 4, 54, 99
8, 710656, Note_on_c, 4, 66, 99
8, 711475, Note_on_c, 4, 54, 0
8, 711475, Note_on_c, 4, 66, 0
8, 711680, Note_on_c, 4, 54, 101
8, 711680, Note_on_c, 4, 66, 101
8, 712499, Note_on_c, 4, 54, 0
8, 712499, Note_on_c, 4, 66, 0
8, 712704, Note_on_c, 4, 64, 102
8, 713933, Note_on_c, 4, 64, 0
8, 714240, Note_on_c, 4, 64, 103
8, 714650, Note_on_c, 4, 64, 0
8, 714752, Note_on_c, 4, 64, 103
8, 715981, Note_on_c, 4, 64, 0
8, 716288, Note_on_c, 4, 64, 103
8, 716698, Note_on_c, 4, 64, 0
8, 716800, Note_on_c, 4, 64, 103
8, 718029, Note_on_c, 4, 64, 0
8, 718336, Note_on_c, 4, 64, 103
8, 718746, Note_on_c, 4, 64, 0
8, 718848, Note_on_c, 4, 64, 103
8, 719258, Note_on_c, 4, 64, 0
8, 719360, Note_on_c, 4, 64, 103
8, 719770, Note_on_c, 4, 64, 0
8, 719872, Note_on_c, 4, 64, 103
8, 720282, Note_on_c, 4, 64, 0
8, 720384, Note_on_c, 4, 64, 103
8, 720794, Note_on_c, 4, 64, 0
8, 720896, Note_on_c, 4, 64, 103
8, 721715, Note_on_c, 4, 64, 0
8, 721920, Note_on_c, 4, 57, 103
8, 721920, Note_on_c, 4, 69, 103
8, 722330, Note_on_c, 4, 57, 0
8, 722330, Note_on_c, 4, 69, 0
8, 722432, Note_on_c, 4, 57, 103
8, 722432, Note_on_c, 4, 69, 103
8, 722842, Note_on_c, 4, 57, 0
8, 722842, Note_on_c, 4, 69, 0
8, 722944, Note_on_c, 4, 57, 103
8, 722944, Note_on_c, 4, 69, 103
8, 723763, Note_on_c, 4, 57, 0
8, 723763, Note_on_c, 4, 69, 0
8, 723968, Note_on_c, 4, 57, 103
8, 723968, Note_on_c, 4, 69, 103
8, 724378, Note_on_c, 4, 57, 0
8, 724378, Note_on_c, 4, 69, 0
8, 724480, Note_on_c, 4, 57, 103
8, 724480, Note_on_c, 4, 69, 103
8, 724890, Note_on_c, 4, 57, 0
8, 724890, Note_on_c, 4, 69, 0
8, 724992, Note_on_c, 4, 57, 103
8, 724992, Note_on_c, 4, 69, 103
8, 725402, Note_on_c, 4, 57, 0
8, 725402, Note_on_c, 4, 69, 0
8, 725504, Note_on_c, 4, 57, 103
8, 725504, Note_on_c, 4, 69, 103
8, 725914, Note_on_c, 4, 57, 0
8, 725914, Note_on_c, 4, 69, 0
8, 726016, Note_on_c, 4, 57, 103
8, 726016, Note_on_c, 4, 69, 103
8, 726426, Note_on_c, 4, 57, 0
8, 726426, Note_on_c, 4, 69, 0
8, 726528, Note_on_c, 4, 57, 103
8, 726528, Note_on_c, 4, 69, 103
8, 726938, Note_on_c, 4, 57, 0
8, 726938, Note_on_c, 4, 69, 0
8, 727040, Note_on_c, 4, 57, 105
8, 727040, Note_on_c, 4, 69, 105
8, 727450, Note_on_c, 4, 57, 0
8, 727450, Note_on_c, 4, 69, 0
8, 727552, Note_on_c, 4, 57, 107
8, 727552, Note_on_c, 4, 69, 107
8, 727962, Note_on_c, 4, 57, 0
8, 727962, Note_on_c, 4, 69, 0
8, 728064, Note_on_c, 4, 64, 109
8, 728474, Note_on_c, 4, 64, 0
8, 728576, Note_on_c, 4, 64, 111
8, 728986, Note_on_c, 4, 64, 0
8, 729088, Note_on_c, 4, 57, 113
8, 729088, Note_on_c, 4, 69, 113
8, 730726, Note_on_c, 4, 57, 0
8, 730726, Note_on_c, 4, 69, 0
8, 731136, Note_on_c, 4, 64, 114
8, 731648, Note_on_c, 4, 64, 0
8, 732160, Note_on_c, 4, 64, 114
8, 732672, Note_on_c, 4, 64, 0
8, 733184, Note_on_c, 4, 57, 114
8, 733184, Note_on_c, 4, 69, 114
8, 734822, Note_on_c, 4, 57, 0
8, 734822, Note_on_c, 4, 69, 0
8, 735232, Note_on_c, 4, 64, 114
8, 735744, Note_on_c, 4, 64, 0
8, 736256, Note_on_c, 4, 64, 114
8, 736768, Note_on_c, 4, 64, 0
8, 749568, Note_on_c, 4, 64, 98
8, 750592, Note_on_c, 4, 64, 0
8, 750592, Note_on_c, 4, 57, 105
8, 750592, Note_on_c, 4, 69, 105
8, 750848, Note_on_c, 4, 57, 0
8, 750848, Note_on_c, 4, 69, 0
8, 751104, Note_on_c, 4, 57, 105
8, 751104, Note_on_c, 4, 69, 105
8, 751360, Note_on_c, 4, 57, 0
8, 751360, Note_on_c, 4, 69, 0
8, 751616, Note_on_c, 4, 66, 105
8, 751616, Note_on_c, 4, 69, 105
8, 751872, Note_on_c, 4, 66, 0
8, 751872, Note_on_c, 4, 69, 0
8, 752128, Note_on_c, 4, 64, 105
8, 752128, Note_on_c, 4, 69, 105
8, 753152, Note_on_c, 4, 64, 0
8, 753152, Note_on_c, 4, 69, 0
8, 753152, Note_on_c, 4, 64, 105
8, 753664, Note_on_c, 4, 64, 0
8, 755200, Note_on_c, 4, 64, 105
8, 755712, Note_on_c, 4, 64, 0
8, 757248, Note_on_c, 4, 57, 116
8, 757248, Note_on_c, 4, 69, 116
8, 757760, Note_on_c, 4, 57, 0
8, 757760, Note_on_c, 4, 69, 0
8, 760320, Note_on_c, 4, 62, 116
8, 760320, Note_on_c, 4, 65, 116
8, 768307, Note_on_c, 4, 62, 0
8, 768307, Note_on_c, 4, 65, 0
8, 768512, Note_on_c, 4, 62, 105
8, 768512, Note_on_c, 4, 65, 105
8, 769331, Note_on_c, 4, 62, 0
8, 769331, Note_on_c, 4, 65, 0
8, 769536, Note_on_c, 4, 62, 106
8, 769536, Note_on_c, 4, 65, 106
8, 770355, Note_on_c, 4, 62, 0
8, 770355, Note_on_c, 4, 65, 0
8, 770560, Note_on_c, 4, 62, 107
8, 770560, Note_on_c, 4, 65, 107
8, 771379, Note_on_c, 4, 62, 0
8, 771379, Note_on_c, 4, 65, 0
8, 771584, Note_on_c, 4, 62, 109
8, 771584, Note_on_c, 4, 65, 109
8, 772403, Note_on_c, 4, 62, 0
8, 772403, Note_on_c, 4, 65, 0
8, 772608, Note_on_c, 4, 62, 110
8, 772608, Note_on_c, 4, 65, 110
8, 773427, Note_on_c, 4, 62, 0
8, 773427, Note_on_c, 4, 65, 0
8, 773632, Note_on_c, 4, 62, 111
8, 773632, Note_on_c, 4, 65, 111
8, 773888, Note_on_c, 4, 62, 0
8, 773888, Note_on_c, 4, 65, 0
8, 774144, Note_on_c, 4, 50, 112
8, 774144, Note_on_c, 4, 62, 112
8, 774400, Note_on_c, 4, 50, 0
8, 774400, Note_on_c, 4, 62, 0
8, 774656, Note_on_c, 4, 50, 112
8, 774656, Note_on_c, 4, 62, 112
8, 774912, Note_on_c, 4, 50, 0
8, 774912, Note_on_c, 4, 62, 0
8, 775168, Note_on_c, 4, 50, 113
8, 775168, Note_on_c, 4, 62, 113
8, 775424, Note_on_c, 4, 50, 0
8, 775424, Note_on_c, 4, 62, 0
8, 775680, Note_on_c, 4, 50, 113
8, 775680, Note_on_c, 4, 62, 113
8, 775936, Note_on_c, 4, 50, 0
8, 775936, Note_on_c, 4, 62, 0
8, 776192, Note_on_c, 4, 50, 114
8, 776192, Note_on_c, 4, 62, 114
8, 776448, Note_on_c, 4, 50, 0
8, 776448, Note_on_c, 4, 62, 0
8, 776704, Note_on_c, 4, 50, 115
8, 776704, Note_on_c, 4, 62, 115
8, 776960, Note_on_c, 4, 50, 0
8, 776960, Note_on_c, 4, 62, 0
8, 777216, Note_on_c, 4, 50, 115
8, 777216, Note_on_c, 4, 62, 115
8, 777472, Note_on_c, 4, 50, 0
8, 777472, Note_on_c, 4, 62, 0
8, 777728, Note_on_c, 4, 50, 116
8, 777728, Note_on_c, 4, 62, 116
8, 777984, Note_on_c, 4, 50, 0
8, 777984, Note_on_c, 4, 62, 0
8, 778240, Note_on_c, 4, 50, 116
8, 778240, Note_on_c, 4, 62, 116
8, 778496, Note_on_c, 4, 50, 0
8, 778496, Note_on_c, 4, 62, 0
8, 778752, Note_on_c, 4, 50, 117
8, 778752, Note_on_c, 4, 62, 117
8, 779008, Note_on_c, 4, 50, 0
8, 779008, Note_on_c, 4, 62, 0
8, 779264, Note_on_c, 4, 50, 117
8, 779264, Note_on_c, 4, 62, 117
8, 779520, Note_on_c, 4, 50, 0
8, 779520, Note_on_c, 4, 62, 0
8, 779776, Note_on_c, 4, 50, 118
8, 779776, Note_on_c, 4, 62, 118
8, 780288, Note_on_c, 4, 50, 0
8, 780288, Note_on_c, 4, 62, 0
8, 780800, Note_on_c, 4, 57, 120
8, 780800, Note_on_c, 4, 69, 120
8, 781312, Note_on_c, 4, 57, 0
8, 781312, Note_on_c, 4, 69, 0
8, 825856, Note_on_c, 4, 57, 100
8, 825856, Note_on_c, 4, 64, 100
8, 826368, Note_on_c, 4, 57, 0
8, 826368, Note_on_c, 4, 64, 0
8, 826880, Note_on_c, 4, 57, 102
8, 826880, Note_on_c, 4, 69, 102
8, 827136, Note_on_c, 4, 57, 0
8, 827136, Note_on_c, 4, 69, 0
8, 827392, Note_on_c, 4, 57, 102
8, 827392, Note_on_c, 4, 69, 102
8, 827648, Note_on_c, 4, 57, 0
8, 827648, Note_on_c, 4, 69, 0
8, 827904, Note_on_c, 4, 66, 103
8, 827904, Note_on_c, 4, 69, 103
8, 828416, Note_on_c, 4, 66, 0
8, 828416, Note_on_c, 4, 69, 0
8, 840192, Note_on_c, 4, 67, 53
8, 840602, Note_on_c, 4, 67, 0
8, 841216, Note_on_c, 4, 67, 88
8, 841626, Note_on_c, 4, 67, 0
8, 847360, Note_on_c, 4, 57, 106
8, 847360, Note_on_c, 4, 64, 106
8, 847872, Note_on_c, 4, 57, 0
8, 847872, Note_on_c, 4, 64, 0
8, 848896, Note_on_c, 4, 45, 45
8, 848896, Note_on_c, 4, 57, 45
8, 865280, Note_on_c, 4, 45, 0
8, 865280, Note_on_c, 4, 57, 0
8, 865280, Note_on_c, 4, 50, 37
8, 865280, Note_on_c, 4, 57, 37
8, 866304, Note_on_c, 4, 50, 0
8, 866304, Note_on_c, 4, 57, 0
8, 930816, Note_on_c, 4, 57, 96
8, 930816, Note_on_c, 4, 69, 96
8, 943923, Note_on_c, 4, 57, 0
8, 943923, Note_on_c, 4, 69, 0
8, 944128, Note_on_c, 4, 67, 98
8, 945152, Note_on_c, 4, 64, 101
8, 945664, Note_on_c, 4, 64, 0
8, 945664, Note_on_c, 4, 67, 0
8, 945664, Note_on_c, 4, 57, 102
8, 945664, Note_on_c, 4, 64, 102
8, 946176, Note_on_c, 4, 57, 0
8, 946176, Note_on_c, 4, 64, 0
8, 946176, Note_on_c, 4, 57, 103
8, 946176, Note_on_c, 4, 62, 103
8, 946688, Note_on_c, 4, 57, 0
8, 946688, Note_on_c, 4, 62, 0
8, 946688, Note_on_c, 4, 45, 103
8, 946688, Note_on_c, 4, 57, 103
8, 947948, Note_on_c, 4, 45, 0
8, 947948, Note_on_c, 4, 57, 0
8, 948224, Note_on_c, 4, 57, 102
8, 948224, Note_on_c, 4, 69, 102
8, 949862, Note_on_c, 4, 57, 0
8, 949862, Note_on_c, 4, 69, 0
8, 950272, Note_on_c, 4, 57, 98
8, 950272, Note_on_c, 4, 69, 98
8, 952044, Note_on_c, 4, 57, 0
8, 952044, Note_on_c, 4, 69, 0
8, 952320, Note_on_c, 4, 69, 96
8, 952320, Note_on_c, 4, 57, 96
8, 953344, Note_on_c, 4, 57, 0
8, 953344, Note_on_c, 4, 62, 96
8, 954368, Note_on_c, 4, 69, 0
8, 954368, Note_on_c, 4, 62, 0
8, 954368, Note_on_c, 4, 64, 96
8, 954368, Note_on_c, 4, 67, 96
8, 954880, Note_on_c, 4, 64, 0
8, 954880, Note_on_c, 4, 67, 0
8, 954880, Note_on_c, 4, 57, 96
8, 954880, Note_on_c, 4, 69, 96
8, 956140, Note_on_c, 4, 57, 0
8, 956140, Note_on_c, 4, 69, 0
8, 956416, Note_on_c, 4, 57, 96
8, 956416, Note_on_c, 4, 69, 96
8, 958054, Note_on_c, 4, 57, 0
8, 958054, Note_on_c, 4, 69, 0
8, 958464, Note_on_c, 4, 57, 95
8, 958464, Note_on_c, 4, 69, 95
8, 960717, Note_on_c, 4, 57, 0
8, 960717, Note_on_c, 4, 69, 0
8, 961024, Note_on_c, 4, 50, 95
8, 961024, Note_on_c, 4, 62, 95
8, 961434, Note_on_c, 4, 50, 0
8, 961434, Note_on_c, 4, 62, 0
8, 961536, Note_on_c, 4, 50, 95
8, 961536, Note_on_c, 4, 62, 95
8, 962355, Note_on_c, 4, 50, 0
8, 962355, Note_on_c, 4, 62, 0
8, 962560, Note_on_c, 4, 69, 94
8, 963584, Note_on_c, 4, 69, 0
8, 963584, Note_on_c, 4, 67, 94
8, 965120, Note_on_c, 4, 67, 0
8, 965120, Note_on_c, 4, 66, 94
8, 965530, Note_on_c, 4, 66, 0
8, 965632, Note_on_c, 4, 66, 94
8, 966451, Note_on_c, 4, 66, 0
8, 966656, Note_on_c, 4, 62, 94
8, 966656, Note_on_c, 4, 66, 94
8, 967680, Note_on_c, 4, 62, 0
8, 967680, Note_on_c, 4, 66, 0
8, 967680, Note_on_c, 4, 62, 98
8, 967680, Note_on_c, 4, 66, 98
8, 969216, Note_on_c, 4, 62, 0
8, 969216, Note_on_c, 4, 66, 0
8, 969216, Note_on_c, 4, 62, 95
8, 969216, Note_on_c, 4, 67, 95
8, 969626, Note_on_c, 4, 62, 0
8, 969626, Note_on_c, 4, 67, 0
8, 969728, Note_on_c, 4, 62, 94
8, 969728, Note_on_c, 4, 67, 94
8, 970547, Note_on_c, 4, 62, 0
8, 970547, Note_on_c, 4, 67, 0
8, 970752, Note_on_c, 4, 64, 94
8, 970752, Note_on_c, 4, 67, 94
8, 971776, Note_on_c, 4, 64, 0
8, 971776, Note_on_c, 4, 67, 0
8, 971776, Note_on_c, 4, 64, 101
8, 971776, Note_on_c, 4, 67, 101
8, 975872, Note_on_c, 4, 64, 0
8, 975872, Note_on_c, 4, 67, 0
8, 975872, Note_on_c, 4, 62, 101
8, 975872, Note_on_c, 4, 66, 101
8, 976691, Note_on_c, 4, 62, 0
8, 976691, Note_on_c, 4, 66, 0
8, 977408, Note_on_c, 4, 57, 94
8, 977408, Note_on_c, 4, 69, 94
8, 977818, Note_on_c, 4, 57, 0
8, 977818, Note_on_c, 4, 69, 0
8, 977920, Note_on_c, 4, 50, 90
8, 977920, Note_on_c, 4, 62, 90
8, 978330, Note_on_c, 4, 50, 0
8, 978330, Note_on_c, 4, 62, 0
8, 978432, Note_on_c, 4, 66, 74
8, 978432, Note_on_c, 4, 69, 74
8, 978944, Note_on_c, 4, 66, 0
8, 978944, Note_on_c, 4, 69, 0
8, 978944, Note_on_c, 4, 64, 63
8, 978944, Note_on_c, 4, 67, 63
8, 979456, Note_on_c, 4, 64, 0
8, 979456, Note_on_c, 4, 67, 0
8, 979456, Note_on_c, 4, 57, 52
8, 979456, Note_on_c, 4, 64, 52
8, 979968, Note_on_c, 4, 57, 0
8, 979968, Note_on_c, 4, 64, 0
8, 979968, Note_on_c, 4, 54, 40
8, 979968, Note_on_c, 4, 62, 40
8, 980480, Note_on_c, 4, 54, 0
8, 980480, Note_on_c, 4, 62, 0
8, 980992, Note_on_c, 4, 62, 40
8, 980992, Note_on_c, 4, 66, 40
8, 981504, Note_on_c, 4, 62, 0
8, 981504, Note_on_c, 4, 66, 0
8, 983040, Note_on_c, 4, 66, 40
8, 983040, Note_on_c, 4, 69, 40
8, 983552, Note_on_c, 4, 66, 0
8, 983552, Note_on_c, 4, 69, 0
8, 985088, Note_on_c, 4, 64, 40
8, 985088, Note_on_c, 4, 67, 40
8, 985600, Note_on_c, 4, 64, 0
8, 985600, Note_on_c, 4, 67, 0
8, 987136, Note_on_c, 4, 57, 40
8, 987136, Note_on_c, 4, 64, 40
8, 987648, Note_on_c, 4, 57, 0
8, 987648, Note_on_c, 4, 64, 0
8, 989184, Note_on_c, 4, 54, 42
8, 989184, Note_on_c, 4, 62, 42
8, 989696, Note_on_c, 4, 54, 0
8, 989696, Note_on_c, 4, 62, 0
8, 991232, Note_on_c, 4, 62, 46
8, 991232, Note_on_c, 4, 66, 46
8, 991744, Note_on_c, 4, 62, 0
8, 991744, Note_on_c, 4, 66, 0
8, 993280, Note_on_c, 4, 57, 49
8, 993280, Note_on_c, 4, 64, 49
8, 993792, Note_on_c, 4, 57, 0
8, 993792, Note_on_c, 4, 64, 0
8, 995328, Note_on_c, 4, 57, 43
8, 995328, Note_on_c, 4, 64, 43
8, 995840, Note_on_c, 4, 57, 0
8, 995840, Note_on_c, 4, 64, 0
8, 996352, Note_on_c, 4, 54, 40
8, 996352, Note_on_c, 4, 62, 40
8, 996864, Note_on_c, 4, 54, 0
8, 996864, Note_on_c, 4, 62, 0
8, 997376, Note_on_c, 4, 62, 39
8, 997376, Note_on_c, 4, 66, 39
8, 997888, Note_on_c, 4, 62, 0
8, 997888, Note_on_c, 4, 66, 0
8, 999424, Note_on_c, 4, 66, 38
8, 999424, Note_on_c, 4, 69, 38
8, 999936, Note_on_c, 4, 66, 0
8, 999936, Note_on_c, 4, 69, 0
8, 1001472, Note_on_c, 4, 64, 37
8, 1001472, Note_on_c, 4, 67, 37
8, 1001984, Note_on_c, 4, 64, 0
8, 1001984, Note_on_c, 4, 67, 0
8, 1003520, Note_on_c, 4, 57, 38
8, 1003520, Note_on_c, 4, 64, 38
8, 1004032, Note_on_c, 4, 57, 0
8, 1004032, Note_on_c, 4, 64, 0
8, 1005568, Note_on_c, 4, 54, 41
8, 1005568, Note_on_c, 4, 62, 41
8, 1006080, Note_on_c, 4, 54, 0
8, 1006080, Note_on_c, 4, 62, 0
8, 1007616, Note_on_c, 4, 62, 44
8, 1007616, Note_on_c, 4, 66, 44
8, 1008128, Note_on_c, 4, 62, 0
8, 1008128, Note_on_c, 4, 66, 0
8, 1009664, Note_on_c, 4, 57, 48
8, 1009664, Note_on_c, 4, 64, 48
8, 1010176, Note_on_c, 4, 57, 0
8, 1010176, Note_on_c, 4, 64, 0
8, 1010688, Note_on_c, 4, 54, 50
8, 1010688, Note_on_c, 4, 62, 50
8, 1011200, Note_on_c, 4, 54, 0
8, 1011200, Note_on_c, 4, 62, 0
8, 1013760, Note_on_c, 4, 57, 41
8, 1013760, Note_on_c, 4, 64, 41
8, 1014272, Note_on_c, 4, 57, 0
8, 1014272, Note_on_c, 4, 64, 0
8, 1015808, Note_on_c, 4, 62, 44
8, 1015808, Note_on_c, 4, 66, 44
8, 1016320, Note_on_c, 4, 62, 0
8, 1016320, Note_on_c, 4, 66, 0
8, 1017856, Note_on_c, 4, 57, 48
8, 1017856, Note_on_c, 4, 64, 48
8, 1018368, Note_on_c, 4, 57, 0
8, 1018368, Note_on_c, 4, 64, 0
8, 1019904, Note_on_c, 4, 62, 51
8, 1019904, Note_on_c, 4, 66, 51
8, 1020416, Note_on_c, 4, 62, 0
8, 1020416, Note_on_c, 4, 66, 0
8, 1021952, Note_on_c, 4, 57, 51
8, 1021952, Note_on_c, 4, 64, 51
8, 1022464, Note_on_c, 4, 57, 0
8, 1022464, Note_on_c, 4, 64, 0
8, 1024000, Note_on_c, 4, 54, 51
8, 1024000, Note_on_c, 4, 66, 51
8, 1024512, Note_on_c, 4, 54, 0
8, 1024512, Note_on_c, 4, 66, 0
8, 1026048, Note_on_c, 4, 64, 53
8, 1026560, Note_on_c, 4, 64, 0
8, 1028096, Note_on_c, 4, 54, 56
8, 1028096, Note_on_c, 4, 62, 56
8, 1028608, Note_on_c, 4, 54, 0
8, 1028608, Note_on_c, 4, 62, 0
8, 1030144, Note_on_c, 4, 62, 53
8, 1030144, Note_on_c, 4, 66, 53
8, 1030656, Note_on_c, 4, 62, 0
8, 1030656, Note_on_c, 4, 66, 0
8, 1032192, Note_on_c, 4, 66, 46
8, 1032192, Note_on_c, 4, 69, 46
8, 1032704, Note_on_c, 4, 66, 0
8, 1032704, Note_on_c, 4, 69, 0
8, 1034240, Note_on_c, 4, 64, 45
8, 1034240, Note_on_c, 4, 67, 45
8, 1034752, Note_on_c, 4, 64, 0
8, 1034752, Note_on_c, 4, 67, 0
8, 1036288, Note_on_c, 4, 57, 45
8, 1036288, Note_on_c, 4, 64, 45
8, 1036800, Note_on_c, 4, 57, 0
8, 1036800, Note_on_c, 4, 64, 0
8, 1038336, Note_on_c, 4, 54, 48
8, 1038336, Note_on_c, 4, 62, 48
8, 1038848, Note_on_c, 4, 54, 0
8, 1038848, Note_on_c, 4, 62, 0
8, 1040384, Note_on_c, 4, 62, 52
8, 1040384, Note_on_c, 4, 66, 52
8, 1040896, Note_on_c, 4, 62, 0
8, 1040896, Note_on_c, 4, 66, 0
8, 1042432, Note_on_c, 4, 57, 64
8, 1042432, Note_on_c, 4, 64, 64
8, 1042944, Note_on_c, 4, 57, 0
8, 1042944, Note_on_c, 4, 64, 0
8, 1044480, Note_on_c, 4, 54, 85
8, 1044480, Note_on_c, 4, 62, 85
8, 1044992, Note_on_c, 4, 54, 0
8, 1044992, Note_on_c, 4, 62, 0
8, 1045504, Note_on_c, 4, 57, 96
8, 1045504, Note_on_c, 4, 64, 96
8, 1046252, Note_on_c, 4, 57, 0
8, 1046252, Note_on_c, 4, 64, 0
8, 1046528, Note_on_c, 4, 57, 93
8, 1046528, Note_on_c, 4, 64, 93
8, 1047276, Note_on_c, 4, 57, 0
8, 1047276, Note_on_c, 4, 64, 0
8, 1047552, Note_on_c, 4, 62, 93
8, 1047552, Note_on_c, 4, 66, 93
8, 1048300, Note_on_c, 4, 62, 0
8, 1048300, Note_on_c, 4, 66, 0
8, 1048576, Note_on_c, 4, 54, 93
8, 1048576, Note_on_c, 4, 62, 93
8, 1049324, Note_on_c, 4, 54, 0
8, 1049324, Note_on_c, 4, 62, 0
8, 1049600, Note_on_c, 4, 57, 93
8, 1049600, Note_on_c, 4, 64, 93
8, 1050624, Note_on_c, 4, 57, 0
8, 1050624, Note_on_c, 4, 64, 0
8, 1050624, Note_on_c, 4, 62, 93
8, 1050624, Note_on_c, 4, 66, 93
8, 1051136, Note_on_c, 4, 62, 0
8, 1051136, Note_on_c, 4, 66, 0
8, 1051136, Note_on_c, 4, 64, 93
8, 1051136, Note_on_c, 4, 67, 93
8, 1051648, Note_on_c, 4, 64, 0
8, 1051648, Note_on_c, 4, 67, 0
8, 1051648, Note_on_c, 4, 62, 93
8, 1051648, Note_on_c, 4, 66, 93
8, 1052396, Note_on_c, 4, 62, 0
8, 1052396, Note_on_c, 4, 66, 0
8, 1052672, Note_on_c, 4, 50, 94
8, 1052672, Note_on_c, 4, 62, 94
8, 1053420, Note_on_c, 4, 50, 0
8, 1053420, Note_on_c, 4, 62, 0
8, 1053696, Note_on_c, 4, 57, 94
8, 1053696, Note_on_c, 4, 64, 94
8, 1054720, Note_on_c, 4, 57, 0
8, 1054720, Note_on_c, 4, 64, 0
8, 1054720, Note_on_c, 4, 62, 94
8, 1054720, Note_on_c, 4, 66, 94
8, 1055232, Note_on_c, 4, 62, 0
8, 1055232, Note_on_c, 4, 66, 0
8, 1055232, Note_on_c, 4, 64, 94
8, 1055232, Note_on_c, 4, 67, 94
8, 1055744, Note_on_c, 4, 64, 0
8, 1055744, Note_on_c, 4, 67, 0
8, 1055744, Note_on_c, 4, 54, 94
8, 1055744, Note_on_c, 4, 66, 94
8, 1056492, Note_on_c, 4, 54, 0
8, 1056492, Note_on_c, 4, 66, 0
8, 1056768, Note_on_c, 4, 54, 94
8, 1056768, Note_on_c, 4, 66, 94
8, 1057516, Note_on_c, 4, 54, 0
8, 1057516, Note_on_c, 4, 66, 0
8, 1057792, Note_on_c, 4, 54, 94
8, 1057792, Note_on_c, 4, 66, 94
8, 1058304, Note_on_c, 4, 54, 0
8, 1058304, Note_on_c, 4, 66, 0
8, 1058816, Note_on_c, 4, 64, 97
8, 1059328, Note_on_c, 4, 64, 0
8, 1059840, Note_on_c, 4, 57, 100
8, 1060352, Note_on_c, 4, 57, 0
8, 1060864, Note_on_c, 4, 62, 103
8, 1060864, Note_on_c, 4, 66, 103
8, 1062912, Note_on_c, 4, 62, 0
8, 1062912, Note_on_c, 4, 66, 0
8, 1062912, Note_on_c, 4, 62, 106
8, 1062912, Note_on_c, 4, 66, 106
8, 1063660, Note_on_c, 4, 62, 0
8, 1063660, Note_on_c, 4, 66, 0
8, 1063936, Note_on_c, 4, 64, 108
8, 1063936, Note_on_c, 4, 67, 108
8, 1064684, Note_on_c, 4, 64, 0
8, 1064684, Note_on_c, 4, 67, 0
8, 1064960, Note_on_c, 4, 66, 107
8, 1064960, Note_on_c, 4, 69, 107
8, 1065708, Note_on_c, 4, 66, 0
8, 1065708, Note_on_c, 4, 69, 0
8, 1065984, Note_on_c, 4, 66, 106
8, 1065984, Note_on_c, 4, 69, 106
8, 1067008, Note_on_c, 4, 66, 0
8, 1067008, Note_on_c, 4, 69, 0
8, 1067008, Note_on_c, 4, 64, 91
8, 1067008, Note_on_c, 4, 67, 91
8, 1068032, Note_on_c, 4, 64, 0
8, 1068032, Note_on_c, 4, 67, 0
8, 1068032, Note_on_c, 4, 62, 76
8, 1068032, Note_on_c, 4, 66, 76
8, 1069056, Note_on_c, 4, 62, 0
8, 1069056, Note_on_c, 4, 66, 0
8, 1069056, Note_on_c, 4, 57, 61
8, 1069056, Note_on_c, 4, 64, 61
8, 1070080, Note_on_c, 4, 57, 0
8, 1070080, Note_on_c, 4, 64, 0
8, 1070080, Note_on_c, 4, 54, 46
8, 1070080, Note_on_c, 4, 62, 46
8, 1070828, Note_on_c, 4, 54, 0
8, 1070828, Note_on_c, 4, 62, 0
8, 1071104, Note_on_c, 4, 54, 42
8, 1071104, Note_on_c, 4, 62, 42
8, 1072128, Note_on_c, 4, 54, 0
8, 1072128, Note_on_c, 4, 62, 0
8, 1072128, Note_on_c, 4, 57, 41
8, 1072128, Note_on_c, 4, 64, 41
8, 1073152, Note_on_c, 4, 57, 0
8, 1073152, Note_on_c, 4, 64, 0
8, 1073152, Note_on_c, 4, 62, 40
8, 1073152, Note_on_c, 4, 66, 40
8, 1074176, Note_on_c, 4, 62, 0
8, 1074176, Note_on_c, 4, 66, 0
8, 1074176, Note_on_c, 4, 57, 39
8, 1074176, Note_on_c, 4, 64, 39
8, 1075712, Note_on_c, 4, 57, 0
8, 1075712, Note_on_c, 4, 64, 0
8, 1075712, Note_on_c, 4, 54, 37
8, 1075712, Note_on_c, 4, 62, 37
8, 1076086, Note_on_c, 4, 54, 0
8, 1076086, Note_on_c, 4, 62, 0
8, 1076224, Note_on_c, 4, 54, 37
8, 1076224, Note_on_c, 4, 62, 37
8, 1076972, Note_on_c, 4, 54, 0
8, 1076972, Note_on_c, 4, 62, 0
8, 1077248, Note_on_c, 4, 66, 41
8, 1077248, Note_on_c, 4, 69, 41
8, 1078272, Note_on_c, 4, 66, 0
8, 1078272, Note_on_c, 4, 69, 0
8, 1078272, Note_on_c, 4, 64, 50
8, 1078272, Note_on_c, 4, 67, 50
8, 1079808, Note_on_c, 4, 64, 0
8, 1079808, Note_on_c, 4, 67, 0
8, 1079808, Note_on_c, 4, 62, 45
8, 1079808, Note_on_c, 4, 66, 45
8, 1080182, Note_on_c, 4, 62, 0
8, 1080182, Note_on_c, 4, 66, 0
8, 1080320, Note_on_c, 4, 62, 42
8, 1080320, Note_on_c, 4, 66, 42
8, 1081068, Note_on_c, 4, 62, 0
8, 1081068, Note_on_c, 4, 66, 0
8, 1081344, Note_on_c, 4, 50, 41
8, 1081344, Note_on_c, 4, 62, 41
8, 1082368, Note_on_c, 4, 50, 0
8, 1082368, Note_on_c, 4, 62, 0
8, 1082368, Note_on_c, 4, 50, 51
8, 1082368, Note_on_c, 4, 62, 51
8, 1083904, Note_on_c, 4, 50, 0
8, 1083904, Note_on_c, 4, 62, 0
8, 1083904, Note_on_c, 4, 50, 48
8, 1083904, Note_on_c, 4, 62, 48
8, 1084278, Note_on_c, 4, 50, 0
8, 1084278, Note_on_c, 4, 62, 0
8, 1084416, Note_on_c, 4, 50, 45
8, 1084416, Note_on_c, 4, 62, 45
8, 1085164, Note_on_c, 4, 50, 0
8, 1085164, Note_on_c, 4, 62, 0
8, 1085440, Note_on_c, 4, 67, 41
8, 1085952, Note_on_c, 4, 67, 0
8, 1085952, Note_on_c, 4, 64, 42
8, 1086464, Note_on_c, 4, 64, 0
8, 1086464, Note_on_c, 4, 57, 43
8, 1086464, Note_on_c, 4, 64, 43
8, 1088000, Note_on_c, 4, 57, 0
8, 1088000, Note_on_c, 4, 64, 0
8, 1088000, Note_on_c, 4, 57, 47
8, 1088000, Note_on_c, 4, 64, 47
8, 1088512, Note_on_c, 4, 57, 0
8, 1088512, Note_on_c, 4, 64, 0
8, 1088512, Note_on_c, 4, 57, 46
8, 1088512, Note_on_c, 4, 64, 46
8, 1090048, Note_on_c, 4, 57, 0
8, 1090048, Note_on_c, 4, 64, 0
8, 1090048, Note_on_c, 4, 57, 43
8, 1090048, Note_on_c, 4, 64, 43
8, 1090560, Note_on_c, 4, 57, 0
8, 1090560, Note_on_c, 4, 64, 0
8, 1090560, Note_on_c, 4, 54, 42
8, 1090560, Note_on_c, 4, 62, 42
8, 1090934, Note_on_c, 4, 54, 0
8, 1090934, Note_on_c, 4, 62, 0
8, 1091584, Note_on_c, 4, 57, 40
8, 1091584, Note_on_c, 4, 64, 40
8, 1091958, Note_on_c, 4, 57, 0
8, 1091958, Note_on_c, 4, 64, 0
8, 1092608, Note_on_c, 4, 54, 38
8, 1092608, Note_on_c, 4, 62, 38
8, 1092982, Note_on_c, 4, 54, 0
8, 1092982, Note_on_c, 4, 62, 0
8, 1093632, Note_on_c, 4, 38, 37
8, 1094380, Note_on_c, 4, 38, 0
8, 1094656, Note_on_c, 4, 38, 37
8, 1095404, Note_on_c, 4, 38, 0
8, 1095680, Note_on_c, 4, 38, 37
8, 1096428, Note_on_c, 4, 38, 0
8, 1096704, Note_on_c, 4, 38, 37
8, 1097452, Note_on_c, 4, 38, 0
8, 1097728, Note_on_c, 4, 38, 37
8, 1098476, Note_on_c, 4, 38, 0
8, 1098752, Note_on_c, 4, 38, 37
8, 1099500, Note_on_c, 4, 38, 0
8, 1099776, Note_on_c, 4, 38, 37
8, 1100524, Note_on_c, 4, 38, 0
8, 1100800, Note_on_c, 4, 38, 37
8, 1101548, Note_on_c, 4, 38, 0
8, 1101824, Note_on_c, 4, 38, 37
8, 1102572, Note_on_c, 4, 38, 0
8, 1102848, Note_on_c, 4, 38, 37
8, 1103596, Note_on_c, 4, 38, 0
8, 1103872, Note_on_c, 4, 38, 37
8, 1104620, Note_on_c, 4, 38, 0
8, 1104896, Note_on_c, 4, 38, 37
8, 1105644, Note_on_c, 4, 38, 0
8, 1105920, Note_on_c, 4, 38, 37
8, 1106668, Note_on_c, 4, 38, 0
8, 1106944, Note_on_c, 4, 38, 36
8, 1107692, Note_on_c, 4, 38, 0
8, 1107968, Note_on_c, 4, 38, 36
8, 1108716, Note_on_c, 4, 38, 0
8, 1108992, Note_on_c, 4, 38, 36
8, 1109740, Note_on_c, 4, 38, 0
8, 1110016, Note_on_c, 4, 38, 36
8, 1110764, Note_on_c, 4, 38, 0
8, 1111040, Note_on_c, 4, 38, 36
8, 1111788, Note_on_c, 4, 38, 0
8, 1112064, Note_on_c, 4, 38, 36
8, 1112812, Note_on_c, 4, 38, 0
8, 1113088, Note_on_c, 4, 38, 36
8, 1113836, Note_on_c, 4, 38, 0
8, 1114112, Note_on_c, 4, 38, 36
8, 1114860, Note_on_c, 4, 38, 0
8, 1115136, Note_on_c, 4, 38, 36
8, 1115884, Note_on_c, 4, 38, 0
8, 1116160, Note_on_c, 4, 38, 36
8, 1116908, Note_on_c, 4, 38, 0
8, 1117184, Note_on_c, 4, 38, 36
8, 1117932, Note_on_c, 4, 38, 0
8, 1118208, Note_on_c, 4, 38, 36
8, 1118956, Note_on_c, 4, 38, 0
8, 1119232, Note_on_c, 4, 38, 36
8, 1119980, Note_on_c, 4, 38, 0
8, 1120256, Note_on_c, 4, 38, 36
8, 1121004, Note_on_c, 4, 38, 0
8, 1121280, Note_on_c, 4, 38, 35
8, 1122028, Note_on_c, 4, 38, 0
8, 1122304, Note_on_c, 4, 38, 35
8, 1123052, Note_on_c, 4, 38, 0
8, 1123328, Note_on_c, 4, 38, 35
8, 1124076, Note_on_c, 4, 38, 0
8, 1124352, Note_on_c, 4, 38, 35
8, 1125100, Note_on_c, 4, 38, 0
8, 1125376, Note_on_c, 4, 38, 35
8, 1126124, Note_on_c, 4, 38, 0
8, 1126400, Note_on_c, 4, 38, 35
8, 1127148, Note_on_c, 4, 38, 0
8, 1127424, Note_on_c, 4, 45, 35
8, 1128172, Note_on_c, 4, 45, 0
8, 1142784, Note_on_c, 4, 38, 36
8, 1143532, Note_on_c, 4, 38, 0
8, 1143808, Note_on_c, 4, 38, 37
8, 1144556, Note_on_c, 4, 38, 0
8, 1144832, Note_on_c, 4, 38, 42
8, 1145580, Note_on_c, 4, 38, 0
8, 1145856, Note_on_c, 4, 38, 46
8, 1146604, Note_on_c, 4, 38, 0
8, 1146880, Note_on_c, 4, 38, 50
8, 1147628, Note_on_c, 4, 38, 0
8, 1147904, Note_on_c, 4, 38, 55
8, 1148652, Note_on_c, 4, 38, 0
8, 1148928, Note_on_c, 4, 38, 59
8, 1149676, Note_on_c, 4, 38, 0
8, 1149952, Note_on_c, 4, 38, 63
8, 1150700, Note_on_c, 4, 38, 0
8, 1150976, Note_on_c, 4, 38, 67
8, 1151724, Note_on_c, 4, 38, 0
8, 1152000, Note_on_c, 4, 38, 72
8, 1152748, Note_on_c, 4, 38, 0
8, 1153024, Note_on_c, 4, 38, 76
8, 1153772, Note_on_c, 4, 38, 0
8, 1154048, Note_on_c, 4, 38, 81
8, 1154796, Note_on_c, 4, 38, 0
8, 1155072, Note_on_c, 4, 38, 87
8, 1155820, Note_on_c, 4, 38, 0
8, 1156096, Note_on_c, 4, 38, 87
8, 1156844, Note_on_c, 4, 38, 0
8, 1159168, Note_on_c, 4, 45, 89
8, 1159168, Note_on_c, 4, 57, 89
8, 1159916, Note_on_c, 4, 45, 0
8, 1159916, Note_on_c, 4, 57, 0
8, 1160192, Note_on_c, 4, 45, 89
8, 1160192, Note_on_c, 4, 57, 89
8, 1160940, Note_on_c, 4, 45, 0
8, 1160940, Note_on_c, 4, 57, 0
8, 1161216, Note_on_c, 4, 45, 89
8, 1161216, Note_on_c, 4, 57, 89
8, 1161964, Note_on_c, 4, 45, 0
8, 1161964, Note_on_c, 4, 57, 0
8, 1162240, Note_on_c, 4, 45, 90
8, 1162240, Note_on_c, 4, 57, 90
8, 1162988, Note_on_c, 4, 45, 0
8, 1162988, Note_on_c, 4, 57, 0
8, 1163264, Note_on_c, 4, 45, 90
8, 1163264, Note_on_c, 4, 57, 90
8, 1164012, Note_on_c, 4, 45, 0
8, 1164012, Note_on_c, 4, 57, 0
8, 1164288, Note_on_c, 4, 45, 90
8, 1164288, Note_on_c, 4, 57, 90
8, 1165036, Note_on_c, 4, 45, 0
8, 1165036, Note_on_c, 4, 57, 0
8, 1165312, Note_on_c, 4, 45, 91
8, 1165312, Note_on_c, 4, 57, 91
8, 1166060, Note_on_c, 4, 45, 0
8, 1166060, Note_on_c, 4, 57, 0
8, 1166336, Note_on_c, 4, 45, 91
8, 1166336, Note_on_c, 4, 57, 91
8, 1167084, Note_on_c, 4, 45, 0
8, 1167084, Note_on_c, 4, 57, 0
8, 1167360, Note_on_c, 4, 45, 91
8, 1167360, Note_on_c, 4, 57, 91
8, 1168108, Note_on_c, 4, 45, 0
8, 1168108, Note_on_c, 4, 57, 0
8, 1168384, Note_on_c, 4, 66, 91
8, 1168896, Note_on_c, 4, 66, 0
8, 1168896, Note_on_c, 4, 64, 92
8, 1169270, Note_on_c, 4, 64, 0
8, 1169408, Note_on_c, 4, 62, 92
8, 1169920, Note_on_c, 4, 62, 0
8, 1169920, Note_on_c, 4, 64, 93
8, 1170294, Note_on_c, 4, 64, 0
8, 1170432, Note_on_c, 4, 67, 94
8, 1170944, Note_on_c, 4, 67, 0
8, 1170944, Note_on_c, 4, 66, 94
8, 1171318, Note_on_c, 4, 66, 0
8, 1171456, Note_on_c, 4, 66, 95
8, 1171968, Note_on_c, 4, 66, 0
8, 1171968, Note_on_c, 4, 64, 95
8, 1172342, Note_on_c, 4, 64, 0
8, 1172480, Note_on_c, 4, 64, 96
8, 1172992, Note_on_c, 4, 64, 0
8, 1172992, Note_on_c, 4, 62, 96
8, 1173366, Note_on_c, 4, 62, 0
8, 1173504, Note_on_c, 4, 62, 97
8, 1174016, Note_on_c, 4, 62, 0
8, 1174016, Note_on_c, 4, 64, 97
8, 1174390, Note_on_c, 4, 64, 0
8, 1174528, Note_on_c, 4, 57, 98
8, 1174528, Note_on_c, 4, 57, 98
8, 1175040, Note_on_c, 4, 57, 0
8, 1175040, Note_on_c, 4, 67, 98
8, 1175276, Note_on_c, 4, 57, 0
8, 1175414, Note_on_c, 4, 67, 0
8, 1175552, Note_on_c, 4, 66, 99
8, 1175552, Note_on_c, 4, 38, 99
8, 1176064, Note_on_c, 4, 66, 0
8, 1176064, Note_on_c, 4, 64, 99
8, 1176300, Note_on_c, 4, 38, 0
8, 1176438, Note_on_c, 4, 64, 0
8, 1176576, Note_on_c, 4, 66, 99
8, 1176576, Note_on_c, 4, 38, 99
8, 1177088, Note_on_c, 4, 66, 0
8, 1177088, Note_on_c, 4, 67, 99
8, 1177324, Note_on_c, 4, 38, 0
8, 1177462, Note_on_c, 4, 67, 0
8, 1177600, Note_on_c, 4, 64, 99
8, 1177600, Note_on_c, 4, 38, 99
8, 1178112, Note_on_c, 4, 64, 0
8, 1178112, Note_on_c, 4, 66, 99
8, 1178348, Note_on_c, 4, 38, 0
8, 1178486, Note_on_c, 4, 66, 0
8, 1178624, Note_on_c, 4, 67, 99
8, 1178624, Note_on_c, 4, 38, 99
8, 1179136, Note_on_c, 4, 67, 0
8, 1179136, Note_on_c, 4, 69, 99
8, 1179372, Note_on_c, 4, 38, 0
8, 1179510, Note_on_c, 4, 69, 0
8, 1179648, Note_on_c, 4, 69, 99
8, 1179648, Note_on_c, 4, 38, 99
8, 1180396, Note_on_c, 4, 69, 0
8, 1180396, Note_on_c, 4, 38, 0
8, 1180672, Note_on_c, 4, 69, 99
8, 1180672, Note_on_c, 4, 38, 99
8, 1181184, Note_on_c, 4, 69, 0
8, 1181184, Note_on_c, 4, 67, 99
8, 1181420, Note_on_c, 4, 38, 0
8, 1181558, Note_on_c, 4, 67, 0
8, 1181696, Note_on_c, 4, 67, 99
8, 1181696, Note_on_c, 4, 38, 99
8, 1182444, Note_on_c, 4, 67, 0
8, 1182444, Note_on_c, 4, 38, 0
8, 1182720, Note_on_c, 4, 66, 99
8, 1182720, Note_on_c, 4, 38, 99
8, 1183232, Note_on_c, 4, 66, 0
8, 1183232, Note_on_c, 4, 64, 99
8, 1183468, Note_on_c, 4, 38, 0
8, 1183606, Note_on_c, 4, 64, 0
8, 1183744, Note_on_c, 4, 67, 99
8, 1183744, Note_on_c, 4, 38, 99
8, 1184256, Note_on_c, 4, 67, 0
8, 1184256, Note_on_c, 4, 64, 99
8, 1184492, Note_on_c, 4, 38, 0
8, 1184630, Note_on_c, 4, 64, 0
8, 1184768, Note_on_c, 4, 64, 100
8, 1184768, Note_on_c, 4, 38, 100
8, 1185280, Note_on_c, 4, 64, 0
8, 1185280, Note_on_c, 4, 62, 101
8, 1185516, Note_on_c, 4, 38, 0
8, 1185654, Note_on_c, 4, 62, 0
8, 1185792, Note_on_c, 4, 57, 103
8, 1185792, Note_on_c, 4, 38, 103
8, 1186304, Note_on_c, 4, 57, 0
8, 1186304, Note_on_c, 4, 62, 105
8, 1186540, Note_on_c, 4, 38, 0
8, 1186678, Note_on_c, 4, 62, 0
8, 1186816, Note_on_c, 4, 66, 111
8, 1186816, Note_on_c, 4, 38, 111
8, 1187328, Note_on_c, 4, 66, 0
8, 1187328, Note_on_c, 4, 64, 109
8, 1187564, Note_on_c, 4, 38, 0
8, 1187840, Note_on_c, 4, 64, 0
8, 1187840, Note_on_c, 4, 67, 109
8, 1187840, Note_on_c, 4, 38, 109
8, 1188214, Note_on_c, 4, 67, 0
8, 1188352, Note_on_c, 4, 66, 109
8, 1188588, Note_on_c, 4, 38, 0
8, 1188726, Note_on_c, 4, 66, 0
8, 1188864, Note_on_c, 4, 62, 108
8, 1188864, Note_on_c, 4, 66, 108
8, 1189376, Note_on_c, 4, 62, 0
8, 1189376, Note_on_c, 4, 66, 0
8, 1189376, Note_on_c, 4, 57, 108
8, 1189376, Note_on_c, 4, 64, 108
8, 1190124, Note_on_c, 4, 57, 0
8, 1190124, Note_on_c, 4, 64, 0
8, 1190400, Note_on_c, 4, 54, 107
8, 1190400, Note_on_c, 4, 62, 107
8, 1190774, Note_on_c, 4, 54, 0
8, 1190774, Note_on_c, 4, 62, 0
8, 1190912, Note_on_c, 4, 54, 107
8, 1190912, Note_on_c, 4, 62, 107
8, 1191660, Note_on_c, 4, 54, 0
8, 1191660, Note_on_c, 4, 62, 0
8, 1191936, Note_on_c, 4, 66, 103
8, 1191936, Note_on_c, 4, 69, 103
8, 1192960, Note_on_c, 4, 66, 0
8, 1192960, Note_on_c, 4, 69, 0
8, 1192960, Note_on_c, 4, 64, 103
8, 1192960, Note_on_c, 4, 67, 103
8, 1194496, Note_on_c, 4, 64, 0
8, 1194496, Note_on_c, 4, 67, 0
8, 1194496, Note_on_c, 4, 62, 103
8, 1194496, Note_on_c, 4, 66, 103
8, 1194870, Note_on_c, 4, 62, 0
8, 1194870, Note_on_c, 4, 66, 0
8, 1195008, Note_on_c, 4, 62, 103
8, 1195008, Note_on_c, 4, 66, 103
8, 1195756, Note_on_c, 4, 62, 0
8, 1195756, Note_on_c, 4, 66, 0
8, 1196032, Note_on_c, 4, 50, 103
8, 1196032, Note_on_c, 4, 62, 103
8, 1198080, Note_on_c, 4, 50, 0
8, 1198080, Note_on_c, 4, 62, 0
8, 1198080, Note_on_c, 4, 66, 103
8, 1198080, Note_on_c, 4, 62, 103
8, 1198592, Note_on_c, 4, 66, 0
8, 1198592, Note_on_c, 4, 67, 103
8, 1198966, Note_on_c, 4, 67, 0
8, 1199104, Note_on_c, 4, 62, 0
8, 1199104, Note_on_c, 4, 62, 103
8, 1199104, Note_on_c, 4, 67, 103
8, 1199852, Note_on_c, 4, 62, 0
8, 1199852, Note_on_c, 4, 67, 0
8, 1200128, Note_on_c, 4, 67, 103
8, 1200876, Note_on_c, 4, 67, 0
8, 1201152, Note_on_c, 4, 64, 103
8, 1201152, Note_on_c, 4, 67, 103
8, 1202176, Note_on_c, 4, 64, 0
8, 1202176, Note_on_c, 4, 67, 0
8, 1203200, Note_on_c, 4, 64, 103
8, 1203200, Note_on_c, 4, 67, 103
8, 1204224, Note_on_c, 4, 64, 0
8, 1204224, Note_on_c, 4, 67, 0
8, 1205248, Note_on_c, 4, 62, 103
8, 1205248, Note_on_c, 4, 66, 103
8, 1208525, Note_on_c, 4, 62, 0
8, 1208525, Note_on_c, 4, 66, 0
8, 1209344, Note_on_c, 4, 64, 103
8, 1210368, Note_on_c, 4, 64, 0
8, 1211392, Note_on_c, 4, 64, 106
8, 1212416, Note_on_c, 4, 64, 0
8, 1213440, Note_on_c, 4, 57, 109
8, 1213440, Note_on_c, 4, 69, 109
8, 1216717, Note_on_c, 4, 57, 0
8, 1216717, Note_on_c, 4, 69, 0
8, 1217536, Note_on_c, 4, 64, 104
8, 1218560, Note_on_c, 4, 64, 0
8, 1219584, Note_on_c, 4, 64, 107
8, 1220608, Note_on_c, 4, 64, 0
8, 1221632, Note_on_c, 4, 57, 113
8, 1221632, Note_on_c, 4, 69, 113
8, 1224909, Note_on_c, 4, 57, 0
8, 1224909, Note_on_c, 4, 69, 0
8, 1225728, Note_on_c, 4, 57, 114
8, 1225728, Note_on_c, 4, 69, 114
8, 1226752, Note_on_c, 4, 57, 0
8, 1226752, Note_on_c, 4, 69, 0
8, 1227776, Note_on_c, 4, 57, 117
8, 1227776, Note_on_c, 4, 69, 117
8, 1228800, Note_on_c, 4, 57, 0
8, 1228800, Note_on_c, 4, 69, 0
8, 1229824, Note_on_c, 4, 57, 122
8, 1229824, Note_on_c, 4, 69, 122
8, 1238016, Note_on_c, 4, 57, 0
8, 1238016, Note_on_c, 4, 69, 0
8, 1573888, Note_on_c, 4, 57, 106
8, 1573888, Note_on_c, 4, 69, 106
8, 1574636, Note_on_c, 4, 57, 0
8, 1574636, Note_on_c, 4, 69, 0
8, 1575424, Note_on_c, 4, 57, 100
8, 1575424, Note_on_c, 4, 69, 100
8, 1576172, Note_on_c, 4, 57, 0
8, 1576172, Note_on_c, 4, 69, 0
8, 1577984, Note_on_c, 4, 67, 100
8, 1578358, Note_on_c, 4, 67, 0
8, 1578496, Note_on_c, 4, 67, 113
8, 1579617, Note_on_c, 4, 67, 0
8, 1581056, Note_on_c, 4, 69, 100
8, 1581430, Note_on_c, 4, 69, 0
8, 1581568, Note_on_c, 4, 69, 116
8, 1582689, Note_on_c, 4, 69, 0
8, 1584128, Note_on_c, 4, 67, 100
8, 1584502, Note_on_c, 4, 67, 0
8, 1584640, Note_on_c, 4, 67, 100
8, 1585388, Note_on_c, 4, 67, 0
8, 1585664, Note_on_c, 4, 67, 100
8, 1586038, Note_on_c, 4, 67, 0
8, 1586176, Note_on_c, 4, 69, 106
8, 1586924, Note_on_c, 4, 69, 0
8, 1587712, Note_on_c, 4, 67, 100
8, 1588460, Note_on_c, 4, 67, 0
8, 1589248, Note_on_c, 4, 67, 108
8, 1589996, Note_on_c, 4, 67, 0
8, 1590272, Note_on_c, 4, 67, 100
8, 1590646, Note_on_c, 4, 67, 0
8, 1590784, Note_on_c, 4, 67, 100
8, 1591532, Note_on_c, 4, 67, 0
8, 1591808, Note_on_c, 4, 67, 100
8, 1592182, Note_on_c, 4, 67, 0
8, 1592320, Note_on_c, 4, 67, 108
8, 1593068, Note_on_c, 4, 67, 0
8, 1593856, Note_on_c, 4, 67, 100
8, 1594604, Note_on_c, 4, 67, 0
8, 1595392, Note_on_c, 4, 67, 108
8, 1596140, Note_on_c, 4, 67, 0
8, 1596928, Note_on_c, 4, 67, 100
8, 1597676, Note_on_c, 4, 67, 0
8, 1598464, Note_on_c, 4, 67, 108
8, 1599212, Note_on_c, 4, 67, 0
8, 1600000, Note_on_c, 4, 67, 100
8, 1600748, Note_on_c, 4, 67, 0
8, 1644544, Note_on_c, 4, 57, 109
8, 1644544, Note_on_c, 4, 69, 109
8, 1645292, Note_on_c, 4, 57, 0
8, 1645292, Note_on_c, 4, 69, 0
8, 1645568, Note_on_c, 4, 57, 101
8, 1645568, Note_on_c, 4, 69, 101
8, 1645942, Note_on_c, 4, 57, 0
8, 1645942, Note_on_c, 4, 69, 0
8, 1646080, Note_on_c, 4, 57, 115
8, 1646080, Note_on_c, 4, 69, 115
8, 1647201, Note_on_c, 4, 57, 0
8, 1647201, Note_on_c, 4, 69, 0
8, 1648640, Note_on_c, 4, 57, 101
8, 1648640, Note_on_c, 4, 69, 101
8, 1649014, Note_on_c, 4, 57, 0
8, 1649014, Note_on_c, 4, 69, 0
8, 1649152, Note_on_c, 4, 57, 118
8, 1649152, Note_on_c, 4, 69, 118
8, 1650273, Note_on_c, 4, 57, 0
8, 1650273, Note_on_c, 4, 69, 0
8, 1651712, Note_on_c, 4, 65, 101
8, 1652086, Note_on_c, 4, 65, 0
8, 1652224, Note_on_c, 4, 65, 116
8, 1653345, Note_on_c, 4, 65, 0
8, 1654784, Note_on_c, 4, 65, 101
8, 1655158, Note_on_c, 4, 65, 0
8, 1655296, Note_on_c, 4, 65, 115
8, 1656417, Note_on_c, 4, 65, 0
8, 1657856, Note_on_c, 4, 53, 101
8, 1657856, Note_on_c, 4, 65, 101
8, 1658230, Note_on_c, 4, 53, 0
8, 1658230, Note_on_c, 4, 65, 0
8, 1658368, Note_on_c, 4, 53, 114
8, 1658368, Note_on_c, 4, 65, 114
8, 1659116, Note_on_c, 4, 53, 0
8, 1659116, Note_on_c, 4, 65, 0
8, 1661440, Note_on_c, 4, 65, 101
8, 1662188, Note_on_c, 4, 65, 0
8, 1685504, Note_on_c, 4, 54, 103
8, 1685504, Note_on_c, 4, 66, 103
8, 1685760, Note_on_c, 4, 54, 0
8, 1685760, Note_on_c, 4, 66, 0
8, 1686016, Note_on_c, 4, 54, 104
8, 1686016, Note_on_c, 4, 66, 104
8, 1686272, Note_on_c, 4, 54, 0
8, 1686272, Note_on_c, 4, 66, 0
8, 1686528, Note_on_c, 4, 54, 106
8, 1686528, Note_on_c, 4, 66, 106
8, 1686784, Note_on_c, 4, 54, 0
8, 1686784, Note_on_c, 4, 66, 0
8, 1687040, Note_on_c, 4, 54, 107
8, 1687040, Note_on_c, 4, 66, 107
8, 1687296, Note_on_c, 4, 54, 0
8, 1687296, Note_on_c, 4, 66, 0
8, 1687552, Note_on_c, 4, 54, 114
8, 1687552, Note_on_c, 4, 66, 114
8, 1688064, Note_on_c, 4, 54, 0
8, 1688064, Note_on_c, 4, 66, 0
8, 1730560, Note_on_c, 4, 54, 112
8, 1730560, Note_on_c, 4, 66, 112
8, 1730816, Note_on_c, 4, 54, 0
8, 1730816, Note_on_c, 4, 66, 0
8, 1731072, Note_on_c, 4, 54, 103
8, 1731072, Note_on_c, 4, 66, 103
8, 1731328, Note_on_c, 4, 54, 0
8, 1731328, Note_on_c, 4, 66, 0
8, 1731584, Note_on_c, 4, 54, 103
8, 1731584, Note_on_c, 4, 66, 103
8, 1731840, Note_on_c, 4, 54, 0
8, 1731840, Note_on_c, 4, 66, 0
8, 1732096, Note_on_c, 4, 54, 103
8, 1732096, Note_on_c, 4, 66, 103
8, 1732352, Note_on_c, 4, 54, 0
8, 1732352, Note_on_c, 4, 66, 0
8, 1732608, Note_on_c, 4, 54, 103
8, 1732608, Note_on_c, 4, 66, 103
8, 1732864, Note_on_c, 4, 54, 0
8, 1732864, Note_on_c, 4, 66, 0
8, 1733120, Note_on_c, 4, 54, 103
8, 1733120, Note_on_c, 4, 66, 103
8, 1733376, Note_on_c, 4, 54, 0
8, 1733376, Note_on_c, 4, 66, 0
8, 1733632, Note_on_c, 4, 54, 113
8, 1733632, Note_on_c, 4, 66, 113
8, 1733888, Note_on_c, 4, 54, 0
8, 1733888, Note_on_c, 4, 66, 0
8, 1734144, Note_on_c, 4, 54, 103
8, 1734144, Note_on_c, 4, 66, 103
8, 1734400, Note_on_c, 4, 54, 0
8, 1734400, Note_on_c, 4, 66, 0
8, 1734656, Note_on_c, 4, 54, 103
8, 1734656, Note_on_c, 4, 66, 103
8, 1734912, Note_on_c, 4, 54, 0
8, 1734912, Note_on_c, 4, 66, 0
8, 1735168, Note_on_c, 4, 54, 103
8, 1735168, Note_on_c, 4, 66, 103
8, 1735424, Note_on_c, 4, 54, 0
8, 1735424, Note_on_c, 4, 66, 0
8, 1735680, Note_on_c, 4, 54, 103
8, 1735680, Note_on_c, 4, 66, 103
8, 1735936, Note_on_c, 4, 54, 0
8, 1735936, Note_on_c, 4, 66, 0
8, 1736192, Note_on_c, 4, 54, 103
8, 1736192, Note_on_c, 4, 66, 103
8, 1736448, Note_on_c, 4, 54, 0
8, 1736448, Note_on_c, 4, 66, 0
8, 1736704, Note_on_c, 4, 54, 112
8, 1736704, Note_on_c, 4, 66, 112
8, 1736960, Note_on_c, 4, 54, 0
8, 1736960, Note_on_c, 4, 66, 0
8, 1737216, Note_on_c, 4, 64, 103
8, 1737216, Note_on_c, 4, 67, 103
8, 1737472, Note_on_c, 4, 64, 0
8, 1737472, Note_on_c, 4, 67, 0
8, 1737728, Note_on_c, 4, 64, 103
8, 1737728, Note_on_c, 4, 67, 103
8, 1738102, Note_on_c, 4, 64, 0
8, 1738102, Note_on_c, 4, 67, 0
8, 1738240, Note_on_c, 4, 64, 116
8, 1738240, Note_on_c, 4, 67, 116
8, 1739361, Note_on_c, 4, 64, 0
8, 1739361, Note_on_c, 4, 67, 0
8, 1740800, Note_on_c, 4, 66, 103
8, 1740800, Note_on_c, 4, 69, 103
8, 1741174, Note_on_c, 4, 66, 0
8, 1741174, Note_on_c, 4, 69, 0
8, 1741312, Note_on_c, 4, 66, 116
8, 1741312, Note_on_c, 4, 69, 116
8, 1742433, Note_on_c, 4, 66, 0
8, 1742433, Note_on_c, 4, 69, 0
8, 1746944, Note_on_c, 4, 67, 103
8, 1747318, Note_on_c, 4, 67, 0
8, 1747456, Note_on_c, 4, 67, 116
8, 1748577, Note_on_c, 4, 67, 0
8, 1750016, Note_on_c, 4, 66, 103
8, 1750016, Note_on_c, 4, 69, 103
8, 1750390, Note_on_c, 4, 66, 0
8, 1750390, Note_on_c, 4, 69, 0
8, 1750528, Note_on_c, 4, 66, 119
8, 1750528, Note_on_c, 4, 69, 119
8, 1752812, Note_on_c, 4, 66, 0
8, 1752812, Note_on_c, 4, 69, 0
8, 1753088, Note_on_c, 4, 66, 103
8, 1753088, Note_on_c, 4, 69, 103
8, 1753462, Note_on_c, 4, 66, 0
8, 1753462, Note_on_c, 4, 69, 0
8, 1753600, Note_on_c, 4, 64, 119
8, 1753600, Note_on_c, 4, 67, 119
8, 1754348, Note_on_c, 4, 64, 0
8, 1754348, Note_on_c, 4, 67, 0
8, 1754624, Note_on_c, 4, 64, 103
8, 1754624, Note_on_c, 4, 67, 103
8, 1754998, Note_on_c, 4, 64, 0
8, 1754998, Note_on_c, 4, 67, 0
8, 1755136, Note_on_c, 4, 64, 111
8, 1755136, Note_on_c, 4, 67, 111
8, 1755884, Note_on_c, 4, 64, 0
8, 1755884, Note_on_c, 4, 67, 0
8, 1756160, Note_on_c, 4, 64, 103
8, 1756160, Note_on_c, 4, 67, 103
8, 1756534, Note_on_c, 4, 64, 0
8, 1756534, Note_on_c, 4, 67, 0
8, 1756672, Note_on_c, 4, 62, 103
8, 1756672, Note_on_c, 4, 66, 103
8, 1757420, Note_on_c, 4, 62, 0
8, 1757420, Note_on_c, 4, 66, 0
8, 1757696, Note_on_c, 4, 62, 103
8, 1757696, Note_on_c, 4, 66, 103
8, 1758070, Note_on_c, 4, 62, 0
8, 1758070, Note_on_c, 4, 66, 0
8, 1758208, Note_on_c, 4, 62, 111
8, 1758208, Note_on_c, 4, 66, 111
8, 1758956, Note_on_c, 4, 62, 0
8, 1758956, Note_on_c, 4, 66, 0
8, 1759232, Note_on_c, 4, 62, 103
8, 1759232, Note_on_c, 4, 66, 103
8, 1759606, Note_on_c, 4, 62, 0
8, 1759606, Note_on_c, 4, 66, 0
8, 1759744, Note_on_c, 4, 64, 103
8, 1760492, Note_on_c, 4, 64, 0
8, 1760768, Note_on_c, 4, 64, 103
8, 1761142, Note_on_c, 4, 64, 0
8, 1761280, Note_on_c, 4, 64, 111
8, 1762028, Note_on_c, 4, 64, 0
8, 1762304, Note_on_c, 4, 54, 103
8, 1762304, Note_on_c, 4, 66, 103
8, 1762678, Note_on_c, 4, 54, 0
8, 1762678, Note_on_c, 4, 66, 0
8, 1762816, Note_on_c, 4, 54, 103
8, 1762816, Note_on_c, 4, 66, 103
8, 1763564, Note_on_c, 4, 54, 0
8, 1763564, Note_on_c, 4, 66, 0
8, 1763840, Note_on_c, 4, 54, 103
8, 1763840, Note_on_c, 4, 66, 103
8, 1764214, Note_on_c, 4, 54, 0
8, 1764214, Note_on_c, 4, 66, 0
8, 1764352, Note_on_c, 4, 54, 111
8, 1764352, Note_on_c, 4, 66, 111
8, 1764608, Note_on_c, 4, 54, 0
8, 1764608, Note_on_c, 4, 66, 0
8, 1764864, Note_on_c, 4, 54, 103
8, 1764864, Note_on_c, 4, 66, 103
8, 1765120, Note_on_c, 4, 54, 0
8, 1765120, Note_on_c, 4, 66, 0
8, 1765376, Note_on_c, 4, 54, 103
8, 1765376, Note_on_c, 4, 66, 103
8, 1765632, Note_on_c, 4, 54, 0
8, 1765632, Note_on_c, 4, 66, 0
8, 1765888, Note_on_c, 4, 54, 103
8, 1765888, Note_on_c, 4, 66, 103
8, 1766144, Note_on_c, 4, 54, 0
8, 1766144, Note_on_c, 4, 66, 0
8, 1766400, Note_on_c, 4, 54, 103
8, 1766400, Note_on_c, 4, 66, 103
8, 1766656, Note_on_c, 4, 54, 0
8, 1766656, Note_on_c, 4, 66, 0
8, 1766912, Note_on_c, 4, 54, 103
8, 1766912, Note_on_c, 4, 66, 103
8, 1767168, Note_on_c, 4, 54, 0
8, 1767168, Note_on_c, 4, 66, 0
8, 1767424, Note_on_c, 4, 54, 111
8, 1767424, Note_on_c, 4, 66, 111
8, 1767680, Note_on_c, 4, 54, 0
8, 1767680, Note_on_c, 4, 66, 0
8, 1767936, Note_on_c, 4, 54, 103
8, 1767936, Note_on_c, 4, 66, 103
8, 1768192, Note_on_c, 4, 54, 0
8, 1768192, Note_on_c, 4, 66, 0
8, 1768448, Note_on_c, 4, 54, 103
8, 1768448, Note_on_c, 4, 66, 103
8, 1768704, Note_on_c, 4, 54, 0
8, 1768704, Note_on_c, 4, 66, 0
8, 1768960, Note_on_c, 4, 54, 119
8, 1768960, Note_on_c, 4, 66, 119
8, 1769216, Note_on_c, 4, 54, 0
8, 1769216, Note_on_c, 4, 66, 0
8, 1769472, Note_on_c, 4, 54, 103
8, 1769472, Note_on_c, 4, 66, 103
8, 1769728, Note_on_c, 4, 54, 0
8, 1769728, Note_on_c, 4, 66, 0
8, 1769984, Note_on_c, 4, 54, 103
8, 1769984, Note_on_c, 4, 66, 103
8, 1770240, Note_on_c, 4, 54, 0
8, 1770240, Note_on_c, 4, 66, 0
8, 1770496, Note_on_c, 4, 54, 112
8, 1770496, Note_on_c, 4, 66, 112
8, 1770752, Note_on_c, 4, 54, 0
8, 1770752, Note_on_c, 4, 66, 0
8, 1771008, Note_on_c, 4, 54, 103
8, 1771008, Note_on_c, 4, 66, 103
8, 1771264, Note_on_c, 4, 54, 0
8, 1771264, Note_on_c, 4, 66, 0
8, 1771520, Note_on_c, 4, 54, 103
8, 1771520, Note_on_c, 4, 66, 103
8, 1771776, Note_on_c, 4, 54, 0
8, 1771776, Note_on_c, 4, 66, 0
8, 1772032, Note_on_c, 4, 54, 103
8, 1772032, Note_on_c, 4, 66, 103
8, 1772288, Note_on_c, 4, 54, 0
8, 1772288, Note_on_c, 4, 66, 0
8, 1772544, Note_on_c, 4, 54, 103
8, 1772544, Note_on_c, 4, 66, 103
8, 1772800, Note_on_c, 4, 54, 0
8, 1772800, Note_on_c, 4, 66, 0
8, 1773056, Note_on_c, 4, 54, 103
8, 1773056, Note_on_c, 4, 66, 103
8, 1773312, Note_on_c, 4, 54, 0
8, 1773312, Note_on_c, 4, 66, 0
8, 1773568, Note_on_c, 4, 50, 111
8, 1773568, Note_on_c, 4, 62, 111
8, 1774316, Note_on_c, 4, 50, 0
8, 1774316, Note_on_c, 4, 62, 0
8, 1774592, Note_on_c, 4, 50, 103
8, 1774592, Note_on_c, 4, 62, 103
8, 1774966, Note_on_c, 4, 50, 0
8, 1774966, Note_on_c, 4, 62, 0
8, 1775104, Note_on_c, 4, 50, 118
8, 1775104, Note_on_c, 4, 62, 118
8, 1776225, Note_on_c, 4, 50, 0
8, 1776225, Note_on_c, 4, 62, 0
8, 1778176, Note_on_c, 4, 54, 103
8, 1778176, Note_on_c, 4, 66, 103
8, 1778432, Note_on_c, 4, 54, 0
8, 1778432, Note_on_c, 4, 66, 0
8, 1778688, Note_on_c, 4, 54, 103
8, 1778688, Note_on_c, 4, 66, 103
8, 1778944, Note_on_c, 4, 54, 0
8, 1778944, Note_on_c, 4, 66, 0
8, 1779200, Note_on_c, 4, 54, 103
8, 1779200, Note_on_c, 4, 66, 103
8, 1779456, Note_on_c, 4, 54, 0
8, 1779456, Note_on_c, 4, 66, 0
8, 1779712, Note_on_c, 4, 54, 111
8, 1779712, Note_on_c, 4, 66, 111
8, 1779968, Note_on_c, 4, 54, 0
8, 1779968, Note_on_c, 4, 66, 0
8, 1780224, Note_on_c, 4, 54, 103
8, 1780224, Note_on_c, 4, 66, 103
8, 1780480, Note_on_c, 4, 54, 0
8, 1780480, Note_on_c, 4, 66, 0
8, 1780736, Note_on_c, 4, 54, 103
8, 1780736, Note_on_c, 4, 66, 103
8, 1780992, Note_on_c, 4, 54, 0
8, 1780992, Note_on_c, 4, 66, 0
8, 1781248, Note_on_c, 4, 54, 103
8, 1781248, Note_on_c, 4, 66, 103
8, 1781504, Note_on_c, 4, 54, 0
8, 1781504, Note_on_c, 4, 66, 0
8, 1781760, Note_on_c, 4, 54, 103
8, 1781760, Note_on_c, 4, 66, 103
8, 1782016, Note_on_c, 4, 54, 0
8, 1782016, Note_on_c, 4, 66, 0
8, 1782272, Note_on_c, 4, 54, 103
8, 1782272, Note_on_c, 4, 66, 103
8, 1782528, Note_on_c, 4, 54, 0
8, 1782528, Note_on_c, 4, 66, 0
8, 1782784, Note_on_c, 4, 54, 110
8, 1782784, Note_on_c, 4, 66, 110
8, 1783040, Note_on_c, 4, 54, 0
8, 1783040, Note_on_c, 4, 66, 0
8, 1783296, Note_on_c, 4, 54, 103
8, 1783296, Note_on_c, 4, 66, 103
8, 1783552, Note_on_c, 4, 54, 0
8, 1783552, Note_on_c, 4, 66, 0
8, 1783808, Note_on_c, 4, 54, 103
8, 1783808, Note_on_c, 4, 66, 103
8, 1784064, Note_on_c, 4, 54, 0
8, 1784064, Note_on_c, 4, 66, 0
8, 1784320, Note_on_c, 4, 54, 103
8, 1784320, Note_on_c, 4, 66, 103
8, 1784576, Note_on_c, 4, 54, 0
8, 1784576, Note_on_c, 4, 66, 0
8, 1784832, Note_on_c, 4, 54, 103
8, 1784832, Note_on_c, 4, 66, 103
8, 1785088, Note_on_c, 4, 54, 0
8, 1785088, Note_on_c, 4, 66, 0
8, 1785344, Note_on_c, 4, 54, 103
8, 1785344, Note_on_c, 4, 66, 103
8, 1785600, Note_on_c, 4, 54, 0
8, 1785600, Note_on_c, 4, 66, 0
8, 1785856, Note_on_c, 4, 50, 112
8, 1785856, Note_on_c, 4, 62, 112
8, 1786604, Note_on_c, 4, 50, 0
8, 1786604, Note_on_c, 4, 62, 0
8, 1786880, Note_on_c, 4, 50, 95
8, 1786880, Note_on_c, 4, 62, 95
8, 1787254, Note_on_c, 4, 50, 0
8, 1787254, Note_on_c, 4, 62, 0
8, 1787392, Note_on_c, 4, 50, 110
8, 1787392, Note_on_c, 4, 62, 110
8, 1788513, Note_on_c, 4, 50, 0
8, 1788513, Note_on_c, 4, 62, 0
8, 1788928, Note_on_c, 4, 50, 102
8, 1788928, Note_on_c, 4, 62, 102
8, 1789676, Note_on_c, 4, 50, 0
8, 1789676, Note_on_c, 4, 62, 0
8, 1789952, Note_on_c, 4, 50, 97
8, 1789952, Note_on_c, 4, 62, 97
8, 1790326, Note_on_c, 4, 50, 0
8, 1790326, Note_on_c, 4, 62, 0
8, 1790464, Note_on_c, 4, 64, 97
8, 1791212, Note_on_c, 4, 64, 0
8, 1792000, Note_on_c, 4, 64, 105
8, 1792000, Note_on_c, 4, 67, 105
8, 1792748, Note_on_c, 4, 64, 0
8, 1792748, Note_on_c, 4, 67, 0
8, 1793024, Note_on_c, 4, 64, 99
8, 1793024, Note_on_c, 4, 67, 99
8, 1793398, Note_on_c, 4, 64, 0
8, 1793398, Note_on_c, 4, 67, 0
8, 1793536, Note_on_c, 4, 62, 99
8, 1793536, Note_on_c, 4, 66, 99
8, 1794284, Note_on_c, 4, 62, 0
8, 1794284, Note_on_c, 4, 66, 0
8, 1794560, Note_on_c, 4, 62, 100
8, 1794560, Note_on_c, 4, 66, 100
8, 1794934, Note_on_c, 4, 62, 0
8, 1794934, Note_on_c, 4, 66, 0
8, 1795072, Note_on_c, 4, 66, 106
8, 1795072, Note_on_c, 4, 69, 106
8, 1795820, Note_on_c, 4, 66, 0
8, 1795820, Note_on_c, 4, 69, 0
8, 1796096, Note_on_c, 4, 66, 101
8, 1796096, Note_on_c, 4, 69, 101
8, 1796470, Note_on_c, 4, 66, 0
8, 1796470, Note_on_c, 4, 69, 0
8, 1796608, Note_on_c, 4, 64, 101
8, 1796608, Note_on_c, 4, 67, 101
8, 1797356, Note_on_c, 4, 64, 0
8, 1797356, Note_on_c, 4, 67, 0
8, 1797632, Note_on_c, 4, 64, 102
8, 1797632, Note_on_c, 4, 67, 102
8, 1798006, Note_on_c, 4, 64, 0
8, 1798006, Note_on_c, 4, 67, 0
8, 1798144, Note_on_c, 4, 57, 108
8, 1798144, Note_on_c, 4, 69, 108
8, 1798892, Note_on_c, 4, 57, 0
8, 1798892, Note_on_c, 4, 69, 0
8, 1799168, Note_on_c, 4, 57, 103
8, 1799168, Note_on_c, 4, 69, 103
8, 1799542, Note_on_c, 4, 57, 0
8, 1799542, Note_on_c, 4, 69, 0
8, 1799680, Note_on_c, 4, 57, 103
8, 1799680, Note_on_c, 4, 69, 103
8, 1800428, Note_on_c, 4, 57, 0
8, 1800428, Note_on_c, 4, 69, 0
8, 1800704, Note_on_c, 4, 57, 103
8, 1800704, Note_on_c, 4, 69, 103
8, 1801078, Note_on_c, 4, 57, 0
8, 1801078, Note_on_c, 4, 69, 0
8, 1801216, Note_on_c, 4, 57, 111
8, 1801216, Note_on_c, 4, 69, 111
8, 1801964, Note_on_c, 4, 57, 0
8, 1801964, Note_on_c, 4, 69, 0
8, 1802240, Note_on_c, 4, 54, 104
8, 1802240, Note_on_c, 4, 66, 104
8, 1802614, Note_on_c, 4, 54, 0
8, 1802614, Note_on_c, 4, 66, 0
8, 1802752, Note_on_c, 4, 64, 105
8, 1803500, Note_on_c, 4, 64, 0
8, 1803776, Note_on_c, 4, 64, 105
8, 1804150, Note_on_c, 4, 64, 0
8, 1804288, Note_on_c, 4, 67, 114
8, 1805036, Note_on_c, 4, 67, 0
8, 1805312, Note_on_c, 4, 67, 106
8, 1805686, Note_on_c, 4, 67, 0
8, 1805824, Note_on_c, 4, 67, 107
8, 1806572, Note_on_c, 4, 67, 0
8, 1806848, Note_on_c, 4, 67, 107
8, 1807222, Note_on_c, 4, 67, 0
8, 1807360, Note_on_c, 4, 67, 115
8, 1808108, Note_on_c, 4, 67, 0
8, 1808384, Note_on_c, 4, 67, 108
8, 1808758, Note_on_c, 4, 67, 0
8, 1808896, Note_on_c, 4, 54, 108
8, 1808896, Note_on_c, 4, 66, 108
8, 1809644, Note_on_c, 4, 54, 0
8, 1809644, Note_on_c, 4, 66, 0
8, 1809920, Note_on_c, 4, 54, 109
8, 1809920, Note_on_c, 4, 66, 109
8, 1810294, Note_on_c, 4, 54, 0
8, 1810294, Note_on_c, 4, 66, 0
8, 1810432, Note_on_c, 4, 54, 121
8, 1810432, Note_on_c, 4, 66, 121
8, 1811180, Note_on_c, 4, 54, 0
8, 1811180, Note_on_c, 4, 66, 0
8, 1811456, Note_on_c, 4, 54, 109
8, 1811456, Note_on_c, 4, 66, 109
8, 1811830, Note_on_c, 4, 54, 0
8, 1811830, Note_on_c, 4, 66, 0
8, 1811968, Note_on_c, 4, 54, 122
8, 1811968, Note_on_c, 4, 66, 122
8, 1814252, Note_on_c, 4, 54, 0
8, 1814252, Note_on_c, 4, 66, 0
8, 1814528, Note_on_c, 4, 54, 109
8, 1814528, Note_on_c, 4, 66, 109
8, 1814902, Note_on_c, 4, 54, 0
8, 1814902, Note_on_c, 4, 66, 0
8, 1815040, Note_on_c, 4, 54, 124
8, 1815040, Note_on_c, 4, 66, 124
8, 1817324, Note_on_c, 4, 54, 0
8, 1817324, Note_on_c, 4, 66, 0
8, 1817600, Note_on_c, 4, 54, 109
8, 1817600, Note_on_c, 4, 66, 109
8, 1817974, Note_on_c, 4, 54, 0
8, 1817974, Note_on_c, 4, 66, 0
8, 1818112, Note_on_c, 4, 54, 124
8, 1818112, Note_on_c, 4, 66, 124
8, 1820396, Note_on_c, 4, 54, 0
8, 1820396, Note_on_c, 4, 66, 0
8, 1820672, Note_on_c, 4, 54, 108
8, 1820672, Note_on_c, 4, 66, 108
8, 1821046, Note_on_c, 4, 54, 0
8, 1821046, Note_on_c, 4, 66, 0
8, 1821184, Note_on_c, 4, 54, 124
8, 1821184, Note_on_c, 4, 66, 124
8, 1823468, Note_on_c, 4, 54, 0
8, 1823468, Note_on_c, 4, 66, 0
8, 1823744, Note_on_c, 4, 54, 108
8, 1823744, Note_on_c, 4, 66, 108
8, 1824118, Note_on_c, 4, 54, 0
8, 1824118, Note_on_c, 4, 66, 0
8, 1824256, Note_on_c, 4, 54, 123
8, 1824256, Note_on_c, 4, 66, 123
8, 1826540, Note_on_c, 4, 54, 0
8, 1826540, Note_on_c, 4, 66, 0
8, 1826816, Note_on_c, 4, 54, 107
8, 1826816, Note_on_c, 4, 66, 107
8, 1827190, Note_on_c, 4, 54, 0
8, 1827190, Note_on_c, 4, 66, 0
8, 1827328, Note_on_c, 4, 54, 123
8, 1827328, Note_on_c, 4, 66, 123
8, 1829612, Note_on_c, 4, 54, 0
8, 1829612, Note_on_c, 4, 66, 0
8, 1829888, Note_on_c, 4, 54, 107
8, 1829888, Note_on_c, 4, 66, 107
8, 1830262, Note_on_c, 4, 54, 0
8, 1830262, Note_on_c, 4, 66, 0
8, 1830400, Note_on_c, 4, 54, 123
8, 1830400, Note_on_c, 4, 66, 123
8, 1832684, Note_on_c, 4, 54, 0
8, 1832684, Note_on_c, 4, 66, 0
8, 1832960, Note_on_c, 4, 54, 107
8, 1832960, Note_on_c, 4, 66, 107
8, 1833334, Note_on_c, 4, 54, 0
8, 1833334, Note_on_c, 4, 66, 0
8, 1833472, Note_on_c, 4, 54, 123
8, 1833472, Note_on_c, 4, 66, 123
8, 1835756, Note_on_c, 4, 54, 0
8, 1835756, Note_on_c, 4, 66, 0
8, 1836032, Note_on_c, 4, 54, 98
8, 1836032, Note_on_c, 4, 66, 98
8, 1836406, Note_on_c, 4, 54, 0
8, 1836406, Note_on_c, 4, 66, 0
8, 1836544, Note_on_c, 4, 54, 95
8, 1836544, Note_on_c, 4, 66, 95
8, 1838828, Note_on_c, 4, 54, 0
8, 1838828, Note_on_c, 4, 66, 0
8, 1839104, Note_on_c, 4, 54, 80
8, 1839104, Note_on_c, 4, 66, 80
8, 1839478, Note_on_c, 4, 54, 0
8, 1839478, Note_on_c, 4, 66, 0
8, 1839616, Note_on_c, 4, 54, 77
8, 1839616, Note_on_c, 4, 66, 77
8, 1841900, Note_on_c, 4, 54, 0
8, 1841900, Note_on_c, 4, 66, 0
8, 1842176, Note_on_c, 4, 54, 62
8, 1842176, Note_on_c, 4, 66, 62
8, 1842550, Note_on_c, 4, 54, 0
8, 1842550, Note_on_c, 4, 66, 0
8, 1842688, Note_on_c, 4, 54, 59
8, 1842688, Note_on_c, 4, 66, 59
8, 1844972, Note_on_c, 4, 54, 0
8, 1844972, Note_on_c, 4, 66, 0
8, 1845248, Note_on_c, 4, 54, 44
8, 1845248, Note_on_c, 4, 66, 44
8, 1845622, Note_on_c, 4, 54, 0
8, 1845622, Note_on_c, 4, 66, 0
8, 1845760, Note_on_c, 4, 54, 41
8, 1845760, Note_on_c, 4, 66, 41
8, 1846881, Note_on_c, 4, 54, 0
8, 1846881, Note_on_c, 4, 66, 0
8, 1847296, Note_on_c, 4, 54, 35
8, 1847296, Note_on_c, 4, 66, 35
8, 1854188, Note_on_c, 4, 54, 0
8, 1854188, Note_on_c, 4, 66, 0
8, 1854464, Note_on_c, 4, 54, 29
8, 1854464, Note_on_c, 4, 66, 29
8, 1854838, Note_on_c, 4, 54, 0
8, 1854838, Note_on_c, 4, 66, 0
8, 1854976, Note_on_c, 4, 54, 29
8, 1854976, Note_on_c, 4, 66, 29
8, 1857260, Note_on_c, 4, 54, 0
8, 1857260, Note_on_c, 4, 66, 0
8, 1857536, Note_on_c, 4, 54, 29
8, 1857536, Note_on_c, 4, 66, 29
8, 1857910, Note_on_c, 4, 54, 0
8, 1857910, Note_on_c, 4, 66, 0
8, 1858048, Note_on_c, 4, 54, 29
8, 1858048, Note_on_c, 4, 66, 29
8, 1860332, Note_on_c, 4, 54, 0
8, 1860332, Note_on_c, 4, 66, 0
8, 1860608, Note_on_c, 4, 54, 29
8, 1860608, Note_on_c, 4, 66, 29
8, 1860982, Note_on_c, 4, 54, 0
8, 1860982, Note_on_c, 4, 66, 0
8, 1861120, Note_on_c, 4, 54, 29
8, 1861120, Note_on_c, 4, 66, 29
8, 1863404, Note_on_c, 4, 54, 0
8, 1863404, Note_on_c, 4, 66, 0
8, 1863680, Note_on_c, 4, 54, 29
8, 1863680, Note_on_c, 4, 66, 29
8, 1864054, Note_on_c, 4, 54, 0
8, 1864054, Note_on_c, 4, 66, 0
8, 1864192, Note_on_c, 4, 54, 29
8, 1864192, Note_on_c, 4, 66, 29
8, 1872620, Note_on_c, 4, 54, 0
8, 1872620, Note_on_c, 4, 66, 0
8, 1872896, Note_on_c, 4, 54, 26
8, 1872896, Note_on_c, 4, 66, 26
8, 1873270, Note_on_c, 4, 54, 0
8, 1873270, Note_on_c, 4, 66, 0
8, 1873408, Note_on_c, 4, 54, 26
8, 1873408, Note_on_c, 4, 66, 26
8, 1875692, Note_on_c, 4, 54, 0
8, 1875692, Note_on_c, 4, 66, 0
8, 1875968, Note_on_c, 4, 54, 26
8, 1875968, Note_on_c, 4, 66, 26
8, 1876342, Note_on_c, 4, 54, 0
8, 1876342, Note_on_c, 4, 66, 0
8, 1876480, Note_on_c, 4, 54, 26
8, 1876480, Note_on_c, 4, 66, 26
8, 1878764, Note_on_c, 4, 54, 0
8, 1878764, Note_on_c, 4, 66, 0
8, 1879040, Note_on_c, 4, 54, 26
8, 1879040, Note_on_c, 4, 66, 26
8, 1879414, Note_on_c, 4, 54, 0
8, 1879414, Note_on_c, 4, 66, 0
8, 1879552, Note_on_c, 4, 54, 26
8, 1879552, Note_on_c, 4, 66, 26
8, 1881836, Note_on_c, 4, 54, 0
8, 1881836, Note_on_c, 4, 66, 0
8, 1882112, Note_on_c, 4, 54, 26
8, 1882112, Note_on_c, 4, 66, 26
8, 1882486, Note_on_c, 4, 54, 0
8, 1882486, Note_on_c, 4, 66, 0
8, 1882624, Note_on_c, 4, 54, 26
8, 1882624, Note_on_c, 4, 66, 26
8, 1884160, Note_on_c, 4, 54, 0
8, 1884160, Note_on_c, 4, 66, 0
8, 1884160, Note_on_c, 4, 62, 103
8, 1884160, Note_on_c, 4, 66, 103
8, 1887232, Note_on_c, 4, 62, 0
8, 1887232, Note_on_c, 4, 66, 0
8, 1887232, Note_on_c, 4, 64, 103
8, 1887232, Note_on_c, 4, 67, 103
8, 1888768, Note_on_c, 4, 64, 0
8, 1888768, Note_on_c, 4, 67, 0
8, 1888768, Note_on_c, 4, 66, 103
8, 1888768, Note_on_c, 4, 69, 103
8, 1889889, Note_on_c, 4, 66, 0
8, 1889889, Note_on_c, 4, 69, 0
8, 1890304, Note_on_c, 4, 62, 105
8, 1890304, Note_on_c, 4, 66, 105
8, 1891052, Note_on_c, 4, 62, 0
8, 1891052, Note_on_c, 4, 66, 0
8, 1891840, Note_on_c, 4, 62, 105
8, 1891840, Note_on_c, 4, 66, 105
8, 1892588, Note_on_c, 4, 62, 0
8, 1892588, Note_on_c, 4, 66, 0
8, 1893376, Note_on_c, 4, 64, 105
8, 1893376, Note_on_c, 4, 67, 105
8, 1894124, Note_on_c, 4, 64, 0
8, 1894124, Note_on_c, 4, 67, 0
8, 1894912, Note_on_c, 4, 66, 105
8, 1894912, Note_on_c, 4, 69, 105
8, 1895660, Note_on_c, 4, 66, 0
8, 1895660, Note_on_c, 4, 69, 0
8, 1896448, Note_on_c, 4, 66, 105
8, 1896448, Note_on_c, 4, 69, 105
8, 1897196, Note_on_c, 4, 66, 0
8, 1897196, Note_on_c, 4, 69, 0
8, 1897984, Note_on_c, 4, 64, 105
8, 1897984, Note_on_c, 4, 67, 105
8, 1898732, Note_on_c, 4, 64, 0
8, 1898732, Note_on_c, 4, 67, 0
8, 1899520, Note_on_c, 4, 62, 105
8, 1899520, Note_on_c, 4, 66, 105
8, 1900268, Note_on_c, 4, 62, 0
8, 1900268, Note_on_c, 4, 66, 0
8, 1901056, Note_on_c, 4, 57, 105
8, 1901056, Note_on_c, 4, 64, 105
8, 1901804, Note_on_c, 4, 57, 0
8, 1901804, Note_on_c, 4, 64, 0
8, 1902592, Note_on_c, 4, 54, 105
8, 1902592, Note_on_c, 4, 62, 105
8, 1903340, Note_on_c, 4, 54, 0
8, 1903340, Note_on_c, 4, 62, 0
8, 1904128, Note_on_c, 4, 54, 105
8, 1904128, Note_on_c, 4, 62, 105
8, 1904876, Note_on_c, 4, 54, 0
8, 1904876, Note_on_c, 4, 62, 0
8, 1905664, Note_on_c, 4, 57, 105
8, 1905664, Note_on_c, 4, 64, 105
8, 1906412, Note_on_c, 4, 57, 0
8, 1906412, Note_on_c, 4, 64, 0
8, 1907200, Note_on_c, 4, 62, 105
8, 1907200, Note_on_c, 4, 66, 105
8, 1907948, Note_on_c, 4, 62, 0
8, 1907948, Note_on_c, 4, 66, 0
8, 1908736, Note_on_c, 4, 62, 105
8, 1908736, Note_on_c, 4, 66, 105
8, 1909484, Note_on_c, 4, 62, 0
8, 1909484, Note_on_c, 4, 66, 0
8, 1911296, Note_on_c, 4, 57, 105
8, 1911296, Note_on_c, 4, 64, 105
8, 1911552, Note_on_c, 4, 57, 0
8, 1911552, Note_on_c, 4, 64, 0
8, 1911808, Note_on_c, 4, 57, 105
8, 1911808, Note_on_c, 4, 69, 105
8, 1912556, Note_on_c, 4, 57, 0
8, 1912556, Note_on_c, 4, 69, 0
8, 1912832, Note_on_c, 4, 64, 105
8, 1912832, Note_on_c, 4, 67, 105
8, 1913088, Note_on_c, 4, 64, 0
8, 1913088, Note_on_c, 4, 67, 0
8, 1913344, Note_on_c, 4, 62, 105
8, 1913344, Note_on_c, 4, 66, 105
8, 1914092, Note_on_c, 4, 62, 0
8, 1914092, Note_on_c, 4, 66, 0
8, 1914368, Note_on_c, 4, 57, 105
8, 1914368, Note_on_c, 4, 64, 105
8, 1914624, Note_on_c, 4, 57, 0
8, 1914624, Note_on_c, 4, 64, 0
8, 1914880, Note_on_c, 4, 50, 105
8, 1914880, Note_on_c, 4, 66, 105
8, 1915628, Note_on_c, 4, 50, 0
8, 1915628, Note_on_c, 4, 66, 0
8, 1916416, Note_on_c, 4, 62, 105
8, 1916416, Note_on_c, 4, 66, 105
8, 1917164, Note_on_c, 4, 62, 0
8, 1917164, Note_on_c, 4, 66, 0
8, 1917952, Note_on_c, 4, 62, 105
8, 1917952, Note_on_c, 4, 67, 105
8, 1918700, Note_on_c, 4, 62, 0
8, 1918700, Note_on_c, 4, 67, 0
8, 1919488, Note_on_c, 4, 62, 105
8, 1919488, Note_on_c, 4, 69, 105
8, 1920236, Note_on_c, 4, 62, 0
8, 1920236, Note_on_c, 4, 69, 0
8, 1921024, Note_on_c, 4, 62, 105
8, 1921024, Note_on_c, 4, 69, 105
8, 1921772, Note_on_c, 4, 62, 0
8, 1921772, Note_on_c, 4, 69, 0
8, 1922560, Note_on_c, 4, 62, 105
8, 1922560, Note_on_c, 4, 67, 105
8, 1923308, Note_on_c, 4, 62, 0
8, 1923308, Note_on_c, 4, 67, 0
8, 1924096, Note_on_c, 4, 62, 105
8, 1924096, Note_on_c, 4, 66, 105
8, 1924844, Note_on_c, 4, 62, 0
8, 1924844, Note_on_c, 4, 66, 0
8, 1925632, Note_on_c, 4, 62, 105
8, 1925632, Note_on_c, 4, 64, 105
8, 1926380, Note_on_c, 4, 62, 0
8, 1926380, Note_on_c, 4, 64, 0
8, 1927168, Note_on_c, 4, 54, 105
8, 1927168, Note_on_c, 4, 62, 105
8, 1927916, Note_on_c, 4, 54, 0
8, 1927916, Note_on_c, 4, 62, 0
8, 1928704, Note_on_c, 4, 54, 105
8, 1928704, Note_on_c, 4, 62, 105
8, 1929452, Note_on_c, 4, 54, 0
8, 1929452, Note_on_c, 4, 62, 0
8, 1930240, Note_on_c, 4, 57, 105
8, 1930240, Note_on_c, 4, 64, 105
8, 1930988, Note_on_c, 4, 57, 0
8, 1930988, Note_on_c, 4, 64, 0
8, 1931776, Note_on_c, 4, 62, 105
8, 1931776, Note_on_c, 4, 66, 105
8, 1932524, Note_on_c, 4, 62, 0
8, 1932524, Note_on_c, 4, 66, 0
8, 1933312, Note_on_c, 4, 57, 105
8, 1933312, Note_on_c, 4, 64, 105
8, 1934060, Note_on_c, 4, 57, 0
8, 1934060, Note_on_c, 4, 64, 0
8, 1935872, Note_on_c, 4, 54, 105
8, 1935872, Note_on_c, 4, 62, 105
8, 1936128, Note_on_c, 4, 54, 0
8, 1936128, Note_on_c, 4, 62, 0
8, 1936384, Note_on_c, 4, 54, 105
8, 1936384, Note_on_c, 4, 62, 105
8, 1937132, Note_on_c, 4, 54, 0
8, 1937132, Note_on_c, 4, 62, 0
8, 1937408, Note_on_c, 4, 54, 105
8, 1937408, Note_on_c, 4, 62, 105
8, 1937664, Note_on_c, 4, 54, 0
8, 1937664, Note_on_c, 4, 62, 0
8, 1937920, Note_on_c, 4, 54, 105
8, 1937920, Note_on_c, 4, 62, 105
8, 1938668, Note_on_c, 4, 54, 0
8, 1938668, Note_on_c, 4, 62, 0
8, 1938944, Note_on_c, 4, 50, 105
8, 1938944, Note_on_c, 4, 66, 105
8, 1939200, Note_on_c, 4, 50, 0
8, 1939200, Note_on_c, 4, 66, 0
8, 1939456, Note_on_c, 4, 57, 99
8, 1939456, Note_on_c, 4, 64, 99
8, 1940204, Note_on_c, 4, 57, 0
8, 1940204, Note_on_c, 4, 64, 0
8, 1940992, Note_on_c, 4, 57, 99
8, 1940992, Note_on_c, 4, 64, 99
8, 1941740, Note_on_c, 4, 57, 0
8, 1941740, Note_on_c, 4, 64, 0
8, 1942528, Note_on_c, 4, 62, 100
8, 1942528, Note_on_c, 4, 66, 100
8, 1943276, Note_on_c, 4, 62, 0
8, 1943276, Note_on_c, 4, 66, 0
8, 1944064, Note_on_c, 4, 54, 101
8, 1944064, Note_on_c, 4, 62, 101
8, 1944812, Note_on_c, 4, 54, 0
8, 1944812, Note_on_c, 4, 62, 0
8, 1945600, Note_on_c, 4, 57, 102
8, 1945600, Note_on_c, 4, 64, 102
8, 1946348, Note_on_c, 4, 57, 0
8, 1946348, Note_on_c, 4, 64, 0
8, 1947136, Note_on_c, 4, 62, 102
8, 1947136, Note_on_c, 4, 66, 102
8, 1947884, Note_on_c, 4, 62, 0
8, 1947884, Note_on_c, 4, 66, 0
8, 1948160, Note_on_c, 4, 64, 103
8, 1948160, Note_on_c, 4, 67, 103
8, 1948416, Note_on_c, 4, 64, 0
8, 1948416, Note_on_c, 4, 67, 0
8, 1948672, Note_on_c, 4, 62, 103
8, 1948672, Note_on_c, 4, 66, 103
8, 1949420, Note_on_c, 4, 62, 0
8, 1949420, Note_on_c, 4, 66, 0
8, 1950208, Note_on_c, 4, 54, 104
8, 1950208, Note_on_c, 4, 62, 104
8, 1950956, Note_on_c, 4, 54, 0
8, 1950956, Note_on_c, 4, 62, 0
8, 1951744, Note_on_c, 4, 57, 105
8, 1951744, Note_on_c, 4, 64, 105
8, 1952492, Note_on_c, 4, 57, 0
8, 1952492, Note_on_c, 4, 64, 0
8, 1953280, Note_on_c, 4, 62, 106
8, 1953280, Note_on_c, 4, 66, 106
8, 1954028, Note_on_c, 4, 62, 0
8, 1954028, Note_on_c, 4, 66, 0
8, 1954304, Note_on_c, 4, 64, 106
8, 1954304, Note_on_c, 4, 67, 106
8, 1954560, Note_on_c, 4, 64, 0
8, 1954560, Note_on_c, 4, 67, 0
8, 1954816, Note_on_c, 4, 54, 106
8, 1954816, Note_on_c, 4, 66, 106
8, 1955564, Note_on_c, 4, 54, 0
8, 1955564, Note_on_c, 4, 66, 0
8, 1956352, Note_on_c, 4, 54, 107
8, 1956352, Note_on_c, 4, 66, 107
8, 1957100, Note_on_c, 4, 54, 0
8, 1957100, Note_on_c, 4, 66, 0
8, 1957888, Note_on_c, 4, 54, 108
8, 1957888, Note_on_c, 4, 66, 108
8, 1958636, Note_on_c, 4, 54, 0
8, 1958636, Note_on_c, 4, 66, 0
8, 1959424, Note_on_c, 4, 64, 109
8, 1960172, Note_on_c, 4, 64, 0
8, 1960960, Note_on_c, 4, 57, 109
8, 1960960, Note_on_c, 4, 64, 109
8, 1961708, Note_on_c, 4, 57, 0
8, 1961708, Note_on_c, 4, 64, 0
8, 1962496, Note_on_c, 4, 62, 110
8, 1962496, Note_on_c, 4, 66, 110
8, 1963244, Note_on_c, 4, 62, 0
8, 1963244, Note_on_c, 4, 66, 0
8, 1964032, Note_on_c, 4, 62, 111
8, 1964032, Note_on_c, 4, 66, 111
8, 1964780, Note_on_c, 4, 62, 0
8, 1964780, Note_on_c, 4, 66, 0
8, 1965568, Note_on_c, 4, 62, 111
8, 1965568, Note_on_c, 4, 66, 111
8, 1966316, Note_on_c, 4, 62, 0
8, 1966316, Note_on_c, 4, 66, 0
8, 1967104, Note_on_c, 4, 62, 111
8, 1967104, Note_on_c, 4, 67, 111
8, 1967852, Note_on_c, 4, 62, 0
8, 1967852, Note_on_c, 4, 67, 0
8, 1968640, Note_on_c, 4, 62, 111
8, 1968640, Note_on_c, 4, 69, 111
8, 1969388, Note_on_c, 4, 62, 0
8, 1969388, Note_on_c, 4, 69, 0
8, 1970176, Note_on_c, 4, 62, 111
8, 1970176, Note_on_c, 4, 69, 111
8, 1970924, Note_on_c, 4, 62, 0
8, 1970924, Note_on_c, 4, 69, 0
8, 1971712, Note_on_c, 4, 62, 111
8, 1971712, Note_on_c, 4, 67, 111
8, 1972460, Note_on_c, 4, 62, 0
8, 1972460, Note_on_c, 4, 67, 0
8, 1973248, Note_on_c, 4, 62, 111
8, 1973248, Note_on_c, 4, 66, 111
8, 1973996, Note_on_c, 4, 62, 0
8, 1973996, Note_on_c, 4, 66, 0
8, 1974784, Note_on_c, 4, 62, 111
8, 1974784, Note_on_c, 4, 64, 111
8, 1975532, Note_on_c, 4, 62, 0
8, 1975532, Note_on_c, 4, 64, 0
8, 1976320, Note_on_c, 4, 54, 111
8, 1976320, Note_on_c, 4, 62, 111
8, 1977068, Note_on_c, 4, 54, 0
8, 1977068, Note_on_c, 4, 62, 0
8, 1977856, Note_on_c, 4, 54, 111
8, 1977856, Note_on_c, 4, 62, 111
8, 1978604, Note_on_c, 4, 54, 0
8, 1978604, Note_on_c, 4, 62, 0
8, 1979392, Note_on_c, 4, 57, 111
8, 1979392, Note_on_c, 4, 64, 111
8, 1980140, Note_on_c, 4, 57, 0
8, 1980140, Note_on_c, 4, 64, 0
8, 1980928, Note_on_c, 4, 62, 111
8, 1980928, Note_on_c, 4, 66, 111
8, 1981676, Note_on_c, 4, 62, 0
8, 1981676, Note_on_c, 4, 66, 0
8, 1982464, Note_on_c, 4, 57, 111
8, 1982464, Note_on_c, 4, 64, 111
8, 1983212, Note_on_c, 4, 57, 0
8, 1983212, Note_on_c, 4, 64, 0
8, 1985024, Note_on_c, 4, 54, 111
8, 1985024, Note_on_c, 4, 62, 111
8, 1985280, Note_on_c, 4, 54, 0
8, 1985280, Note_on_c, 4, 62, 0
8, 1985536, Note_on_c, 4, 54, 111
8, 1985536, Note_on_c, 4, 62, 111
8, 1986284, Note_on_c, 4, 54, 0
8, 1986284, Note_on_c, 4, 62, 0
8, 1986560, Note_on_c, 4, 54, 109
8, 1986560, Note_on_c, 4, 62, 109
8, 1986816, Note_on_c, 4, 54, 0
8, 1986816, Note_on_c, 4, 62, 0
8, 1987072, Note_on_c, 4, 54, 108
8, 1987072, Note_on_c, 4, 62, 108
8, 1987820, Note_on_c, 4, 54, 0
8, 1987820, Note_on_c, 4, 62, 0
8, 1988096, Note_on_c, 4, 54, 106
8, 1988096, Note_on_c, 4, 66, 106
8, 1988352, Note_on_c, 4, 54, 0
8, 1988352, Note_on_c, 4, 66, 0
8, 1988608, Note_on_c, 4, 57, 105
8, 1988608, Note_on_c, 4, 64, 105
8, 1989356, Note_on_c, 4, 57, 0
8, 1989356, Note_on_c, 4, 64, 0
8, 1990144, Note_on_c, 4, 57, 104
8, 1990144, Note_on_c, 4, 64, 104
8, 1990892, Note_on_c, 4, 57, 0
8, 1990892, Note_on_c, 4, 64, 0
8, 1991680, Note_on_c, 4, 62, 105
8, 1991680, Note_on_c, 4, 66, 105
8, 1992428, Note_on_c, 4, 62, 0
8, 1992428, Note_on_c, 4, 66, 0
8, 1993216, Note_on_c, 4, 54, 106
8, 1993216, Note_on_c, 4, 62, 106
8, 1993964, Note_on_c, 4, 54, 0
8, 1993964, Note_on_c, 4, 62, 0
8, 1994752, Note_on_c, 4, 57, 106
8, 1994752, Note_on_c, 4, 64, 106
8, 1995500, Note_on_c, 4, 57, 0
8, 1995500, Note_on_c, 4, 64, 0
8, 1996288, Note_on_c, 4, 62, 107
8, 1996288, Note_on_c, 4, 66, 107
8, 1997036, Note_on_c, 4, 62, 0
8, 1997036, Note_on_c, 4, 66, 0
8, 1997312, Note_on_c, 4, 64, 108
8, 1997312, Note_on_c, 4, 67, 108
8, 1997568, Note_on_c, 4, 64, 0
8, 1997568, Note_on_c, 4, 67, 0
8, 1997824, Note_on_c, 4, 62, 108
8, 1997824, Note_on_c, 4, 66, 108
8, 1998572, Note_on_c, 4, 62, 0
8, 1998572, Note_on_c, 4, 66, 0
8, 1999360, Note_on_c, 4, 54, 109
8, 1999360, Note_on_c, 4, 62, 109
8, 2000108, Note_on_c, 4, 54, 0
8, 2000108, Note_on_c, 4, 62, 0
8, 2000896, Note_on_c, 4, 57, 109
8, 2000896, Note_on_c, 4, 64, 109
8, 2001644, Note_on_c, 4, 57, 0
8, 2001644, Note_on_c, 4, 64, 0
8, 2002432, Note_on_c, 4, 62, 110
8, 2002432, Note_on_c, 4, 66, 110
8, 2003180, Note_on_c, 4, 62, 0
8, 2003180, Note_on_c, 4, 66, 0
8, 2003456, Note_on_c, 4, 64, 110
8, 2003456, Note_on_c, 4, 67, 110
8, 2003712, Note_on_c, 4, 64, 0
8, 2003712, Note_on_c, 4, 67, 0
8, 2003968, Note_on_c, 4, 54, 111
8, 2003968, Note_on_c, 4, 66, 111
8, 2004716, Note_on_c, 4, 54, 0
8, 2004716, Note_on_c, 4, 66, 0
8, 2005504, Note_on_c, 4, 54, 111
8, 2005504, Note_on_c, 4, 66, 111
8, 2006252, Note_on_c, 4, 54, 0
8, 2006252, Note_on_c, 4, 66, 0
8, 2007040, Note_on_c, 4, 54, 112
8, 2007040, Note_on_c, 4, 66, 112
8, 2007788, Note_on_c, 4, 54, 0
8, 2007788, Note_on_c, 4, 66, 0
8, 2008576, Note_on_c, 4, 64, 113
8, 2009324, Note_on_c, 4, 64, 0
8, 2010112, Note_on_c, 4, 57, 114
8, 2010112, Note_on_c, 4, 64, 114
8, 2010860, Note_on_c, 4, 57, 0
8, 2010860, Note_on_c, 4, 64, 0
8, 2011648, Note_on_c, 4, 62, 114
8, 2011648, Note_on_c, 4, 66, 114
8, 2012396, Note_on_c, 4, 62, 0
8, 2012396, Note_on_c, 4, 66, 0
8, 2013184, Note_on_c, 4, 62, 114
8, 2013184, Note_on_c, 4, 66, 114
8, 2013932, Note_on_c, 4, 62, 0
8, 2013932, Note_on_c, 4, 66, 0
8, 2014720, Note_on_c, 4, 62, 113
8, 2014720, Note_on_c, 4, 66, 113
8, 2015468, Note_on_c, 4, 62, 0
8, 2015468, Note_on_c, 4, 66, 0
8, 2016256, Note_on_c, 4, 62, 112
8, 2016256, Note_on_c, 4, 67, 112
8, 2017004, Note_on_c, 4, 62, 0
8, 2017004, Note_on_c, 4, 67, 0
8, 2017792, Note_on_c, 4, 62, 112
8, 2017792, Note_on_c, 4, 69, 112
8, 2018540, Note_on_c, 4, 62, 0
8, 2018540, Note_on_c, 4, 69, 0
8, 2019328, Note_on_c, 4, 62, 111
8, 2019328, Note_on_c, 4, 69, 111
8, 2020076, Note_on_c, 4, 62, 0
8, 2020076, Note_on_c, 4, 69, 0
8, 2020864, Note_on_c, 4, 62, 110
8, 2020864, Note_on_c, 4, 67, 110
8, 2021612, Note_on_c, 4, 62, 0
8, 2021612, Note_on_c, 4, 67, 0
8, 2022400, Note_on_c, 4, 62, 109
8, 2022400, Note_on_c, 4, 66, 109
8, 2023148, Note_on_c, 4, 62, 0
8, 2023148, Note_on_c, 4, 66, 0
8, 2023936, Note_on_c, 4, 62, 109
8, 2023936, Note_on_c, 4, 64, 109
8, 2024684, Note_on_c, 4, 62, 0
8, 2024684, Note_on_c, 4, 64, 0
8, 2025472, Note_on_c, 4, 54, 108
8, 2025472, Note_on_c, 4, 62, 108
8, 2026220, Note_on_c, 4, 54, 0
8, 2026220, Note_on_c, 4, 62, 0
8, 2027008, Note_on_c, 4, 54, 107
8, 2027008, Note_on_c, 4, 62, 107
8, 2027756, Note_on_c, 4, 54, 0
8, 2027756, Note_on_c, 4, 62, 0
8, 2028544, Note_on_c, 4, 57, 106
8, 2028544, Note_on_c, 4, 64, 106
8, 2029292, Note_on_c, 4, 57, 0
8, 2029292, Note_on_c, 4, 64, 0
8, 2030080, Note_on_c, 4, 62, 106
8, 2030080, Note_on_c, 4, 66, 106
8, 2030828, Note_on_c, 4, 62, 0
8, 2030828, Note_on_c, 4, 66, 0
8, 2031616, Note_on_c, 4, 57, 105
8, 2031616, Note_on_c, 4, 64, 105
8, 2032364, Note_on_c, 4, 57, 0
8, 2032364, Note_on_c, 4, 64, 0
8, 2034176, Note_on_c, 4, 54, 104
8, 2034176, Note_on_c, 4, 62, 104
8, 2034432, Note_on_c, 4, 54, 0
8, 2034432, Note_on_c, 4, 62, 0
8, 2034688, Note_on_c, 4, 54, 104
8, 2034688, Note_on_c, 4, 62, 104
8, 2035436, Note_on_c, 4, 54, 0
8, 2035436, Note_on_c, 4, 62, 0
8, 2036224, Note_on_c, 4, 66, 104
8, 2036224, Note_on_c, 4, 69, 104
8, 2036972, Note_on_c, 4, 66, 0
8, 2036972, Note_on_c, 4, 69, 0
8, 2037760, Note_on_c, 4, 64, 118
8, 2037760, Note_on_c, 4, 67, 118
8, 2038508, Note_on_c, 4, 64, 0
8, 2038508, Note_on_c, 4, 67, 0
8, 2040320, Note_on_c, 4, 62, 104
8, 2040320, Note_on_c, 4, 66, 104
8, 2040576, Note_on_c, 4, 62, 0
8, 2040576, Note_on_c, 4, 66, 0
8, 2040832, Note_on_c, 4, 62, 104
8, 2040832, Note_on_c, 4, 66, 104
8, 2041580, Note_on_c, 4, 62, 0
8, 2041580, Note_on_c, 4, 66, 0
8, 2042368, Note_on_c, 4, 50, 104
8, 2042368, Note_on_c, 4, 62, 104
8, 2043116, Note_on_c, 4, 50, 0
8, 2043116, Note_on_c, 4, 62, 0
8, 2043904, Note_on_c, 4, 66, 118
8, 2043904, Note_on_c, 4, 69, 118
8, 2044652, Note_on_c, 4, 66, 0
8, 2044652, Note_on_c, 4, 69, 0
8, 2046464, Note_on_c, 4, 67, 111
8, 2046720, Note_on_c, 4, 67, 0
8, 2046976, Note_on_c, 4, 67, 113
8, 2047724, Note_on_c, 4, 67, 0
8, 2050048, Control_c, 4, 121, 127
8, 2050048, End_track
9, 0, Start_track
9, 0, Title_t, "Horn III,IV"
9, 0, Program_c, 4, 60
9, 2048, Note_on_c, 4, 41, 105
9, 2048, Note_on_c, 4, 53, 105
9, 9472, Note_on_c, 4, 41, 0
9, 9472, Note_on_c, 4, 53, 0
9, 9728, Note_on_c, 4, 53, 98
9, 9728, Note_on_c, 4, 65, 98
9, 9984, Note_on_c, 4, 53, 0
9, 9984, Note_on_c, 4, 65, 0
9, 10240, Note_on_c, 4, 53, 99
9, 10240, Note_on_c, 4, 65, 99
9, 10496, Note_on_c, 4, 53, 0
9, 10496, Note_on_c, 4, 65, 0
9, 11776, Note_on_c, 4, 50, 100
9, 11776, Note_on_c, 4, 62, 100
9, 12032, Note_on_c, 4, 50, 0
9, 12032, Note_on_c, 4, 62, 0
9, 12288, Note_on_c, 4, 50, 100
9, 12288, Note_on_c, 4, 62, 100
9, 13107, Note_on_c, 4, 50, 0
9, 13107, Note_on_c, 4, 62, 0
9, 14848, Note_on_c, 4, 50, 102
9, 14848, Note_on_c, 4, 62, 102
9, 15104, Note_on_c, 4, 50, 0
9, 15104, Note_on_c, 4, 62, 0
9, 15360, Note_on_c, 4, 50, 99
9, 15360, Note_on_c, 4, 62, 99
9, 15616, Note_on_c, 4, 50, 0
9, 15616, Note_on_c, 4, 62, 0
9, 15872, Note_on_c, 4, 50, 100
9, 15872, Note_on_c, 4, 62, 100
9, 16128, Note_on_c, 4, 50, 0
9, 16128, Note_on_c, 4, 62, 0
9, 16384, Note_on_c, 4, 50, 102
9, 16384, Note_on_c, 4, 62, 102
9, 16640, Note_on_c, 4, 50, 0
9, 16640, Note_on_c, 4, 62, 0
9, 16896, Note_on_c, 4, 50, 104
9, 16896, Note_on_c, 4, 62, 104
9, 17152, Note_on_c, 4, 50, 0
9, 17152, Note_on_c, 4, 62, 0
9, 17408, Note_on_c, 4, 50, 105
9, 17408, Note_on_c, 4, 62, 105
9, 17664, Note_on_c, 4, 50, 0
9, 17664, Note_on_c, 4, 62, 0
9, 17920, Note_on_c, 4, 50, 107
9, 17920, Note_on_c, 4, 62, 107
9, 18176, Note_on_c, 4, 50, 0
9, 18176, Note_on_c, 4, 62, 0
9, 18432, Note_on_c, 4, 50, 109
9, 18432, Note_on_c, 4, 62, 109
9, 18688, Note_on_c, 4, 50, 0
9, 18688, Note_on_c, 4, 62, 0
9, 18944, Note_on_c, 4, 50, 111
9, 18944, Note_on_c, 4, 62, 111
9, 19200, Note_on_c, 4, 50, 0
9, 19200, Note_on_c, 4, 62, 0
9, 19456, Note_on_c, 4, 50, 112
9, 19456, Note_on_c, 4, 62, 112
9, 19712, Note_on_c, 4, 50, 0
9, 19712, Note_on_c, 4, 62, 0
9, 19968, Note_on_c, 4, 50, 114
9, 19968, Note_on_c, 4, 62, 114
9, 20224, Note_on_c, 4, 50, 0
9, 20224, Note_on_c, 4, 62, 0
9, 20480, Note_on_c, 4, 50, 116
9, 20480, Note_on_c, 4, 62, 116
9, 20736, Note_on_c, 4, 50, 0
9, 20736, Note_on_c, 4, 62, 0
9, 20992, Note_on_c, 4, 50, 117
9, 20992, Note_on_c, 4, 62, 117
9, 21248, Note_on_c, 4, 50, 0
9, 21248, Note_on_c, 4, 62, 0
9, 21504, Note_on_c, 4, 50, 119
9, 21504, Note_on_c, 4, 62, 119
9, 22016, Note_on_c, 4, 50, 0
9, 22016, Note_on_c, 4, 62, 0
9, 54272, Note_on_c, 4, 60, 104
9, 54272, Note_on_c, 4, 63, 104
9, 62259, Note_on_c, 4, 60, 0
9, 62259, Note_on_c, 4, 63, 0
9, 62464, Note_on_c, 4, 60, 96
9, 62464, Note_on_c, 4, 63, 96
9, 63283, Note_on_c, 4, 60, 0
9, 63283, Note_on_c, 4, 63, 0
9, 63488, Note_on_c, 4, 60, 97
9, 63488, Note_on_c, 4, 63, 97
9, 64307, Note_on_c, 4, 60, 0
9, 64307, Note_on_c, 4, 63, 0
9, 64512, Note_on_c, 4, 60, 98
9, 64512, Note_on_c, 4, 63, 98
9, 64768, Note_on_c, 4, 60, 0
9, 64768, Note_on_c, 4, 63, 0
9, 76288, Note_on_c, 4, 53, 110
9, 76288, Note_on_c, 4, 60, 110
9, 76544, Note_on_c, 4, 53, 0
9, 76544, Note_on_c, 4, 60, 0
9, 76800, Note_on_c, 4, 53, 110
9, 76800, Note_on_c, 4, 60, 110
9, 77210, Note_on_c, 4, 53, 0
9, 77210, Note_on_c, 4, 60, 0
9, 186368, Note_on_c, 4, 53, 44
9, 186368, Note_on_c, 4, 65, 44
9, 187392, Note_on_c, 4, 53, 0
9, 187392, Note_on_c, 4, 65, 0
9, 187392, Note_on_c, 4, 53, 44
9, 187392, Note_on_c, 4, 65, 44
9, 189440, Note_on_c, 4, 53, 0
9, 189440, Note_on_c, 4, 65, 0
9, 189440, Note_on_c, 4, 53, 44
9, 189440, Note_on_c, 4, 65, 44
9, 191488, Note_on_c, 4, 53, 0
9, 191488, Note_on_c, 4, 65, 0
9, 191488, Note_on_c, 4, 53, 43
9, 191488, Note_on_c, 4, 65, 43
9, 193536, Note_on_c, 4, 53, 0
9, 193536, Note_on_c, 4, 65, 0
9, 193536, Note_on_c, 4, 53, 40
9, 193536, Note_on_c, 4, 60, 40
9, 194560, Note_on_c, 4, 53, 0
9, 194560, Note_on_c, 4, 60, 0
9, 194560, Note_on_c, 4, 53, 34
9, 194560, Note_on_c, 4, 58, 34
9, 195072, Note_on_c, 4, 53, 0
9, 195072, Note_on_c, 4, 58, 0
9, 760320, Note_on_c, 4, 41, 116
9, 760320, Note_on_c, 4, 53, 116
9, 767744, Note_on_c, 4, 41, 0
9, 767744, Note_on_c, 4, 53, 0
9, 768000, Note_on_c, 4, 53, 104
9, 768000, Note_on_c, 4, 65, 104
9, 768256, Note_on_c, 4, 53, 0
9, 768256, Note_on_c, 4, 65, 0
9, 768512, Note_on_c, 4, 53, 105
9, 768512, Note_on_c, 4, 65, 105
9, 768768, Note_on_c, 4, 53, 0
9, 768768, Note_on_c, 4, 65, 0
9, 770048, Note_on_c, 4, 50, 107
9, 770048, Note_on_c, 4, 62, 107
9, 770304, Note_on_c, 4, 50, 0
9, 770304, Note_on_c, 4, 62, 0
9, 770560, Note_on_c, 4, 50, 107
9, 770560, Note_on_c, 4, 62, 107
9, 771379, Note_on_c, 4, 50, 0
9, 771379, Note_on_c, 4, 62, 0
9, 773120, Note_on_c, 4, 50, 110
9, 773120, Note_on_c, 4, 62, 110
9, 773376, Note_on_c, 4, 50, 0
9, 773376, Note_on_c, 4, 62, 0
9, 773632, Note_on_c, 4, 50, 111
9, 773632, Note_on_c, 4, 62, 111
9, 773888, Note_on_c, 4, 50, 0
9, 773888, Note_on_c, 4, 62, 0
9, 774144, Note_on_c, 4, 50, 112
9, 774144, Note_on_c, 4, 62, 112
9, 774400, Note_on_c, 4, 50, 0
9, 774400, Note_on_c, 4, 62, 0
9, 774656, Note_on_c, 4, 50, 112
9, 774656, Note_on_c, 4, 62, 112
9, 774912, Note_on_c, 4, 50, 0
9, 774912, Note_on_c, 4, 62, 0
9, 775168, Note_on_c, 4, 50, 113
9, 775168, Note_on_c, 4, 62, 113
9, 775424, Note_on_c, 4, 50, 0
9, 775424, Note_on_c, 4, 62, 0
9, 775680, Note_on_c, 4, 50, 113
9, 775680, Note_on_c, 4, 62, 113
9, 775936, Note_on_c, 4, 50, 0
9, 775936, Note_on_c, 4, 62, 0
9, 776192, Note_on_c, 4, 50, 114
9, 776192, Note_on_c, 4, 62, 114
9, 776448, Note_on_c, 4, 50, 0
9, 776448, Note_on_c, 4, 62, 0
9, 776704, Note_on_c, 4, 50, 115
9, 776704, Note_on_c, 4, 62, 115
9, 776960, Note_on_c, 4, 50, 0
9, 776960, Note_on_c, 4, 62, 0
9, 777216, Note_on_c, 4, 50, 115
9, 777216, Note_on_c, 4, 62, 115
9, 777472, Note_on_c, 4, 50, 0
9, 777472, Note_on_c, 4, 62, 0
9, 777728, Note_on_c, 4, 50, 116
9, 777728, Note_on_c, 4, 62, 116
9, 777984, Note_on_c, 4, 50, 0
9, 777984, Note_on_c, 4, 62, 0
9, 778240, Note_on_c, 4, 50, 116
9, 778240, Note_on_c, 4, 62, 116
9, 778496, Note_on_c, 4, 50, 0
9, 778496, Note_on_c, 4, 62, 0
9, 778752, Note_on_c, 4, 50, 117
9, 778752, Note_on_c, 4, 62, 117
9, 779008, Note_on_c, 4, 50, 0
9, 779008, Note_on_c, 4, 62, 0
9, 779264, Note_on_c, 4, 50, 117
9, 779264, Note_on_c, 4, 62, 117
9, 779520, Note_on_c, 4, 50, 0
9, 779520, Note_on_c, 4, 62, 0
9, 779776, Note_on_c, 4, 50, 118
9, 779776, Note_on_c, 4, 62, 118
9, 780288, Note_on_c, 4, 50, 0
9, 780288, Note_on_c, 4, 62, 0
9, 1229824, Note_on_c, 4, 53, 122
9, 1229824, Note_on_c, 4, 65, 122
9, 1238016, Note_on_c, 4, 53, 0
9, 1238016, Note_on_c, 4, 65, 0
9, 1265152, Note_on_c, 4, 46, 29
9, 1265152, Note_on_c, 4, 58, 29
9, 1265900, Note_on_c, 4, 46, 0
9, 1265900, Note_on_c, 4, 58, 0
9, 1268224, Note_on_c, 4, 46, 29
9, 1268224, Note_on_c, 4, 58, 29
9, 1268972, Note_on_c, 4, 46, 0
9, 1268972, Note_on_c, 4, 58, 0
9, 1271296, Note_on_c, 4, 46, 29
9, 1271296, Note_on_c, 4, 58, 29
9, 1272044, Note_on_c, 4, 46, 0
9, 1272044, Note_on_c, 4, 58, 0
9, 1274368, Note_on_c, 4, 46, 29
9, 1274368, Note_on_c, 4, 58, 29
9, 1275116, Note_on_c, 4, 46, 0
9, 1275116, Note_on_c, 4, 58, 0
9, 1276928, Note_on_c, 4, 58, 34
9, 1276928, Note_on_c, 4, 62, 34
9, 1277302, Note_on_c, 4, 58, 0
9, 1277302, Note_on_c, 4, 62, 0
9, 1277440, Note_on_c, 4, 58, 34
9, 1277440, Note_on_c, 4, 62, 34
9, 1279724, Note_on_c, 4, 58, 0
9, 1279724, Note_on_c, 4, 62, 0
9, 1280000, Note_on_c, 4, 60, 34
9, 1280000, Note_on_c, 4, 63, 34
9, 1280374, Note_on_c, 4, 60, 0
9, 1280374, Note_on_c, 4, 63, 0
9, 1280512, Note_on_c, 4, 62, 34
9, 1280512, Note_on_c, 4, 65, 34
9, 1282796, Note_on_c, 4, 62, 0
9, 1282796, Note_on_c, 4, 65, 0
9, 1283072, Note_on_c, 4, 62, 35
9, 1283072, Note_on_c, 4, 65, 35
9, 1283446, Note_on_c, 4, 62, 0
9, 1283446, Note_on_c, 4, 65, 0
9, 1283584, Note_on_c, 4, 60, 35
9, 1283584, Note_on_c, 4, 63, 35
9, 1285868, Note_on_c, 4, 60, 0
9, 1285868, Note_on_c, 4, 63, 0
9, 1286144, Note_on_c, 4, 58, 35
9, 1286144, Note_on_c, 4, 62, 35
9, 1286518, Note_on_c, 4, 58, 0
9, 1286518, Note_on_c, 4, 62, 0
9, 1286656, Note_on_c, 4, 53, 35
9, 1286656, Note_on_c, 4, 60, 35
9, 1288940, Note_on_c, 4, 53, 0
9, 1288940, Note_on_c, 4, 60, 0
9, 1289216, Note_on_c, 4, 50, 36
9, 1289216, Note_on_c, 4, 58, 36
9, 1289590, Note_on_c, 4, 50, 0
9, 1289590, Note_on_c, 4, 58, 0
9, 1289728, Note_on_c, 4, 50, 36
9, 1289728, Note_on_c, 4, 58, 36
9, 1292012, Note_on_c, 4, 50, 0
9, 1292012, Note_on_c, 4, 58, 0
9, 1292288, Note_on_c, 4, 53, 36
9, 1292288, Note_on_c, 4, 60, 36
9, 1292662, Note_on_c, 4, 53, 0
9, 1292662, Note_on_c, 4, 60, 0
9, 1292800, Note_on_c, 4, 58, 36
9, 1292800, Note_on_c, 4, 62, 36
9, 1295084, Note_on_c, 4, 58, 0
9, 1295084, Note_on_c, 4, 62, 0
9, 1295360, Note_on_c, 4, 58, 37
9, 1295360, Note_on_c, 4, 62, 37
9, 1295734, Note_on_c, 4, 58, 0
9, 1295734, Note_on_c, 4, 62, 0
9, 1295872, Note_on_c, 4, 53, 37
9, 1295872, Note_on_c, 4, 60, 37
9, 1298156, Note_on_c, 4, 53, 0
9, 1298156, Note_on_c, 4, 60, 0
9, 1298432, Note_on_c, 4, 50, 37
9, 1298432, Note_on_c, 4, 58, 37
9, 1298806, Note_on_c, 4, 50, 0
9, 1298806, Note_on_c, 4, 58, 0
9, 1298944, Note_on_c, 4, 53, 37
9, 1298944, Note_on_c, 4, 60, 37
9, 1301228, Note_on_c, 4, 53, 0
9, 1301228, Note_on_c, 4, 60, 0
9, 1301504, Note_on_c, 4, 58, 38
9, 1301504, Note_on_c, 4, 62, 38
9, 1301878, Note_on_c, 4, 58, 0
9, 1301878, Note_on_c, 4, 62, 0
9, 1302016, Note_on_c, 4, 58, 38
9, 1302016, Note_on_c, 4, 62, 38
9, 1304300, Note_on_c, 4, 58, 0
9, 1304300, Note_on_c, 4, 62, 0
9, 1304576, Note_on_c, 4, 60, 38
9, 1304576, Note_on_c, 4, 63, 38
9, 1304950, Note_on_c, 4, 60, 0
9, 1304950, Note_on_c, 4, 63, 0
9, 1305088, Note_on_c, 4, 62, 38
9, 1305088, Note_on_c, 4, 65, 38
9, 1307372, Note_on_c, 4, 62, 0
9, 1307372, Note_on_c, 4, 65, 0
9, 1307648, Note_on_c, 4, 62, 39
9, 1307648, Note_on_c, 4, 65, 39
9, 1308022, Note_on_c, 4, 62, 0
9, 1308022, Note_on_c, 4, 65, 0
9, 1308160, Note_on_c, 4, 60, 38
9, 1308160, Note_on_c, 4, 63, 38
9, 1310444, Note_on_c, 4, 60, 0
9, 1310444, Note_on_c, 4, 63, 0
9, 1310720, Note_on_c, 4, 58, 37
9, 1310720, Note_on_c, 4, 62, 37
9, 1311094, Note_on_c, 4, 58, 0
9, 1311094, Note_on_c, 4, 62, 0
9, 1311232, Note_on_c, 4, 53, 37
9, 1311232, Note_on_c, 4, 60, 37
9, 1313516, Note_on_c, 4, 53, 0
9, 1313516, Note_on_c, 4, 60, 0
9, 1313792, Note_on_c, 4, 50, 36
9, 1313792, Note_on_c, 4, 58, 36
9, 1314166, Note_on_c, 4, 50, 0
9, 1314166, Note_on_c, 4, 58, 0
9, 1314304, Note_on_c, 4, 50, 35
9, 1314304, Note_on_c, 4, 58, 35
9, 1316588, Note_on_c, 4, 50, 0
9, 1316588, Note_on_c, 4, 58, 0
9, 1316864, Note_on_c, 4, 53, 34
9, 1316864, Note_on_c, 4, 60, 34
9, 1317238, Note_on_c, 4, 53, 0
9, 1317238, Note_on_c, 4, 60, 0
9, 1317376, Note_on_c, 4, 58, 34
9, 1317376, Note_on_c, 4, 62, 34
9, 1319660, Note_on_c, 4, 58, 0
9, 1319660, Note_on_c, 4, 62, 0
9, 1319936, Note_on_c, 4, 53, 33
9, 1319936, Note_on_c, 4, 60, 33
9, 1320310, Note_on_c, 4, 53, 0
9, 1320310, Note_on_c, 4, 60, 0
9, 1320448, Note_on_c, 4, 53, 32
9, 1320448, Note_on_c, 4, 60, 32
9, 1321196, Note_on_c, 4, 53, 0
9, 1321196, Note_on_c, 4, 60, 0
9, 1321472, Note_on_c, 4, 50, 32
9, 1321472, Note_on_c, 4, 58, 32
9, 1321846, Note_on_c, 4, 50, 0
9, 1321846, Note_on_c, 4, 58, 0
9, 1321984, Note_on_c, 4, 50, 32
9, 1321984, Note_on_c, 4, 58, 32
9, 1322732, Note_on_c, 4, 50, 0
9, 1322732, Note_on_c, 4, 58, 0
9, 1326080, Note_on_c, 4, 53, 31
9, 1326080, Note_on_c, 4, 60, 31
9, 1326454, Note_on_c, 4, 53, 0
9, 1326454, Note_on_c, 4, 60, 0
9, 1326592, Note_on_c, 4, 53, 31
9, 1326592, Note_on_c, 4, 60, 31
9, 1329664, Note_on_c, 4, 53, 0
9, 1329664, Note_on_c, 4, 60, 0
9, 1329664, Note_on_c, 4, 58, 31
9, 1329664, Note_on_c, 4, 62, 31
9, 1330412, Note_on_c, 4, 58, 0
9, 1330412, Note_on_c, 4, 62, 0
9, 1330688, Note_on_c, 4, 50, 31
9, 1330688, Note_on_c, 4, 58, 31
9, 1331062, Note_on_c, 4, 50, 0
9, 1331062, Note_on_c, 4, 58, 0
9, 1331200, Note_on_c, 4, 53, 31
9, 1331200, Note_on_c, 4, 60, 31
9, 1331948, Note_on_c, 4, 53, 0
9, 1331948, Note_on_c, 4, 60, 0
9, 1332224, Note_on_c, 4, 53, 31
9, 1332224, Note_on_c, 4, 60, 31
9, 1332598, Note_on_c, 4, 53, 0
9, 1332598, Note_on_c, 4, 60, 0
9, 1332736, Note_on_c, 4, 53, 31
9, 1332736, Note_on_c, 4, 60, 31
9, 1335296, Note_on_c, 4, 53, 0
9, 1335296, Note_on_c, 4, 60, 0
9, 1335296, Note_on_c, 4, 60, 31
9, 1335296, Note_on_c, 4, 63, 31
9, 1335670, Note_on_c, 4, 60, 0
9, 1335670, Note_on_c, 4, 63, 0
9, 1335808, Note_on_c, 4, 58, 32
9, 1335808, Note_on_c, 4, 62, 32
9, 1336556, Note_on_c, 4, 58, 0
9, 1336556, Note_on_c, 4, 62, 0
9, 1336832, Note_on_c, 4, 50, 32
9, 1336832, Note_on_c, 4, 58, 32
9, 1337206, Note_on_c, 4, 50, 0
9, 1337206, Note_on_c, 4, 58, 0
9, 1337344, Note_on_c, 4, 53, 33
9, 1337344, Note_on_c, 4, 60, 33
9, 1338092, Note_on_c, 4, 53, 0
9, 1338092, Note_on_c, 4, 60, 0
9, 1338368, Note_on_c, 4, 60, 33
9, 1338368, Note_on_c, 4, 63, 33
9, 1338742, Note_on_c, 4, 60, 0
9, 1338742, Note_on_c, 4, 63, 0
9, 1338880, Note_on_c, 4, 58, 34
9, 1338880, Note_on_c, 4, 62, 34
9, 1339628, Note_on_c, 4, 58, 0
9, 1339628, Note_on_c, 4, 62, 0
9, 1339904, Note_on_c, 4, 50, 34
9, 1339904, Note_on_c, 4, 58, 34
9, 1340278, Note_on_c, 4, 50, 0
9, 1340278, Note_on_c, 4, 58, 0
9, 1340416, Note_on_c, 4, 53, 35
9, 1340416, Note_on_c, 4, 60, 35
9, 1341164, Note_on_c, 4, 53, 0
9, 1341164, Note_on_c, 4, 60, 0
9, 1341440, Note_on_c, 4, 60, 35
9, 1341440, Note_on_c, 4, 63, 35
9, 1341814, Note_on_c, 4, 60, 0
9, 1341814, Note_on_c, 4, 63, 0
9, 1341952, Note_on_c, 4, 58, 35
9, 1341952, Note_on_c, 4, 62, 35
9, 1342700, Note_on_c, 4, 58, 0
9, 1342700, Note_on_c, 4, 62, 0
9, 1342976, Note_on_c, 4, 53, 36
9, 1342976, Note_on_c, 4, 60, 36
9, 1343350, Note_on_c, 4, 53, 0
9, 1345024, Note_on_c, 4, 60, 0
9, 1345024, Note_on_c, 4, 60, 35
9, 1345772, Note_on_c, 4, 60, 0
9, 1346048, Note_on_c, 4, 60, 34
9, 1346422, Note_on_c, 4, 60, 0
9, 1346560, Note_on_c, 4, 53, 33
9, 1346560, Note_on_c, 4, 65, 33
9, 1347308, Note_on_c, 4, 53, 0
9, 1347308, Note_on_c, 4, 65, 0
9, 1347584, Note_on_c, 4, 53, 34
9, 1347584, Note_on_c, 4, 65, 34
9, 1347958, Note_on_c, 4, 53, 0
9, 1347958, Note_on_c, 4, 65, 0
9, 1348096, Note_on_c, 4, 53, 36
9, 1348096, Note_on_c, 4, 65, 36
9, 1348844, Note_on_c, 4, 53, 0
9, 1348844, Note_on_c, 4, 65, 0
9, 1349120, Note_on_c, 4, 53, 39
9, 1349120, Note_on_c, 4, 65, 39
9, 1349494, Note_on_c, 4, 53, 0
9, 1349494, Note_on_c, 4, 65, 0
9, 1349632, Note_on_c, 4, 53, 40
9, 1349632, Note_on_c, 4, 65, 40
9, 1350380, Note_on_c, 4, 53, 0
9, 1350380, Note_on_c, 4, 65, 0
9, 1350656, Note_on_c, 4, 46, 40
9, 1350656, Note_on_c, 4, 58, 40
9, 1351030, Note_on_c, 4, 46, 0
9, 1351030, Note_on_c, 4, 58, 0
9, 1351168, Note_on_c, 4, 46, 40
9, 1351168, Note_on_c, 4, 58, 40
9, 1353452, Note_on_c, 4, 46, 0
9, 1353452, Note_on_c, 4, 58, 0
9, 1353728, Note_on_c, 4, 46, 40
9, 1353728, Note_on_c, 4, 58, 40
9, 1354102, Note_on_c, 4, 46, 0
9, 1354102, Note_on_c, 4, 58, 0
9, 1354240, Note_on_c, 4, 46, 40
9, 1354240, Note_on_c, 4, 58, 40
9, 1356524, Note_on_c, 4, 46, 0
9, 1356524, Note_on_c, 4, 58, 0
9, 1356800, Note_on_c, 4, 46, 40
9, 1356800, Note_on_c, 4, 58, 40
9, 1357174, Note_on_c, 4, 46, 0
9, 1357174, Note_on_c, 4, 58, 0
9, 1357312, Note_on_c, 4, 46, 40
9, 1357312, Note_on_c, 4, 58, 40
9, 1359596, Note_on_c, 4, 46, 0
9, 1359596, Note_on_c, 4, 58, 0
9, 1359872, Note_on_c, 4, 46, 40
9, 1359872, Note_on_c, 4, 58, 40
9, 1360246, Note_on_c, 4, 46, 0
9, 1360246, Note_on_c, 4, 58, 0
9, 1360384, Note_on_c, 4, 46, 40
9, 1360384, Note_on_c, 4, 58, 40
9, 1362668, Note_on_c, 4, 46, 0
9, 1362668, Note_on_c, 4, 58, 0
9, 1362944, Note_on_c, 4, 50, 41
9, 1362944, Note_on_c, 4, 58, 41
9, 1363318, Note_on_c, 4, 50, 0
9, 1363318, Note_on_c, 4, 58, 0
9, 1363456, Note_on_c, 4, 50, 40
9, 1363456, Note_on_c, 4, 58, 40
9, 1365740, Note_on_c, 4, 50, 0
9, 1365740, Note_on_c, 4, 58, 0
9, 1366016, Note_on_c, 4, 53, 37
9, 1366016, Note_on_c, 4, 60, 37
9, 1366390, Note_on_c, 4, 53, 0
9, 1366390, Note_on_c, 4, 60, 0
9, 1366528, Note_on_c, 4, 58, 37
9, 1366528, Note_on_c, 4, 62, 37
9, 1368812, Note_on_c, 4, 58, 0
9, 1368812, Note_on_c, 4, 62, 0
9, 1369088, Note_on_c, 4, 53, 34
9, 1369088, Note_on_c, 4, 60, 34
9, 1369462, Note_on_c, 4, 53, 0
9, 1369462, Note_on_c, 4, 60, 0
9, 1369600, Note_on_c, 4, 53, 33
9, 1369600, Note_on_c, 4, 60, 33
9, 1370348, Note_on_c, 4, 53, 0
9, 1370348, Note_on_c, 4, 60, 0
9, 1370624, Note_on_c, 4, 50, 32
9, 1370624, Note_on_c, 4, 58, 32
9, 1370998, Note_on_c, 4, 50, 0
9, 1370998, Note_on_c, 4, 58, 0
9, 1371136, Note_on_c, 4, 50, 32
9, 1371136, Note_on_c, 4, 58, 32
9, 1371884, Note_on_c, 4, 50, 0
9, 1371884, Note_on_c, 4, 58, 0
9, 1375232, Note_on_c, 4, 58, 32
9, 1375232, Note_on_c, 4, 62, 32
9, 1375606, Note_on_c, 4, 58, 0
9, 1375606, Note_on_c, 4, 62, 0
9, 1375744, Note_on_c, 4, 58, 32
9, 1375744, Note_on_c, 4, 62, 32
9, 1378028, Note_on_c, 4, 58, 0
9, 1378028, Note_on_c, 4, 62, 0
9, 1378304, Note_on_c, 4, 60, 33
9, 1378304, Note_on_c, 4, 63, 33
9, 1378678, Note_on_c, 4, 60, 0
9, 1378678, Note_on_c, 4, 63, 0
9, 1378816, Note_on_c, 4, 62, 33
9, 1378816, Note_on_c, 4, 65, 33
9, 1381100, Note_on_c, 4, 62, 0
9, 1381100, Note_on_c, 4, 65, 0
9, 1381376, Note_on_c, 4, 62, 34
9, 1381376, Note_on_c, 4, 65, 34
9, 1381750, Note_on_c, 4, 62, 0
9, 1381750, Note_on_c, 4, 65, 0
9, 1381888, Note_on_c, 4, 60, 34
9, 1381888, Note_on_c, 4, 63, 34
9, 1384172, Note_on_c, 4, 60, 0
9, 1384172, Note_on_c, 4, 63, 0
9, 1384448, Note_on_c, 4, 58, 34
9, 1384448, Note_on_c, 4, 62, 34
9, 1384822, Note_on_c, 4, 58, 0
9, 1384822, Note_on_c, 4, 62, 0
9, 1384960, Note_on_c, 4, 53, 35
9, 1384960, Note_on_c, 4, 60, 35
9, 1387244, Note_on_c, 4, 53, 0
9, 1387244, Note_on_c, 4, 60, 0
9, 1387520, Note_on_c, 4, 50, 35
9, 1387520, Note_on_c, 4, 58, 35
9, 1387894, Note_on_c, 4, 50, 0
9, 1387894, Note_on_c, 4, 58, 0
9, 1388032, Note_on_c, 4, 50, 36
9, 1388032, Note_on_c, 4, 58, 36
9, 1390316, Note_on_c, 4, 50, 0
9, 1390316, Note_on_c, 4, 58, 0
9, 1390592, Note_on_c, 4, 53, 36
9, 1390592, Note_on_c, 4, 60, 36
9, 1390966, Note_on_c, 4, 53, 0
9, 1390966, Note_on_c, 4, 60, 0
9, 1391104, Note_on_c, 4, 58, 37
9, 1391104, Note_on_c, 4, 62, 37
9, 1393388, Note_on_c, 4, 58, 0
9, 1393388, Note_on_c, 4, 62, 0
9, 1393664, Note_on_c, 4, 58, 37
9, 1393664, Note_on_c, 4, 62, 37
9, 1394038, Note_on_c, 4, 58, 0
9, 1394038, Note_on_c, 4, 62, 0
9, 1394176, Note_on_c, 4, 53, 37
9, 1394176, Note_on_c, 4, 60, 37
9, 1396460, Note_on_c, 4, 53, 0
9, 1396460, Note_on_c, 4, 60, 0
9, 1396736, Note_on_c, 4, 50, 38
9, 1396736, Note_on_c, 4, 58, 38
9, 1397110, Note_on_c, 4, 50, 0
9, 1397110, Note_on_c, 4, 58, 0
9, 1397248, Note_on_c, 4, 53, 38
9, 1397248, Note_on_c, 4, 60, 38
9, 1399532, Note_on_c, 4, 53, 0
9, 1399532, Note_on_c, 4, 60, 0
9, 1399808, Note_on_c, 4, 58, 39
9, 1399808, Note_on_c, 4, 62, 39
9, 1400182, Note_on_c, 4, 58, 0
9, 1400182, Note_on_c, 4, 62, 0
9, 1400320, Note_on_c, 4, 58, 39
9, 1400320, Note_on_c, 4, 62, 39
9, 1402604, Note_on_c, 4, 58, 0
9, 1402604, Note_on_c, 4, 62, 0
9, 1402880, Note_on_c, 4, 60, 39
9, 1402880, Note_on_c, 4, 63, 39
9, 1403254, Note_on_c, 4, 60, 0
9, 1403254, Note_on_c, 4, 63, 0
9, 1403392, Note_on_c, 4, 62, 39
9, 1403392, Note_on_c, 4, 65, 39
9, 1405676, Note_on_c, 4, 62, 0
9, 1405676, Note_on_c, 4, 65, 0
9, 1405952, Note_on_c, 4, 62, 39
9, 1405952, Note_on_c, 4, 65, 39
9, 1406326, Note_on_c, 4, 62, 0
9, 1406326, Note_on_c, 4, 65, 0
9, 1406464, Note_on_c, 4, 60, 39
9, 1406464, Note_on_c, 4, 63, 39
9, 1408748, Note_on_c, 4, 60, 0
9, 1408748, Note_on_c, 4, 63, 0
9, 1409024, Note_on_c, 4, 58, 38
9, 1409024, Note_on_c, 4, 62, 38
9, 1409398, Note_on_c, 4, 58, 0
9, 1409398, Note_on_c, 4, 62, 0
9, 1409536, Note_on_c, 4, 53, 37
9, 1409536, Note_on_c, 4, 60, 37
9, 1411820, Note_on_c, 4, 53, 0
9, 1411820, Note_on_c, 4, 60, 0
9, 1412096, Note_on_c, 4, 50, 36
9, 1412096, Note_on_c, 4, 58, 36
9, 1412470, Note_on_c, 4, 50, 0
9, 1412470, Note_on_c, 4, 58, 0
9, 1412608, Note_on_c, 4, 50, 36
9, 1412608, Note_on_c, 4, 58, 36
9, 1414892, Note_on_c, 4, 50, 0
9, 1414892, Note_on_c, 4, 58, 0
9, 1415168, Note_on_c, 4, 53, 34
9, 1415168, Note_on_c, 4, 60, 34
9, 1415542, Note_on_c, 4, 53, 0
9, 1415542, Note_on_c, 4, 60, 0
9, 1415680, Note_on_c, 4, 58, 34
9, 1415680, Note_on_c, 4, 62, 34
9, 1417964, Note_on_c, 4, 58, 0
9, 1417964, Note_on_c, 4, 62, 0
9, 1418240, Note_on_c, 4, 53, 30
9, 1418240, Note_on_c, 4, 60, 30
9, 1418614, Note_on_c, 4, 53, 0
9, 1418614, Note_on_c, 4, 60, 0
9, 1418752, Note_on_c, 4, 53, 30
9, 1418752, Note_on_c, 4, 60, 30
9, 1419500, Note_on_c, 4, 53, 0
9, 1419500, Note_on_c, 4, 60, 0
9, 1419776, Note_on_c, 4, 50, 30
9, 1419776, Note_on_c, 4, 58, 30
9, 1420150, Note_on_c, 4, 50, 0
9, 1420150, Note_on_c, 4, 58, 0
9, 1420288, Note_on_c, 4, 50, 30
9, 1420288, Note_on_c, 4, 58, 30
9, 1421036, Note_on_c, 4, 50, 0
9, 1421036, Note_on_c, 4, 58, 0
9, 1424384, Note_on_c, 4, 53, 30
9, 1424384, Note_on_c, 4, 60, 30
9, 1424758, Note_on_c, 4, 53, 0
9, 1424758, Note_on_c, 4, 60, 0
9, 1424896, Note_on_c, 4, 53, 30
9, 1424896, Note_on_c, 4, 60, 30
9, 1427968, Note_on_c, 4, 53, 0
9, 1427968, Note_on_c, 4, 60, 0
9, 1427968, Note_on_c, 4, 58, 33
9, 1427968, Note_on_c, 4, 62, 33
9, 1428716, Note_on_c, 4, 58, 0
9, 1428716, Note_on_c, 4, 62, 0
9, 1428992, Note_on_c, 4, 50, 33
9, 1428992, Note_on_c, 4, 58, 33
9, 1429366, Note_on_c, 4, 50, 0
9, 1429366, Note_on_c, 4, 58, 0
9, 1429504, Note_on_c, 4, 53, 34
9, 1429504, Note_on_c, 4, 60, 34
9, 1430252, Note_on_c, 4, 53, 0
9, 1430252, Note_on_c, 4, 60, 0
9, 1430528, Note_on_c, 4, 53, 35
9, 1430528, Note_on_c, 4, 60, 35
9, 1430902, Note_on_c, 4, 53, 0
9, 1430902, Note_on_c, 4, 60, 0
9, 1431040, Note_on_c, 4, 53, 35
9, 1431040, Note_on_c, 4, 60, 35
9, 1433324, Note_on_c, 4, 53, 0
9, 1433324, Note_on_c, 4, 60, 0
9, 1433600, Note_on_c, 4, 60, 37
9, 1433600, Note_on_c, 4, 63, 37
9, 1433974, Note_on_c, 4, 60, 0
9, 1433974, Note_on_c, 4, 63, 0
9, 1434112, Note_on_c, 4, 58, 38
9, 1434112, Note_on_c, 4, 62, 38
9, 1434860, Note_on_c, 4, 58, 0
9, 1434860, Note_on_c, 4, 62, 0
9, 1435136, Note_on_c, 4, 50, 39
9, 1435136, Note_on_c, 4, 58, 39
9, 1435510, Note_on_c, 4, 50, 0
9, 1435510, Note_on_c, 4, 58, 0
9, 1435648, Note_on_c, 4, 53, 39
9, 1435648, Note_on_c, 4, 60, 39
9, 1436396, Note_on_c, 4, 53, 0
9, 1436396, Note_on_c, 4, 60, 0
9, 1436672, Note_on_c, 4, 60, 40
9, 1436672, Note_on_c, 4, 63, 40
9, 1437046, Note_on_c, 4, 60, 0
9, 1437046, Note_on_c, 4, 63, 0
9, 1437184, Note_on_c, 4, 58, 40
9, 1437184, Note_on_c, 4, 62, 40
9, 1437932, Note_on_c, 4, 58, 0
9, 1437932, Note_on_c, 4, 62, 0
9, 1438208, Note_on_c, 4, 50, 41
9, 1438208, Note_on_c, 4, 58, 41
9, 1438582, Note_on_c, 4, 50, 0
9, 1438582, Note_on_c, 4, 58, 0
9, 1438720, Note_on_c, 4, 53, 41
9, 1438720, Note_on_c, 4, 60, 41
9, 1439468, Note_on_c, 4, 53, 0
9, 1439468, Note_on_c, 4, 60, 0
9, 1439744, Note_on_c, 4, 60, 42
9, 1439744, Note_on_c, 4, 63, 42
9, 1440118, Note_on_c, 4, 60, 0
9, 1440118, Note_on_c, 4, 63, 0
9, 1440256, Note_on_c, 4, 58, 42
9, 1440256, Note_on_c, 4, 62, 42
9, 1441004, Note_on_c, 4, 58, 0
9, 1441004, Note_on_c, 4, 62, 0
9, 1441280, Note_on_c, 4, 53, 43
9, 1441280, Note_on_c, 4, 60, 43
9, 1441654, Note_on_c, 4, 53, 0
9, 1443328, Note_on_c, 4, 60, 0
9, 1443328, Note_on_c, 4, 60, 45
9, 1444076, Note_on_c, 4, 60, 0
9, 1444352, Note_on_c, 4, 60, 47
9, 1444726, Note_on_c, 4, 60, 0
9, 1444864, Note_on_c, 4, 53, 47
9, 1444864, Note_on_c, 4, 65, 47
9, 1445612, Note_on_c, 4, 53, 0
9, 1445612, Note_on_c, 4, 65, 0
9, 1445888, Note_on_c, 4, 53, 48
9, 1445888, Note_on_c, 4, 65, 48
9, 1446262, Note_on_c, 4, 53, 0
9, 1446262, Note_on_c, 4, 65, 0
9, 1446400, Note_on_c, 4, 53, 49
9, 1446400, Note_on_c, 4, 65, 49
9, 1447148, Note_on_c, 4, 53, 0
9, 1447148, Note_on_c, 4, 65, 0
9, 1447424, Note_on_c, 4, 53, 50
9, 1447424, Note_on_c, 4, 65, 50
9, 1447798, Note_on_c, 4, 53, 0
9, 1447798, Note_on_c, 4, 65, 0
9, 1447936, Note_on_c, 4, 53, 50
9, 1447936, Note_on_c, 4, 65, 50
9, 1448684, Note_on_c, 4, 53, 0
9, 1448684, Note_on_c, 4, 65, 0
9, 1448960, Note_on_c, 4, 46, 51
9, 1448960, Note_on_c, 4, 58, 51
9, 1449334, Note_on_c, 4, 46, 0
9, 1449334, Note_on_c, 4, 58, 0
9, 1449472, Note_on_c, 4, 46, 52
9, 1449472, Note_on_c, 4, 58, 52
9, 1451756, Note_on_c, 4, 46, 0
9, 1451756, Note_on_c, 4, 58, 0
9, 1452032, Note_on_c, 4, 46, 54
9, 1452032, Note_on_c, 4, 58, 54
9, 1452406, Note_on_c, 4, 46, 0
9, 1452406, Note_on_c, 4, 58, 0
9, 1452544, Note_on_c, 4, 46, 55
9, 1452544, Note_on_c, 4, 58, 55
9, 1454828, Note_on_c, 4, 46, 0
9, 1454828, Note_on_c, 4, 58, 0
9, 1455104, Note_on_c, 4, 46, 58
9, 1455104, Note_on_c, 4, 58, 58
9, 1455478, Note_on_c, 4, 46, 0
9, 1455478, Note_on_c, 4, 58, 0
9, 1455616, Note_on_c, 4, 46, 58
9, 1455616, Note_on_c, 4, 58, 58
9, 1457900, Note_on_c, 4, 46, 0
9, 1457900, Note_on_c, 4, 58, 0
9, 1458176, Note_on_c, 4, 46, 59
9, 1458176, Note_on_c, 4, 58, 59
9, 1458550, Note_on_c, 4, 46, 0
9, 1458550, Note_on_c, 4, 58, 0
9, 1458688, Note_on_c, 4, 46, 60
9, 1458688, Note_on_c, 4, 58, 60
9, 1460972, Note_on_c, 4, 46, 0
9, 1460972, Note_on_c, 4, 58, 0
9, 1461248, Note_on_c, 4, 50, 61
9, 1461248, Note_on_c, 4, 58, 61
9, 1461622, Note_on_c, 4, 50, 0
9, 1461622, Note_on_c, 4, 58, 0
9, 1461760, Note_on_c, 4, 50, 61
9, 1461760, Note_on_c, 4, 58, 61
9, 1464044, Note_on_c, 4, 50, 0
9, 1464044, Note_on_c, 4, 58, 0
9, 1464320, Note_on_c, 4, 53, 62
9, 1464320, Note_on_c, 4, 60, 62
9, 1464694, Note_on_c, 4, 53, 0
9, 1464694, Note_on_c, 4, 60, 0
9, 1464832, Note_on_c, 4, 58, 63
9, 1464832, Note_on_c, 4, 62, 63
9, 1467116, Note_on_c, 4, 58, 0
9, 1467116, Note_on_c, 4, 62, 0
9, 1467392, Note_on_c, 4, 53, 62
9, 1467392, Note_on_c, 4, 60, 62
9, 1467766, Note_on_c, 4, 53, 0
9, 1467766, Note_on_c, 4, 60, 0
9, 1467904, Note_on_c, 4, 53, 60
9, 1467904, Note_on_c, 4, 60, 60
9, 1468652, Note_on_c, 4, 53, 0
9, 1468652, Note_on_c, 4, 60, 0
9, 1468928, Note_on_c, 4, 50, 56
9, 1468928, Note_on_c, 4, 58, 56
9, 1469302, Note_on_c, 4, 50, 0
9, 1469302, Note_on_c, 4, 58, 0
9, 1469440, Note_on_c, 4, 50, 54
9, 1469440, Note_on_c, 4, 58, 54
9, 1470188, Note_on_c, 4, 50, 0
9, 1470188, Note_on_c, 4, 58, 0
9, 1473536, Note_on_c, 4, 53, 55
9, 1473536, Note_on_c, 4, 60, 55
9, 1473910, Note_on_c, 4, 53, 0
9, 1473910, Note_on_c, 4, 60, 0
9, 1474048, Note_on_c, 4, 53, 56
9, 1474048, Note_on_c, 4, 60, 56
9, 1477120, Note_on_c, 4, 53, 0
9, 1477120, Note_on_c, 4, 60, 0
9, 1477120, Note_on_c, 4, 58, 59
9, 1477120, Note_on_c, 4, 62, 59
9, 1477868, Note_on_c, 4, 58, 0
9, 1477868, Note_on_c, 4, 62, 0
9, 1478144, Note_on_c, 4, 50, 60
9, 1478144, Note_on_c, 4, 58, 60
9, 1478518, Note_on_c, 4, 50, 0
9, 1478518, Note_on_c, 4, 58, 0
9, 1478656, Note_on_c, 4, 53, 61
9, 1478656, Note_on_c, 4, 60, 61
9, 1479404, Note_on_c, 4, 53, 0
9, 1479404, Note_on_c, 4, 60, 0
9, 1479680, Note_on_c, 4, 53, 62
9, 1479680, Note_on_c, 4, 60, 62
9, 1480054, Note_on_c, 4, 53, 0
9, 1480054, Note_on_c, 4, 60, 0
9, 1480192, Note_on_c, 4, 53, 62
9, 1480192, Note_on_c, 4, 60, 62
9, 1482476, Note_on_c, 4, 53, 0
9, 1482476, Note_on_c, 4, 60, 0
9, 1482752, Note_on_c, 4, 60, 65
9, 1482752, Note_on_c, 4, 63, 65
9, 1483126, Note_on_c, 4, 60, 0
9, 1483126, Note_on_c, 4, 63, 0
9, 1483264, Note_on_c, 4, 58, 66
9, 1483264, Note_on_c, 4, 62, 66
9, 1484012, Note_on_c, 4, 58, 0
9, 1484012, Note_on_c, 4, 62, 0
9, 1484288, Note_on_c, 4, 50, 67
9, 1484288, Note_on_c, 4, 58, 67
9, 1484662, Note_on_c, 4, 50, 0
9, 1484662, Note_on_c, 4, 58, 0
9, 1484800, Note_on_c, 4, 53, 67
9, 1484800, Note_on_c, 4, 60, 67
9, 1485548, Note_on_c, 4, 53, 0
9, 1485548, Note_on_c, 4, 60, 0
9, 1485824, Note_on_c, 4, 60, 69
9, 1485824, Note_on_c, 4, 63, 69
9, 1486198, Note_on_c, 4, 60, 0
9, 1486198, Note_on_c, 4, 63, 0
9, 1486336, Note_on_c, 4, 58, 69
9, 1486336, Note_on_c, 4, 62, 69
9, 1487084, Note_on_c, 4, 58, 0
9, 1487084, Note_on_c, 4, 62, 0
9, 1487360, Note_on_c, 4, 50, 70
9, 1487360, Note_on_c, 4, 58, 70
9, 1487734, Note_on_c, 4, 50, 0
9, 1487734, Note_on_c, 4, 58, 0
9, 1487872, Note_on_c, 4, 53, 71
9, 1487872, Note_on_c, 4, 60, 71
9, 1488620, Note_on_c, 4, 53, 0
9, 1488620, Note_on_c, 4, 60, 0
9, 1488896, Note_on_c, 4, 60, 72
9, 1488896, Note_on_c, 4, 63, 72
9, 1489270, Note_on_c, 4, 60, 0
9, 1489270, Note_on_c, 4, 63, 0
9, 1489408, Note_on_c, 4, 58, 72
9, 1489408, Note_on_c, 4, 62, 72
9, 1490156, Note_on_c, 4, 58, 0
9, 1490156, Note_on_c, 4, 62, 0
9, 1490432, Note_on_c, 4, 53, 71
9, 1490432, Note_on_c, 4, 60, 71
9, 1490944, Note_on_c, 4, 53, 0
9, 1492480, Note_on_c, 4, 60, 0
9, 1492480, Note_on_c, 4, 60, 70
9, 1493228, Note_on_c, 4, 60, 0
9, 1493504, Note_on_c, 4, 60, 70
9, 1493878, Note_on_c, 4, 60, 0
9, 1494016, Note_on_c, 4, 53, 68
9, 1494016, Note_on_c, 4, 65, 68
9, 1494764, Note_on_c, 4, 53, 0
9, 1494764, Note_on_c, 4, 65, 0
9, 1495040, Note_on_c, 4, 53, 69
9, 1495040, Note_on_c, 4, 65, 69
9, 1495414, Note_on_c, 4, 53, 0
9, 1495414, Note_on_c, 4, 65, 0
9, 1495552, Note_on_c, 4, 53, 69
9, 1495552, Note_on_c, 4, 65, 69
9, 1496300, Note_on_c, 4, 53, 0
9, 1496300, Note_on_c, 4, 65, 0
9, 1496576, Note_on_c, 4, 53, 70
9, 1496576, Note_on_c, 4, 65, 70
9, 1496950, Note_on_c, 4, 53, 0
9, 1496950, Note_on_c, 4, 65, 0
9, 1497088, Note_on_c, 4, 53, 71
9, 1497088, Note_on_c, 4, 65, 71
9, 1497836, Note_on_c, 4, 53, 0
9, 1497836, Note_on_c, 4, 65, 0
9, 1498112, Note_on_c, 4, 46, 72
9, 1498112, Note_on_c, 4, 58, 72
9, 1498486, Note_on_c, 4, 46, 0
9, 1498486, Note_on_c, 4, 58, 0
9, 1498624, Note_on_c, 4, 46, 72
9, 1498624, Note_on_c, 4, 58, 72
9, 1500908, Note_on_c, 4, 46, 0
9, 1500908, Note_on_c, 4, 58, 0
9, 1501184, Note_on_c, 4, 46, 75
9, 1501184, Note_on_c, 4, 58, 75
9, 1501558, Note_on_c, 4, 46, 0
9, 1501558, Note_on_c, 4, 58, 0
9, 1501696, Note_on_c, 4, 46, 75
9, 1501696, Note_on_c, 4, 58, 75
9, 1503980, Note_on_c, 4, 46, 0
9, 1503980, Note_on_c, 4, 58, 0
9, 1504256, Note_on_c, 4, 46, 78
9, 1504256, Note_on_c, 4, 58, 78
9, 1504630, Note_on_c, 4, 46, 0
9, 1504630, Note_on_c, 4, 58, 0
9, 1504768, Note_on_c, 4, 46, 78
9, 1504768, Note_on_c, 4, 58, 78
9, 1507052, Note_on_c, 4, 46, 0
9, 1507052, Note_on_c, 4, 58, 0
9, 1507328, Note_on_c, 4, 46, 80
9, 1507328, Note_on_c, 4, 58, 80
9, 1507702, Note_on_c, 4, 46, 0
9, 1507702, Note_on_c, 4, 58, 0
9, 1507840, Note_on_c, 4, 46, 81
9, 1507840, Note_on_c, 4, 58, 81
9, 1510124, Note_on_c, 4, 46, 0
9, 1510124, Note_on_c, 4, 58, 0
9, 1510400, Note_on_c, 4, 50, 72
9, 1510400, Note_on_c, 4, 58, 72
9, 1510774, Note_on_c, 4, 50, 0
9, 1510774, Note_on_c, 4, 58, 0
9, 1510912, Note_on_c, 4, 50, 73
9, 1510912, Note_on_c, 4, 58, 73
9, 1513196, Note_on_c, 4, 50, 0
9, 1513196, Note_on_c, 4, 58, 0
9, 1513472, Note_on_c, 4, 53, 79
9, 1513472, Note_on_c, 4, 60, 79
9, 1513846, Note_on_c, 4, 53, 0
9, 1513846, Note_on_c, 4, 60, 0
9, 1513984, Note_on_c, 4, 58, 80
9, 1513984, Note_on_c, 4, 62, 80
9, 1516268, Note_on_c, 4, 58, 0
9, 1516268, Note_on_c, 4, 62, 0
9, 1516544, Note_on_c, 4, 53, 85
9, 1516544, Note_on_c, 4, 60, 85
9, 1516918, Note_on_c, 4, 53, 0
9, 1516918, Note_on_c, 4, 60, 0
9, 1517056, Note_on_c, 4, 53, 86
9, 1517056, Note_on_c, 4, 60, 86
9, 1517804, Note_on_c, 4, 53, 0
9, 1517804, Note_on_c, 4, 60, 0
9, 1518080, Note_on_c, 4, 50, 88
9, 1518080, Note_on_c, 4, 58, 88
9, 1518454, Note_on_c, 4, 50, 0
9, 1518454, Note_on_c, 4, 58, 0
9, 1518592, Note_on_c, 4, 50, 89
9, 1518592, Note_on_c, 4, 58, 89
9, 1519340, Note_on_c, 4, 50, 0
9, 1519340, Note_on_c, 4, 58, 0
9, 1519616, Note_on_c, 4, 53, 91
9, 1519616, Note_on_c, 4, 65, 91
9, 1519990, Note_on_c, 4, 53, 0
9, 1519990, Note_on_c, 4, 65, 0
9, 1520128, Note_on_c, 4, 53, 92
9, 1520128, Note_on_c, 4, 65, 92
9, 1522412, Note_on_c, 4, 53, 0
9, 1522412, Note_on_c, 4, 65, 0
9, 1522688, Note_on_c, 4, 60, 89
9, 1522688, Note_on_c, 4, 63, 89
9, 1523062, Note_on_c, 4, 60, 0
9, 1523062, Note_on_c, 4, 63, 0
9, 1523200, Note_on_c, 4, 58, 88
9, 1523200, Note_on_c, 4, 62, 88
9, 1525484, Note_on_c, 4, 58, 0
9, 1525484, Note_on_c, 4, 62, 0
9, 1525760, Note_on_c, 4, 46, 83
9, 1525760, Note_on_c, 4, 58, 83
9, 1526134, Note_on_c, 4, 46, 0
9, 1526134, Note_on_c, 4, 58, 0
9, 1526272, Note_on_c, 4, 46, 82
9, 1526272, Note_on_c, 4, 58, 82
9, 1528556, Note_on_c, 4, 46, 0
9, 1528556, Note_on_c, 4, 58, 0
9, 1528832, Note_on_c, 4, 63, 76
9, 1529206, Note_on_c, 4, 63, 0
9, 1529344, Note_on_c, 4, 63, 75
9, 1531628, Note_on_c, 4, 63, 0
9, 1531904, Note_on_c, 4, 63, 79
9, 1532278, Note_on_c, 4, 63, 0
9, 1532416, Note_on_c, 4, 63, 80
9, 1534700, Note_on_c, 4, 63, 0
9, 1534976, Note_on_c, 4, 53, 84
9, 1534976, Note_on_c, 4, 60, 84
9, 1535350, Note_on_c, 4, 53, 0
9, 1535350, Note_on_c, 4, 60, 0
9, 1535488, Note_on_c, 4, 53, 85
9, 1535488, Note_on_c, 4, 60, 85
9, 1537772, Note_on_c, 4, 53, 0
9, 1537772, Note_on_c, 4, 60, 0
9, 1538048, Note_on_c, 4, 53, 90
9, 1538048, Note_on_c, 4, 60, 90
9, 1538422, Note_on_c, 4, 53, 0
9, 1538422, Note_on_c, 4, 60, 0
9, 1538560, Note_on_c, 4, 53, 91
9, 1538560, Note_on_c, 4, 60, 91
9, 1539681, Note_on_c, 4, 53, 0
9, 1539681, Note_on_c, 4, 60, 0
9, 1540096, Note_on_c, 4, 50, 93
9, 1540096, Note_on_c, 4, 58, 93
9, 1540844, Note_on_c, 4, 50, 0
9, 1540844, Note_on_c, 4, 58, 0
9, 1541120, Note_on_c, 4, 58, 95
9, 1541120, Note_on_c, 4, 62, 95
9, 1541494, Note_on_c, 4, 58, 0
9, 1541494, Note_on_c, 4, 62, 0
9, 1541632, Note_on_c, 4, 53, 96
9, 1541632, Note_on_c, 4, 60, 96
9, 1542380, Note_on_c, 4, 53, 0
9, 1542380, Note_on_c, 4, 60, 0
9, 1542656, Note_on_c, 4, 53, 98
9, 1542656, Note_on_c, 4, 60, 98
9, 1543030, Note_on_c, 4, 53, 0
9, 1543030, Note_on_c, 4, 60, 0
9, 1543168, Note_on_c, 4, 50, 98
9, 1543168, Note_on_c, 4, 58, 98
9, 1543916, Note_on_c, 4, 50, 0
9, 1543916, Note_on_c, 4, 58, 0
9, 1544192, Note_on_c, 4, 58, 99
9, 1544192, Note_on_c, 4, 62, 99
9, 1544566, Note_on_c, 4, 58, 0
9, 1544566, Note_on_c, 4, 62, 0
9, 1544704, Note_on_c, 4, 58, 99
9, 1544704, Note_on_c, 4, 62, 99
9, 1545216, Note_on_c, 4, 58, 0
9, 1545216, Note_on_c, 4, 62, 0
9, 1545216, Note_on_c, 4, 53, 99
9, 1545216, Note_on_c, 4, 60, 99
9, 1545590, Note_on_c, 4, 53, 0
9, 1545590, Note_on_c, 4, 60, 0
9, 1545728, Note_on_c, 4, 53, 99
9, 1545728, Note_on_c, 4, 60, 99
9, 1546102, Note_on_c, 4, 53, 0
9, 1546102, Note_on_c, 4, 60, 0
9, 1546240, Note_on_c, 4, 50, 108
9, 1546240, Note_on_c, 4, 58, 108
9, 1546988, Note_on_c, 4, 50, 0
9, 1546988, Note_on_c, 4, 58, 0
9, 1547264, Note_on_c, 4, 58, 100
9, 1547638, Note_on_c, 4, 58, 0
9, 1547776, Note_on_c, 4, 58, 112
9, 1548897, Note_on_c, 4, 58, 0
9, 1550336, Note_on_c, 4, 60, 100
9, 1550710, Note_on_c, 4, 60, 0
9, 1550848, Note_on_c, 4, 60, 115
9, 1551969, Note_on_c, 4, 60, 0
9, 1553408, Note_on_c, 4, 62, 100
9, 1553782, Note_on_c, 4, 62, 0
9, 1553920, Note_on_c, 4, 62, 100
9, 1554668, Note_on_c, 4, 62, 0
9, 1554944, Note_on_c, 4, 65, 100
9, 1555318, Note_on_c, 4, 65, 0
9, 1555456, Note_on_c, 4, 63, 106
9, 1556204, Note_on_c, 4, 63, 0
9, 1556992, Note_on_c, 4, 62, 100
9, 1557740, Note_on_c, 4, 62, 0
9, 1558528, Note_on_c, 4, 60, 106
9, 1559276, Note_on_c, 4, 60, 0
9, 1559552, Note_on_c, 4, 41, 100
9, 1559552, Note_on_c, 4, 53, 100
9, 1559926, Note_on_c, 4, 41, 0
9, 1559926, Note_on_c, 4, 53, 0
9, 1560064, Note_on_c, 4, 41, 114
9, 1560064, Note_on_c, 4, 53, 114
9, 1562348, Note_on_c, 4, 41, 0
9, 1562348, Note_on_c, 4, 53, 0
9, 1562624, Note_on_c, 4, 41, 100
9, 1562624, Note_on_c, 4, 53, 100
9, 1562998, Note_on_c, 4, 41, 0
9, 1562998, Note_on_c, 4, 53, 0
9, 1563136, Note_on_c, 4, 41, 114
9, 1563136, Note_on_c, 4, 53, 114
9, 1565420, Note_on_c, 4, 41, 0
9, 1565420, Note_on_c, 4, 53, 0
9, 1565696, Note_on_c, 4, 41, 100
9, 1565696, Note_on_c, 4, 53, 100
9, 1566070, Note_on_c, 4, 41, 0
9, 1566070, Note_on_c, 4, 53, 0
9, 1566208, Note_on_c, 4, 41, 100
9, 1566208, Note_on_c, 4, 53, 100
9, 1566956, Note_on_c, 4, 41, 0
9, 1566956, Note_on_c, 4, 53, 0
9, 1567232, Note_on_c, 4, 41, 100
9, 1567232, Note_on_c, 4, 53, 100
9, 1567606, Note_on_c, 4, 41, 0
9, 1567606, Note_on_c, 4, 53, 0
9, 1567744, Note_on_c, 4, 60, 106
9, 1568492, Note_on_c, 4, 60, 0
9, 1569280, Note_on_c, 4, 60, 100
9, 1570028, Note_on_c, 4, 60, 0
9, 1570816, Note_on_c, 4, 58, 106
9, 1571564, Note_on_c, 4, 58, 0
9, 1572352, Note_on_c, 4, 58, 100
9, 1573100, Note_on_c, 4, 58, 0
9, 1573888, Note_on_c, 4, 60, 106
9, 1574636, Note_on_c, 4, 60, 0
9, 1575424, Note_on_c, 4, 50, 100
9, 1575424, Note_on_c, 4, 62, 100
9, 1576172, Note_on_c, 4, 50, 0
9, 1576172, Note_on_c, 4, 62, 0
9, 1610752, Note_on_c, 4, 62, 100
9, 1611500, Note_on_c, 4, 62, 0
9, 1612288, Note_on_c, 4, 60, 100
9, 1613036, Note_on_c, 4, 60, 0
9, 1614848, Note_on_c, 4, 58, 100
9, 1614848, Note_on_c, 4, 65, 100
9, 1615222, Note_on_c, 4, 58, 0
9, 1615222, Note_on_c, 4, 65, 0
9, 1615360, Note_on_c, 4, 58, 100
9, 1615360, Note_on_c, 4, 65, 100
9, 1616108, Note_on_c, 4, 58, 0
9, 1616108, Note_on_c, 4, 65, 0
9, 1616384, Note_on_c, 4, 58, 100
9, 1616384, Note_on_c, 4, 65, 100
9, 1616758, Note_on_c, 4, 58, 0
9, 1616758, Note_on_c, 4, 65, 0
9, 1616896, Note_on_c, 4, 58, 108
9, 1616896, Note_on_c, 4, 63, 108
9, 1617644, Note_on_c, 4, 58, 0
9, 1617644, Note_on_c, 4, 63, 0
9, 1617920, Note_on_c, 4, 46, 100
9, 1617920, Note_on_c, 4, 58, 100
9, 1618294, Note_on_c, 4, 46, 0
9, 1618294, Note_on_c, 4, 58, 0
9, 1618432, Note_on_c, 4, 46, 100
9, 1618432, Note_on_c, 4, 58, 100
9, 1619180, Note_on_c, 4, 46, 0
9, 1619180, Note_on_c, 4, 58, 0
9, 1619456, Note_on_c, 4, 46, 100
9, 1619456, Note_on_c, 4, 58, 100
9, 1619830, Note_on_c, 4, 46, 0
9, 1619830, Note_on_c, 4, 58, 0
9, 1619968, Note_on_c, 4, 46, 108
9, 1619968, Note_on_c, 4, 58, 108
9, 1620716, Note_on_c, 4, 46, 0
9, 1620716, Note_on_c, 4, 58, 0
9, 1620992, Note_on_c, 4, 46, 100
9, 1620992, Note_on_c, 4, 58, 100
9, 1621366, Note_on_c, 4, 46, 0
9, 1621366, Note_on_c, 4, 58, 0
9, 1621504, Note_on_c, 4, 46, 114
9, 1621504, Note_on_c, 4, 58, 114
9, 1623788, Note_on_c, 4, 46, 0
9, 1623788, Note_on_c, 4, 58, 0
9, 1624064, Note_on_c, 4, 46, 100
9, 1624064, Note_on_c, 4, 58, 100
9, 1624438, Note_on_c, 4, 46, 0
9, 1624438, Note_on_c, 4, 58, 0
9, 1624576, Note_on_c, 4, 46, 118
9, 1624576, Note_on_c, 4, 58, 118
9, 1626860, Note_on_c, 4, 46, 0
9, 1626860, Note_on_c, 4, 58, 0
9, 1627136, Note_on_c, 4, 46, 100
9, 1627136, Note_on_c, 4, 58, 100
9, 1627510, Note_on_c, 4, 46, 0
9, 1627510, Note_on_c, 4, 58, 0
9, 1627648, Note_on_c, 4, 46, 100
9, 1627648, Note_on_c, 4, 58, 100
9, 1628396, Note_on_c, 4, 46, 0
9, 1628396, Note_on_c, 4, 58, 0
9, 1628672, Note_on_c, 4, 46, 100
9, 1628672, Note_on_c, 4, 58, 100
9, 1629046, Note_on_c, 4, 46, 0
9, 1629046, Note_on_c, 4, 58, 0
9, 1629184, Note_on_c, 4, 41, 108
9, 1629184, Note_on_c, 4, 53, 108
9, 1629558, Note_on_c, 4, 41, 0
9, 1629558, Note_on_c, 4, 53, 0
9, 1629696, Note_on_c, 4, 60, 101
9, 1630070, Note_on_c, 4, 60, 0
9, 1630208, Note_on_c, 4, 60, 101
9, 1630582, Note_on_c, 4, 60, 0
9, 1630720, Note_on_c, 4, 60, 101
9, 1631468, Note_on_c, 4, 60, 0
9, 1631744, Note_on_c, 4, 60, 101
9, 1632118, Note_on_c, 4, 60, 0
9, 1632256, Note_on_c, 4, 60, 108
9, 1633004, Note_on_c, 4, 60, 0
9, 1633280, Note_on_c, 4, 53, 101
9, 1633280, Note_on_c, 4, 65, 101
9, 1633654, Note_on_c, 4, 53, 0
9, 1633654, Note_on_c, 4, 65, 0
9, 1633792, Note_on_c, 4, 53, 101
9, 1633792, Note_on_c, 4, 65, 101
9, 1634540, Note_on_c, 4, 53, 0
9, 1634540, Note_on_c, 4, 65, 0
9, 1634816, Note_on_c, 4, 53, 101
9, 1634816, Note_on_c, 4, 65, 101
9, 1635190, Note_on_c, 4, 53, 0
9, 1635190, Note_on_c, 4, 65, 0
9, 1635328, Note_on_c, 4, 53, 108
9, 1635328, Note_on_c, 4, 65, 108
9, 1636076, Note_on_c, 4, 53, 0
9, 1636076, Note_on_c, 4, 65, 0
9, 1636352, Note_on_c, 4, 53, 101
9, 1636352, Note_on_c, 4, 65, 101
9, 1636726, Note_on_c, 4, 53, 0
9, 1636726, Note_on_c, 4, 65, 0
9, 1636864, Note_on_c, 4, 53, 101
9, 1636864, Note_on_c, 4, 65, 101
9, 1637612, Note_on_c, 4, 53, 0
9, 1637612, Note_on_c, 4, 65, 0
9, 1637888, Note_on_c, 4, 53, 101
9, 1637888, Note_on_c, 4, 65, 101
9, 1638262, Note_on_c, 4, 53, 0
9, 1638262, Note_on_c, 4, 65, 0
9, 1638400, Note_on_c, 4, 53, 106
9, 1638400, Note_on_c, 4, 65, 106
9, 1638774, Note_on_c, 4, 53, 0
9, 1638774, Note_on_c, 4, 65, 0
9, 1638912, Note_on_c, 4, 58, 101
9, 1639286, Note_on_c, 4, 58, 0
9, 1639424, Note_on_c, 4, 58, 101
9, 1639798, Note_on_c, 4, 58, 0
9, 1639936, Note_on_c, 4, 63, 101
9, 1640684, Note_on_c, 4, 63, 0
9, 1640960, Note_on_c, 4, 63, 101
9, 1641334, Note_on_c, 4, 63, 0
9, 1641472, Note_on_c, 4, 63, 108
9, 1642220, Note_on_c, 4, 63, 0
9, 1642496, Note_on_c, 4, 63, 101
9, 1642870, Note_on_c, 4, 63, 0
9, 1643008, Note_on_c, 4, 63, 101
9, 1643756, Note_on_c, 4, 63, 0
9, 1644032, Note_on_c, 4, 63, 101
9, 1644406, Note_on_c, 4, 63, 0
9, 1644544, Note_on_c, 4, 63, 109
9, 1645292, Note_on_c, 4, 63, 0
9, 1645568, Note_on_c, 4, 63, 101
9, 1645942, Note_on_c, 4, 63, 0
9, 1646080, Note_on_c, 4, 63, 115
9, 1646454, Note_on_c, 4, 63, 0
9, 1648640, Note_on_c, 4, 63, 101
9, 1649014, Note_on_c, 4, 63, 0
9, 1649152, Note_on_c, 4, 63, 118
9, 1649900, Note_on_c, 4, 63, 0
9, 1650688, Note_on_c, 4, 53, 108
9, 1650688, Note_on_c, 4, 65, 108
9, 1651062, Note_on_c, 4, 53, 0
9, 1651062, Note_on_c, 4, 65, 0
9, 1651200, Note_on_c, 4, 53, 101
9, 1651200, Note_on_c, 4, 65, 101
9, 1651574, Note_on_c, 4, 53, 0
9, 1651574, Note_on_c, 4, 65, 0
9, 1651712, Note_on_c, 4, 53, 101
9, 1651712, Note_on_c, 4, 65, 101
9, 1652086, Note_on_c, 4, 53, 0
9, 1652086, Note_on_c, 4, 65, 0
9, 1652224, Note_on_c, 4, 53, 116
9, 1652224, Note_on_c, 4, 65, 116
9, 1652972, Note_on_c, 4, 53, 0
9, 1652972, Note_on_c, 4, 65, 0
9, 1653760, Note_on_c, 4, 53, 108
9, 1653760, Note_on_c, 4, 65, 108
9, 1654134, Note_on_c, 4, 53, 0
9, 1654134, Note_on_c, 4, 65, 0
9, 1654272, Note_on_c, 4, 53, 101
9, 1654272, Note_on_c, 4, 65, 101
9, 1654646, Note_on_c, 4, 53, 0
9, 1654646, Note_on_c, 4, 65, 0
9, 1654784, Note_on_c, 4, 53, 101
9, 1654784, Note_on_c, 4, 65, 101
9, 1655158, Note_on_c, 4, 53, 0
9, 1655158, Note_on_c, 4, 65, 0
9, 1655296, Note_on_c, 4, 53, 115
9, 1655296, Note_on_c, 4, 65, 115
9, 1656044, Note_on_c, 4, 53, 0
9, 1656044, Note_on_c, 4, 65, 0
9, 1656832, Note_on_c, 4, 63, 106
9, 1657206, Note_on_c, 4, 63, 0
9, 1657344, Note_on_c, 4, 63, 101
9, 1657718, Note_on_c, 4, 63, 0
9, 1657856, Note_on_c, 4, 63, 101
9, 1658230, Note_on_c, 4, 63, 0
9, 1658368, Note_on_c, 4, 63, 114
9, 1659116, Note_on_c, 4, 63, 0
9, 1659904, Note_on_c, 4, 63, 108
9, 1660278, Note_on_c, 4, 63, 0
9, 1660416, Note_on_c, 4, 63, 101
9, 1660790, Note_on_c, 4, 63, 0
9, 1660928, Note_on_c, 4, 63, 101
9, 1661302, Note_on_c, 4, 63, 0
9, 1661440, Note_on_c, 4, 53, 101
9, 1661440, Note_on_c, 4, 60, 101
9, 1661814, Note_on_c, 4, 53, 0
9, 1661814, Note_on_c, 4, 60, 0
9, 1661952, Note_on_c, 4, 53, 101
9, 1661952, Note_on_c, 4, 60, 101
9, 1662326, Note_on_c, 4, 53, 0
9, 1662326, Note_on_c, 4, 60, 0
9, 1662464, Note_on_c, 4, 53, 101
9, 1662464, Note_on_c, 4, 60, 101
9, 1662838, Note_on_c, 4, 53, 0
9, 1662838, Note_on_c, 4, 60, 0
9, 1662976, Note_on_c, 4, 46, 107
9, 1662976, Note_on_c, 4, 58, 107
9, 1663724, Note_on_c, 4, 46, 0
9, 1663724, Note_on_c, 4, 58, 0
9, 1664000, Note_on_c, 4, 46, 101
9, 1664000, Note_on_c, 4, 58, 101
9, 1664374, Note_on_c, 4, 46, 0
9, 1664374, Note_on_c, 4, 58, 0
9, 1664512, Note_on_c, 4, 46, 115
9, 1664512, Note_on_c, 4, 58, 115
9, 1666796, Note_on_c, 4, 46, 0
9, 1666796, Note_on_c, 4, 58, 0
9, 1667072, Note_on_c, 4, 53, 101
9, 1667072, Note_on_c, 4, 65, 101
9, 1667446, Note_on_c, 4, 53, 0
9, 1667446, Note_on_c, 4, 65, 0
9, 1667584, Note_on_c, 4, 53, 116
9, 1667584, Note_on_c, 4, 65, 116
9, 1669868, Note_on_c, 4, 53, 0
9, 1669868, Note_on_c, 4, 65, 0
9, 1670144, Note_on_c, 4, 46, 101
9, 1670144, Note_on_c, 4, 58, 101
9, 1670518, Note_on_c, 4, 46, 0
9, 1670518, Note_on_c, 4, 58, 0
9, 1670656, Note_on_c, 4, 46, 101
9, 1670656, Note_on_c, 4, 58, 101
9, 1671404, Note_on_c, 4, 46, 0
9, 1671404, Note_on_c, 4, 58, 0
9, 1671680, Note_on_c, 4, 46, 101
9, 1671680, Note_on_c, 4, 58, 101
9, 1672054, Note_on_c, 4, 46, 0
9, 1672054, Note_on_c, 4, 58, 0
9, 1672192, Note_on_c, 4, 63, 108
9, 1672940, Note_on_c, 4, 63, 0
9, 1675264, Note_on_c, 4, 41, 109
9, 1675264, Note_on_c, 4, 53, 109
9, 1676012, Note_on_c, 4, 41, 0
9, 1676012, Note_on_c, 4, 53, 0
9, 1678336, Note_on_c, 4, 46, 108
9, 1678336, Note_on_c, 4, 58, 108
9, 1679084, Note_on_c, 4, 46, 0
9, 1679084, Note_on_c, 4, 58, 0
9, 1682944, Note_on_c, 4, 53, 101
9, 1682944, Note_on_c, 4, 65, 101
9, 1683692, Note_on_c, 4, 53, 0
9, 1683692, Note_on_c, 4, 65, 0
9, 1684480, Note_on_c, 4, 46, 109
9, 1684480, Note_on_c, 4, 58, 109
9, 1684736, Note_on_c, 4, 46, 0
9, 1684736, Note_on_c, 4, 58, 0
9, 1684992, Note_on_c, 4, 46, 102
9, 1684992, Note_on_c, 4, 58, 102
9, 1685248, Note_on_c, 4, 46, 0
9, 1685248, Note_on_c, 4, 58, 0
9, 1685504, Note_on_c, 4, 46, 103
9, 1685504, Note_on_c, 4, 58, 103
9, 1685760, Note_on_c, 4, 46, 0
9, 1685760, Note_on_c, 4, 58, 0
9, 1686016, Note_on_c, 4, 46, 104
9, 1686016, Note_on_c, 4, 58, 104
9, 1686272, Note_on_c, 4, 46, 0
9, 1686272, Note_on_c, 4, 58, 0
9, 1686528, Note_on_c, 4, 46, 106
9, 1686528, Note_on_c, 4, 58, 106
9, 1686784, Note_on_c, 4, 46, 0
9, 1686784, Note_on_c, 4, 58, 0
9, 1687040, Note_on_c, 4, 46, 107
9, 1687040, Note_on_c, 4, 58, 107
9, 1687296, Note_on_c, 4, 46, 0
9, 1687296, Note_on_c, 4, 58, 0
9, 1687552, Note_on_c, 4, 46, 114
9, 1687552, Note_on_c, 4, 58, 114
9, 1688064, Note_on_c, 4, 46, 0
9, 1688064, Note_on_c, 4, 58, 0
9, 1689088, Note_on_c, 4, 46, 107
9, 1689088, Note_on_c, 4, 58, 107
9, 1689344, Note_on_c, 4, 46, 0
9, 1689344, Note_on_c, 4, 58, 0
9, 1689600, Note_on_c, 4, 46, 106
9, 1689600, Note_on_c, 4, 58, 106
9, 1689856, Note_on_c, 4, 46, 0
9, 1689856, Note_on_c, 4, 58, 0
9, 1690112, Note_on_c, 4, 46, 105
9, 1690112, Note_on_c, 4, 58, 105
9, 1690368, Note_on_c, 4, 46, 0
9, 1690368, Note_on_c, 4, 58, 0
9, 1690624, Note_on_c, 4, 46, 110
9, 1690624, Note_on_c, 4, 58, 110
9, 1691136, Note_on_c, 4, 46, 0
9, 1691136, Note_on_c, 4, 58, 0
9, 1695232, Note_on_c, 4, 46, 97
9, 1695232, Note_on_c, 4, 58, 97
9, 1695488, Note_on_c, 4, 46, 0
9, 1695488, Note_on_c, 4, 58, 0
9, 1695744, Note_on_c, 4, 46, 96
9, 1695744, Note_on_c, 4, 58, 96
9, 1696000, Note_on_c, 4, 46, 0
9, 1696000, Note_on_c, 4, 58, 0
9, 1696256, Note_on_c, 4, 46, 96
9, 1696256, Note_on_c, 4, 58, 96
9, 1696512, Note_on_c, 4, 46, 0
9, 1696512, Note_on_c, 4, 58, 0
9, 1696768, Note_on_c, 4, 46, 104
9, 1696768, Note_on_c, 4, 58, 104
9, 1697024, Note_on_c, 4, 46, 0
9, 1697024, Note_on_c, 4, 58, 0
9, 1697280, Note_on_c, 4, 46, 94
9, 1697280, Note_on_c, 4, 58, 94
9, 1697536, Note_on_c, 4, 46, 0
9, 1697536, Note_on_c, 4, 58, 0
9, 1697792, Note_on_c, 4, 46, 93
9, 1697792, Note_on_c, 4, 58, 93
9, 1698048, Note_on_c, 4, 46, 0
9, 1698048, Note_on_c, 4, 58, 0
9, 1698304, Note_on_c, 4, 46, 92
9, 1698304, Note_on_c, 4, 58, 92
9, 1698560, Note_on_c, 4, 46, 0
9, 1698560, Note_on_c, 4, 58, 0
9, 1698816, Note_on_c, 4, 46, 92
9, 1698816, Note_on_c, 4, 58, 92
9, 1699072, Note_on_c, 4, 46, 0
9, 1699072, Note_on_c, 4, 58, 0
9, 1699328, Note_on_c, 4, 46, 92
9, 1699328, Note_on_c, 4, 58, 92
9, 1699584, Note_on_c, 4, 46, 0
9, 1699584, Note_on_c, 4, 58, 0
9, 1699840, Note_on_c, 4, 46, 100
9, 1699840, Note_on_c, 4, 58, 100
9, 1700096, Note_on_c, 4, 46, 0
9, 1700096, Note_on_c, 4, 58, 0
9, 1700352, Note_on_c, 4, 46, 92
9, 1700352, Note_on_c, 4, 58, 92
9, 1700608, Note_on_c, 4, 46, 0
9, 1700608, Note_on_c, 4, 58, 0
9, 1700864, Note_on_c, 4, 46, 92
9, 1700864, Note_on_c, 4, 58, 92
9, 1701120, Note_on_c, 4, 46, 0
9, 1701120, Note_on_c, 4, 58, 0
9, 1701376, Note_on_c, 4, 46, 92
9, 1701376, Note_on_c, 4, 58, 92
9, 1701888, Note_on_c, 4, 46, 0
9, 1701888, Note_on_c, 4, 58, 0
9, 1715200, Note_on_c, 4, 46, 100
9, 1715200, Note_on_c, 4, 58, 100
9, 1715456, Note_on_c, 4, 46, 0
9, 1715456, Note_on_c, 4, 58, 0
9, 1715712, Note_on_c, 4, 46, 92
9, 1715712, Note_on_c, 4, 58, 92
9, 1715968, Note_on_c, 4, 46, 0
9, 1715968, Note_on_c, 4, 58, 0
9, 1716224, Note_on_c, 4, 46, 92
9, 1716224, Note_on_c, 4, 58, 92
9, 1716480, Note_on_c, 4, 46, 0
9, 1716480, Note_on_c, 4, 58, 0
9, 1716736, Note_on_c, 4, 46, 94
9, 1716736, Note_on_c, 4, 58, 94
9, 1716992, Note_on_c, 4, 46, 0
9, 1716992, Note_on_c, 4, 58, 0
9, 1717248, Note_on_c, 4, 46, 94
9, 1717248, Note_on_c, 4, 58, 94
9, 1717504, Note_on_c, 4, 46, 0
9, 1717504, Note_on_c, 4, 58, 0
9, 1717760, Note_on_c, 4, 46, 94
9, 1717760, Note_on_c, 4, 58, 94
9, 1718016, Note_on_c, 4, 46, 0
9, 1718016, Note_on_c, 4, 58, 0
9, 1718272, Note_on_c, 4, 46, 101
9, 1718272, Note_on_c, 4, 58, 101
9, 1718528, Note_on_c, 4, 46, 0
9, 1718528, Note_on_c, 4, 58, 0
9, 1718784, Note_on_c, 4, 46, 95
9, 1718784, Note_on_c, 4, 58, 95
9, 1719040, Note_on_c, 4, 46, 0
9, 1719040, Note_on_c, 4, 58, 0
9, 1719296, Note_on_c, 4, 46, 95
9, 1719296, Note_on_c, 4, 58, 95
9, 1719552, Note_on_c, 4, 46, 0
9, 1719552, Note_on_c, 4, 58, 0
9, 1719808, Note_on_c, 4, 46, 96
9, 1719808, Note_on_c, 4, 58, 96
9, 1720064, Note_on_c, 4, 46, 0
9, 1720064, Note_on_c, 4, 58, 0
9, 1720320, Note_on_c, 4, 46, 96
9, 1720320, Note_on_c, 4, 58, 96
9, 1720576, Note_on_c, 4, 46, 0
9, 1720576, Note_on_c, 4, 58, 0
9, 1720832, Note_on_c, 4, 46, 96
9, 1720832, Note_on_c, 4, 58, 96
9, 1721088, Note_on_c, 4, 46, 0
9, 1721088, Note_on_c, 4, 58, 0
9, 1721344, Note_on_c, 4, 46, 104
9, 1721344, Note_on_c, 4, 58, 104
9, 1721600, Note_on_c, 4, 46, 0
9, 1721600, Note_on_c, 4, 58, 0
9, 1721856, Note_on_c, 4, 46, 97
9, 1721856, Note_on_c, 4, 58, 97
9, 1722112, Note_on_c, 4, 46, 0
9, 1722112, Note_on_c, 4, 58, 0
9, 1722368, Note_on_c, 4, 46, 97
9, 1722368, Note_on_c, 4, 58, 97
9, 1722624, Note_on_c, 4, 46, 0
9, 1722624, Note_on_c, 4, 58, 0
9, 1722880, Note_on_c, 4, 46, 98
9, 1722880, Note_on_c, 4, 58, 98
9, 1723136, Note_on_c, 4, 46, 0
9, 1723136, Note_on_c, 4, 58, 0
9, 1723392, Note_on_c, 4, 46, 98
9, 1723392, Note_on_c, 4, 58, 98
9, 1723648, Note_on_c, 4, 46, 0
9, 1723648, Note_on_c, 4, 58, 0
9, 1723904, Note_on_c, 4, 46, 98
9, 1723904, Note_on_c, 4, 58, 98
9, 1724160, Note_on_c, 4, 46, 0
9, 1724160, Note_on_c, 4, 58, 0
9, 1724416, Note_on_c, 4, 46, 104
9, 1724416, Note_on_c, 4, 58, 104
9, 1724672, Note_on_c, 4, 46, 0
9, 1724672, Note_on_c, 4, 58, 0
9, 1724928, Note_on_c, 4, 46, 99
9, 1724928, Note_on_c, 4, 58, 99
9, 1725184, Note_on_c, 4, 46, 0
9, 1725184, Note_on_c, 4, 58, 0
9, 1725440, Note_on_c, 4, 46, 99
9, 1725440, Note_on_c, 4, 58, 99
9, 1725696, Note_on_c, 4, 46, 0
9, 1725696, Note_on_c, 4, 58, 0
9, 1725952, Note_on_c, 4, 46, 100
9, 1725952, Note_on_c, 4, 58, 100
9, 1726208, Note_on_c, 4, 46, 0
9, 1726208, Note_on_c, 4, 58, 0
9, 1726464, Note_on_c, 4, 46, 100
9, 1726464, Note_on_c, 4, 58, 100
9, 1726720, Note_on_c, 4, 46, 0
9, 1726720, Note_on_c, 4, 58, 0
9, 1726976, Note_on_c, 4, 46, 100
9, 1726976, Note_on_c, 4, 58, 100
9, 1727232, Note_on_c, 4, 46, 0
9, 1727232, Note_on_c, 4, 58, 0
9, 1727488, Note_on_c, 4, 46, 109
9, 1727488, Note_on_c, 4, 58, 109
9, 1727744, Note_on_c, 4, 46, 0
9, 1727744, Note_on_c, 4, 58, 0
9, 1728000, Note_on_c, 4, 46, 101
9, 1728000, Note_on_c, 4, 58, 101
9, 1728256, Note_on_c, 4, 46, 0
9, 1728256, Note_on_c, 4, 58, 0
9, 1728512, Note_on_c, 4, 46, 101
9, 1728512, Note_on_c, 4, 58, 101
9, 1728768, Note_on_c, 4, 46, 0
9, 1728768, Note_on_c, 4, 58, 0
9, 1729024, Note_on_c, 4, 46, 102
9, 1729024, Note_on_c, 4, 58, 102
9, 1729280, Note_on_c, 4, 46, 0
9, 1729280, Note_on_c, 4, 58, 0
9, 1729536, Note_on_c, 4, 46, 102
9, 1729536, Note_on_c, 4, 58, 102
9, 1729792, Note_on_c, 4, 46, 0
9, 1729792, Note_on_c, 4, 58, 0
9, 1730048, Note_on_c, 4, 46, 102
9, 1730048, Note_on_c, 4, 58, 102
9, 1730304, Note_on_c, 4, 46, 0
9, 1730304, Note_on_c, 4, 58, 0
9, 1730560, Note_on_c, 4, 50, 112
9, 1730560, Note_on_c, 4, 62, 112
9, 1731072, Note_on_c, 4, 50, 0
9, 1731072, Note_on_c, 4, 62, 0
9, 1884002, Control_c, 4, 7, 41
9, 1884108, Control_c, 4, 7, 42
9, 1884214, Control_c, 4, 7, 43
9, 1884320, Control_c, 4, 7, 45
9, 1884426, Control_c, 4, 7, 46
9, 1884532, Control_c, 4, 7, 48
9, 1884638, Control_c, 4, 7, 49
9, 1884744, Control_c, 4, 7, 51
9, 1884850, Control_c, 4, 7, 52
9, 1884956, Control_c, 4, 7, 54
9, 1885062, Control_c, 4, 7, 55
9, 1885168, Control_c, 4, 7, 57
9, 1885274, Control_c, 4, 7, 58
9, 1885380, Control_c, 4, 7, 60
9, 1885486, Control_c, 4, 7, 61
9, 1885592, Control_c, 4, 7, 63
9, 1885698, Control_c, 4, 7, 64
9, 1885804, Control_c, 4, 7, 66
9, 1885910, Control_c, 4, 7, 67
9, 1886016, Control_c, 4, 7, 69
9, 1886122, Control_c, 4, 7, 70
9, 1886228, Control_c, 4, 7, 72
9, 1886334, Control_c, 4, 7, 73
9, 1886440, Control_c, 4, 7, 75
9, 1886546, Control_c, 4, 7, 76
9, 1886652, Control_c, 4, 7, 78
9, 1886758, Control_c, 4, 7, 79
9, 1886864, Control_c, 4, 7, 81
9, 1886970, Control_c, 4, 7, 82
9, 1887076, Control_c, 4, 7, 84
9, 1887182, Control_c, 4, 7, 85
9, 1887288, Control_c, 4, 7, 86
9, 1887394, Control_c, 4, 7, 88
9, 1887500, Control_c, 4, 7, 89
9, 1887606, Control_c, 4, 7, 91
9, 1887712, Control_c, 4, 7, 92
9, 1887818, Control_c, 4, 7, 94
9, 1887924, Control_c, 4, 7, 95
9, 1888030, Control_c, 4, 7, 97
9, 1888136, Control_c, 4, 7, 98
9, 1888242, Control_c, 4, 7, 100
9, 1888348, Control_c, 4, 7, 101
9, 1888454, Control_c, 4, 7, 103
9, 1888560, Control_c, 4, 7, 104
9, 1888666, Control_c, 4, 7, 106
9, 1888772, Control_c, 4, 7, 107
9, 1888878, Control_c, 4, 7, 109
9, 1888984, Control_c, 4, 7, 110
9, 1889090, Control_c, 4, 7, 112
9, 1889196, Control_c, 4, 7, 113
9, 1889302, Control_c, 4, 7, 115
9, 1889408, Control_c, 4, 7, 116
9, 1889514, Control_c, 4, 7, 118
9, 1889620, Control_c, 4, 7, 119
9, 1889726, Control_c, 4, 7, 121
9, 1889832, Control_c, 4, 7, 122
9, 1889938, Control_c, 4, 7, 124
9, 1890044, Control_c, 4, 7, 125
9, 2050048, End_track
10, 0, Start_track
10, 0, Title_t, "Trumpet"
10, 0, Program_c, 5, 56
10, 0, Control_c, 5, 121, 127
10, 0, Control_c, 5, 91, 127
10, 0, Control_c, 5, 1, 5
10, 0, Control_c, 5, 10, 80
10, 0, Control_c, 5, 11, 110
10, 2048, Note_on_c, 5, 57, 105
10, 2048, Note_on_c, 5, 69, 105
10, 4301, Note_on_c, 5, 57, 0
10, 4301, Note_on_c, 5, 69, 0
10, 4608, Note_on_c, 5, 57, 94
10, 4608, Note_on_c, 5, 69, 94
10, 4864, Note_on_c, 5, 57, 0
10, 4864, Note_on_c, 5, 69, 0
10, 5120, Note_on_c, 5, 57, 95
10, 5120, Note_on_c, 5, 69, 95
10, 5376, Note_on_c, 5, 57, 0
10, 5376, Note_on_c, 5, 69, 0
10, 5632, Note_on_c, 5, 62, 95
10, 5632, Note_on_c, 5, 74, 95
10, 5888, Note_on_c, 5, 62, 0
10, 5888, Note_on_c, 5, 74, 0
10, 6144, Note_on_c, 5, 62, 95
10, 6144, Note_on_c, 5, 74, 95
10, 6963, Note_on_c, 5, 62, 0
10, 6963, Note_on_c, 5, 74, 0
10, 7680, Note_on_c, 5, 69, 97
10, 7936, Note_on_c, 5, 69, 0
10, 8192, Note_on_c, 5, 69, 97
10, 8448, Note_on_c, 5, 69, 0
10, 8704, Note_on_c, 5, 62, 97
10, 8960, Note_on_c, 5, 62, 0
10, 9216, Note_on_c, 5, 62, 98
10, 10035, Note_on_c, 5, 62, 0
10, 10752, Note_on_c, 5, 57, 99
10, 10752, Note_on_c, 5, 69, 99
10, 11008, Note_on_c, 5, 57, 0
10, 11008, Note_on_c, 5, 69, 0
10, 11264, Note_on_c, 5, 57, 99
10, 11264, Note_on_c, 5, 69, 99
10, 11520, Note_on_c, 5, 57, 0
10, 11520, Note_on_c, 5, 69, 0
10, 11776, Note_on_c, 5, 62, 100
10, 11776, Note_on_c, 5, 74, 100
10, 12032, Note_on_c, 5, 62, 0
10, 12032, Note_on_c, 5, 74, 0
10, 12288, Note_on_c, 5, 62, 100
10, 12288, Note_on_c, 5, 74, 100
10, 13107, Note_on_c, 5, 62, 0
10, 13107, Note_on_c, 5, 74, 0
10, 13824, Note_on_c, 5, 69, 101
10, 13824, Note_on_c, 5, 81, 101
10, 14080, Note_on_c, 5, 69, 0
10, 14080, Note_on_c, 5, 81, 0
10, 14336, Note_on_c, 5, 69, 102
10, 14336, Note_on_c, 5, 81, 102
10, 14592, Note_on_c, 5, 69, 0
10, 14592, Note_on_c, 5, 81, 0
10, 14848, Note_on_c, 5, 62, 102
10, 14848, Note_on_c, 5, 74, 102
10, 15104, Note_on_c, 5, 62, 0
10, 15104, Note_on_c, 5, 74, 0
10, 15360, Note_on_c, 5, 62, 99
10, 15360, Note_on_c, 5, 74, 99
10, 15616, Note_on_c, 5, 62, 0
10, 15616, Note_on_c, 5, 74, 0
10, 15872, Note_on_c, 5, 62, 100
10, 15872, Note_on_c, 5, 74, 100
10, 16128, Note_on_c, 5, 62, 0
10, 16128, Note_on_c, 5, 74, 0
10, 16384, Note_on_c, 5, 62, 102
10, 16384, Note_on_c, 5, 74, 102
10, 16640, Note_on_c, 5, 62, 0
10, 16640, Note_on_c, 5, 74, 0
10, 16896, Note_on_c, 5, 62, 104
10, 16896, Note_on_c, 5, 74, 104
10, 17152, Note_on_c, 5, 62, 0
10, 17152, Note_on_c, 5, 74, 0
10, 17408, Note_on_c, 5, 62, 105
10, 17408, Note_on_c, 5, 74, 105
10, 17664, Note_on_c, 5, 62, 0
10, 17664, Note_on_c, 5, 74, 0
10, 17920, Note_on_c, 5, 62, 107
10, 17920, Note_on_c, 5, 74, 107
10, 18176, Note_on_c, 5, 62, 0
10, 18176, Note_on_c, 5, 74, 0
10, 18432, Note_on_c, 5, 62, 109
10, 18432, Note_on_c, 5, 74, 109
10, 18688, Note_on_c, 5, 62, 0
10, 18688, Note_on_c, 5, 74, 0
10, 18944, Note_on_c, 5, 62, 111
10, 18944, Note_on_c, 5, 74, 111
10, 19200, Note_on_c, 5, 62, 0
10, 19200, Note_on_c, 5, 74, 0
10, 19456, Note_on_c, 5, 62, 112
10, 19456, Note_on_c, 5, 74, 112
10, 19712, Note_on_c, 5, 62, 0
10, 19712, Note_on_c, 5, 74, 0
10, 19968, Note_on_c, 5, 62, 114
10, 19968, Note_on_c, 5, 74, 114
10, 20224, Note_on_c, 5, 62, 0
10, 20224, Note_on_c, 5, 74, 0
10, 20480, Note_on_c, 5, 62, 116
10, 20480, Note_on_c, 5, 74, 116
10, 20736, Note_on_c, 5, 62, 0
10, 20736, Note_on_c, 5, 74, 0
10, 20992, Note_on_c, 5, 62, 117
10, 20992, Note_on_c, 5, 74, 117
10, 21248, Note_on_c, 5, 62, 0
10, 21248, Note_on_c, 5, 74, 0
10, 21504, Note_on_c, 5, 62, 119
10, 21504, Note_on_c, 5, 74, 119
10, 22016, Note_on_c, 5, 62, 0
10, 22016, Note_on_c, 5, 74, 0
10, 22528, Note_on_c, 5, 57, 118
10, 22528, Note_on_c, 5, 69, 118
10, 23040, Note_on_c, 5, 57, 0
10, 23040, Note_on_c, 5, 69, 0
10, 51200, Note_on_c, 5, 62, 108
10, 51200, Note_on_c, 5, 74, 108
10, 55296, Note_on_c, 5, 62, 0
10, 55296, Note_on_c, 5, 74, 0
10, 55296, Note_on_c, 5, 72, 94
10, 56525, Note_on_c, 5, 72, 0
10, 56832, Note_on_c, 5, 72, 94
10, 57088, Note_on_c, 5, 72, 0
10, 57344, Note_on_c, 5, 72, 94
10, 57600, Note_on_c, 5, 72, 0
10, 57856, Note_on_c, 5, 72, 94
10, 58112, Note_on_c, 5, 72, 0
10, 58368, Note_on_c, 5, 72, 94
10, 58624, Note_on_c, 5, 72, 0
10, 58880, Note_on_c, 5, 66, 94
10, 59136, Note_on_c, 5, 66, 0
10, 59392, Note_on_c, 5, 66, 93
10, 59648, Note_on_c, 5, 66, 0
10, 59904, Note_on_c, 5, 69, 93
10, 60160, Note_on_c, 5, 69, 0
10, 60416, Note_on_c, 5, 69, 94
10, 60672, Note_on_c, 5, 69, 0
10, 60928, Note_on_c, 5, 72, 94
10, 61184, Note_on_c, 5, 72, 0
10, 61440, Note_on_c, 5, 72, 95
10, 62259, Note_on_c, 5, 72, 0
10, 62976, Note_on_c, 5, 72, 96
10, 63232, Note_on_c, 5, 72, 0
10, 63488, Note_on_c, 5, 72, 97
10, 63744, Note_on_c, 5, 72, 0
10, 64000, Note_on_c, 5, 72, 97
10, 64256, Note_on_c, 5, 72, 0
10, 64512, Note_on_c, 5, 72, 98
10, 64768, Note_on_c, 5, 72, 0
10, 65024, Note_on_c, 5, 66, 98
10, 65280, Note_on_c, 5, 66, 0
10, 65536, Note_on_c, 5, 66, 99
10, 65792, Note_on_c, 5, 66, 0
10, 66048, Note_on_c, 5, 69, 99
10, 66304, Note_on_c, 5, 69, 0
10, 66560, Note_on_c, 5, 69, 99
10, 66816, Note_on_c, 5, 69, 0
10, 67072, Note_on_c, 5, 72, 100
10, 67328, Note_on_c, 5, 72, 0
10, 67584, Note_on_c, 5, 72, 100
10, 68403, Note_on_c, 5, 72, 0
10, 69120, Note_on_c, 5, 74, 104
10, 69376, Note_on_c, 5, 74, 0
10, 69632, Note_on_c, 5, 74, 106
10, 69888, Note_on_c, 5, 74, 0
10, 70144, Note_on_c, 5, 72, 107
10, 70400, Note_on_c, 5, 72, 0
10, 70656, Note_on_c, 5, 72, 109
10, 71475, Note_on_c, 5, 72, 0
10, 72192, Note_on_c, 5, 69, 113
10, 72192, Note_on_c, 5, 72, 113
10, 72448, Note_on_c, 5, 69, 0
10, 72448, Note_on_c, 5, 72, 0
10, 72704, Note_on_c, 5, 69, 115
10, 72704, Note_on_c, 5, 72, 115
10, 72960, Note_on_c, 5, 69, 0
10, 72960, Note_on_c, 5, 72, 0
10, 73216, Note_on_c, 5, 69, 117
10, 73216, Note_on_c, 5, 72, 117
10, 73472, Note_on_c, 5, 69, 0
10, 73472, Note_on_c, 5, 72, 0
10, 73728, Note_on_c, 5, 69, 118
10, 73728, Note_on_c, 5, 72, 118
10, 74240, Note_on_c, 5, 69, 0
10, 74240, Note_on_c, 5, 72, 0
10, 76288, Note_on_c, 5, 69, 110
10, 76288, Note_on_c, 5, 72, 110
10, 76544, Note_on_c, 5, 69, 0
10, 76544, Note_on_c, 5, 72, 0
10, 76800, Note_on_c, 5, 69, 110
10, 76800, Note_on_c, 5, 72, 110
10, 77210, Note_on_c, 5, 69, 0
10, 77210, Note_on_c, 5, 72, 0
10, 90112, Note_on_c, 5, 62, 90
10, 90112, Note_on_c, 5, 74, 90
10, 90368, Note_on_c, 5, 62, 0
10, 90368, Note_on_c, 5, 74, 0
10, 91136, Note_on_c, 5, 62, 74
10, 91136, Note_on_c, 5, 74, 74
10, 91392, Note_on_c, 5, 62, 0
10, 91392, Note_on_c, 5, 74, 0
10, 92160, Note_on_c, 5, 57, 37
10, 92160, Note_on_c, 5, 69, 37
10, 93184, Note_on_c, 5, 57, 0
10, 93184, Note_on_c, 5, 69, 0
10, 100224, Note_on_c, 5, 57, 37
10, 100224, Note_on_c, 5, 69, 37
10, 100326, Note_on_c, 5, 57, 0
10, 100326, Note_on_c, 5, 69, 0
10, 100352, Note_on_c, 5, 57, 37
10, 100352, Note_on_c, 5, 69, 37
10, 101171, Note_on_c, 5, 57, 0
10, 101171, Note_on_c, 5, 69, 0
10, 108416, Note_on_c, 5, 57, 37
10, 108416, Note_on_c, 5, 69, 37
10, 108518, Note_on_c, 5, 57, 0
10, 108518, Note_on_c, 5, 69, 0
10, 108544, Note_on_c, 5, 57, 103
10, 108544, Note_on_c, 5, 69, 103
10, 108954, Note_on_c, 5, 57, 0
10, 108954, Note_on_c, 5, 69, 0
10, 254976, Note_on_c, 5, 57, 93
10, 254976, Note_on_c, 5, 69, 93
10, 255488, Note_on_c, 5, 57, 0
10, 255488, Note_on_c, 5, 69, 0
10, 258048, Note_on_c, 5, 62, 99
10, 258048, Note_on_c, 5, 74, 99
10, 258304, Note_on_c, 5, 62, 0
10, 258304, Note_on_c, 5, 74, 0
10, 258560, Note_on_c, 5, 62, 100
10, 258560, Note_on_c, 5, 74, 100
10, 258816, Note_on_c, 5, 62, 0
10, 258816, Note_on_c, 5, 74, 0
10, 259072, Note_on_c, 5, 62, 101
10, 259072, Note_on_c, 5, 74, 101
10, 259328, Note_on_c, 5, 62, 0
10, 259328, Note_on_c, 5, 74, 0
10, 259584, Note_on_c, 5, 62, 102
10, 259584, Note_on_c, 5, 74, 102
10, 259840, Note_on_c, 5, 62, 0
10, 259840, Note_on_c, 5, 74, 0
10, 260096, Note_on_c, 5, 62, 103
10, 260096, Note_on_c, 5, 74, 103
10, 260608, Note_on_c, 5, 62, 0
10, 260608, Note_on_c, 5, 74, 0
10, 270336, Note_on_c, 5, 62, 107
10, 270336, Note_on_c, 5, 74, 107
10, 271155, Note_on_c, 5, 62, 0
10, 271155, Note_on_c, 5, 74, 0
10, 271360, Note_on_c, 5, 62, 101
10, 271360, Note_on_c, 5, 74, 101
10, 271616, Note_on_c, 5, 62, 0
10, 271616, Note_on_c, 5, 74, 0
10, 278528, Note_on_c, 5, 69, 101
10, 278528, Note_on_c, 5, 76, 101
10, 279040, Note_on_c, 5, 69, 0
10, 279040, Note_on_c, 5, 76, 0
10, 280576, Note_on_c, 5, 66, 103
10, 280576, Note_on_c, 5, 74, 103
10, 281088, Note_on_c, 5, 66, 0
10, 281088, Note_on_c, 5, 74, 0
10, 577536, Note_on_c, 5, 74, 98
10, 577536, Note_on_c, 5, 78, 98
10, 579584, Note_on_c, 5, 74, 0
10, 579584, Note_on_c, 5, 78, 0
10, 579584, Note_on_c, 5, 76, 99
10, 579584, Note_on_c, 5, 79, 99
10, 580608, Note_on_c, 5, 76, 0
10, 580608, Note_on_c, 5, 79, 0
10, 580608, Note_on_c, 5, 78, 99
10, 580608, Note_on_c, 5, 81, 99
10, 581427, Note_on_c, 5, 78, 0
10, 581427, Note_on_c, 5, 81, 0
10, 581632, Note_on_c, 5, 78, 99
10, 581632, Note_on_c, 5, 81, 99
10, 582656, Note_on_c, 5, 78, 0
10, 582656, Note_on_c, 5, 81, 0
10, 582656, Note_on_c, 5, 76, 99
10, 582656, Note_on_c, 5, 79, 99
10, 583680, Note_on_c, 5, 76, 0
10, 583680, Note_on_c, 5, 79, 0
10, 583680, Note_on_c, 5, 74, 99
10, 583680, Note_on_c, 5, 78, 99
10, 584428, Note_on_c, 5, 74, 0
10, 584428, Note_on_c, 5, 78, 0
10, 584704, Note_on_c, 5, 69, 99
10, 584704, Note_on_c, 5, 76, 99
10, 585452, Note_on_c, 5, 69, 0
10, 585452, Note_on_c, 5, 76, 0
10, 585728, Note_on_c, 5, 66, 99
10, 585728, Note_on_c, 5, 74, 99
10, 586476, Note_on_c, 5, 66, 0
10, 586476, Note_on_c, 5, 74, 0
10, 586752, Note_on_c, 5, 66, 99
10, 586752, Note_on_c, 5, 74, 99
10, 587776, Note_on_c, 5, 66, 0
10, 587776, Note_on_c, 5, 74, 0
10, 587776, Note_on_c, 5, 69, 99
10, 587776, Note_on_c, 5, 76, 99
10, 588800, Note_on_c, 5, 69, 0
10, 588800, Note_on_c, 5, 76, 0
10, 588800, Note_on_c, 5, 74, 99
10, 588800, Note_on_c, 5, 78, 99
10, 589619, Note_on_c, 5, 74, 0
10, 589619, Note_on_c, 5, 78, 0
10, 589824, Note_on_c, 5, 74, 99
10, 589824, Note_on_c, 5, 78, 99
10, 591360, Note_on_c, 5, 74, 0
10, 591360, Note_on_c, 5, 78, 0
10, 591360, Note_on_c, 5, 69, 99
10, 591360, Note_on_c, 5, 76, 99
10, 591770, Note_on_c, 5, 69, 0
10, 591770, Note_on_c, 5, 76, 0
10, 591872, Note_on_c, 5, 69, 99
10, 591872, Note_on_c, 5, 76, 99
10, 593510, Note_on_c, 5, 69, 0
10, 593510, Note_on_c, 5, 76, 0
10, 593920, Note_on_c, 5, 74, 99
10, 593920, Note_on_c, 5, 78, 99
10, 595968, Note_on_c, 5, 74, 0
10, 595968, Note_on_c, 5, 78, 0
10, 595968, Note_on_c, 5, 76, 99
10, 595968, Note_on_c, 5, 79, 99
10, 596992, Note_on_c, 5, 76, 0
10, 596992, Note_on_c, 5, 79, 0
10, 596992, Note_on_c, 5, 78, 99
10, 596992, Note_on_c, 5, 81, 99
10, 597811, Note_on_c, 5, 78, 0
10, 597811, Note_on_c, 5, 81, 0
10, 598016, Note_on_c, 5, 78, 99
10, 598016, Note_on_c, 5, 81, 99
10, 599040, Note_on_c, 5, 78, 0
10, 599040, Note_on_c, 5, 81, 0
10, 599040, Note_on_c, 5, 76, 99
10, 599040, Note_on_c, 5, 79, 99
10, 600064, Note_on_c, 5, 76, 0
10, 600064, Note_on_c, 5, 79, 0
10, 600064, Note_on_c, 5, 74, 99
10, 600064, Note_on_c, 5, 78, 99
10, 600812, Note_on_c, 5, 74, 0
10, 600812, Note_on_c, 5, 78, 0
10, 601088, Note_on_c, 5, 69, 99
10, 601088, Note_on_c, 5, 76, 99
10, 601836, Note_on_c, 5, 69, 0
10, 601836, Note_on_c, 5, 76, 0
10, 602112, Note_on_c, 5, 66, 99
10, 602112, Note_on_c, 5, 74, 99
10, 602860, Note_on_c, 5, 66, 0
10, 602860, Note_on_c, 5, 74, 0
10, 603136, Note_on_c, 5, 66, 99
10, 603136, Note_on_c, 5, 74, 99
10, 603884, Note_on_c, 5, 66, 0
10, 603884, Note_on_c, 5, 74, 0
10, 604160, Note_on_c, 5, 69, 99
10, 604160, Note_on_c, 5, 76, 99
10, 604908, Note_on_c, 5, 69, 0
10, 604908, Note_on_c, 5, 76, 0
10, 605184, Note_on_c, 5, 74, 99
10, 605184, Note_on_c, 5, 78, 99
10, 605932, Note_on_c, 5, 74, 0
10, 605932, Note_on_c, 5, 78, 0
10, 606208, Note_on_c, 5, 69, 99
10, 606208, Note_on_c, 5, 76, 99
10, 607744, Note_on_c, 5, 69, 0
10, 607744, Note_on_c, 5, 76, 0
10, 607744, Note_on_c, 5, 66, 99
10, 607744, Note_on_c, 5, 74, 99
10, 608154, Note_on_c, 5, 66, 0
10, 608154, Note_on_c, 5, 74, 0
10, 608256, Note_on_c, 5, 66, 99
10, 608256, Note_on_c, 5, 74, 99
10, 609894, Note_on_c, 5, 66, 0
10, 609894, Note_on_c, 5, 74, 0
10, 610304, Note_on_c, 5, 69, 98
10, 610304, Note_on_c, 5, 76, 98
10, 612352, Note_on_c, 5, 69, 0
10, 612352, Note_on_c, 5, 76, 0
10, 612352, Note_on_c, 5, 74, 98
10, 612352, Note_on_c, 5, 78, 98
10, 613376, Note_on_c, 5, 74, 0
10, 613376, Note_on_c, 5, 78, 0
10, 613376, Note_on_c, 5, 66, 98
10, 613376, Note_on_c, 5, 74, 98
10, 614195, Note_on_c, 5, 66, 0
10, 614195, Note_on_c, 5, 74, 0
10, 614400, Note_on_c, 5, 69, 98
10, 614400, Note_on_c, 5, 76, 98
10, 615424, Note_on_c, 5, 69, 0
10, 615424, Note_on_c, 5, 76, 0
10, 615424, Note_on_c, 5, 74, 98
10, 615424, Note_on_c, 5, 78, 98
10, 615936, Note_on_c, 5, 74, 0
10, 615936, Note_on_c, 5, 78, 0
10, 615936, Note_on_c, 5, 76, 98
10, 615936, Note_on_c, 5, 79, 98
10, 616448, Note_on_c, 5, 76, 0
10, 616448, Note_on_c, 5, 79, 0
10, 616448, Note_on_c, 5, 74, 97
10, 616448, Note_on_c, 5, 78, 97
10, 617196, Note_on_c, 5, 74, 0
10, 617196, Note_on_c, 5, 78, 0
10, 617472, Note_on_c, 5, 66, 97
10, 617472, Note_on_c, 5, 74, 97
10, 618220, Note_on_c, 5, 66, 0
10, 618220, Note_on_c, 5, 74, 0
10, 618496, Note_on_c, 5, 69, 97
10, 618496, Note_on_c, 5, 76, 97
10, 619520, Note_on_c, 5, 69, 0
10, 619520, Note_on_c, 5, 76, 0
10, 619520, Note_on_c, 5, 74, 97
10, 619520, Note_on_c, 5, 78, 97
10, 620032, Note_on_c, 5, 74, 0
10, 620032, Note_on_c, 5, 78, 0
10, 620032, Note_on_c, 5, 76, 97
10, 620032, Note_on_c, 5, 79, 97
10, 620544, Note_on_c, 5, 76, 0
10, 620544, Note_on_c, 5, 79, 0
10, 620544, Note_on_c, 5, 66, 97
10, 620544, Note_on_c, 5, 78, 97
10, 621568, Note_on_c, 5, 66, 0
10, 621568, Note_on_c, 5, 78, 0
10, 621568, Note_on_c, 5, 66, 100
10, 622316, Note_on_c, 5, 66, 0
10, 622592, Note_on_c, 5, 62, 101
10, 622592, Note_on_c, 5, 74, 101
10, 623104, Note_on_c, 5, 62, 0
10, 623104, Note_on_c, 5, 74, 0
10, 623616, Note_on_c, 5, 76, 103
10, 624128, Note_on_c, 5, 76, 0
10, 624640, Note_on_c, 5, 69, 104
10, 625152, Note_on_c, 5, 69, 0
10, 625664, Note_on_c, 5, 74, 101
10, 625664, Note_on_c, 5, 78, 101
10, 627507, Note_on_c, 5, 74, 0
10, 627507, Note_on_c, 5, 78, 0
10, 627712, Note_on_c, 5, 74, 101
10, 627712, Note_on_c, 5, 78, 101
10, 628460, Note_on_c, 5, 74, 0
10, 628460, Note_on_c, 5, 78, 0
10, 628736, Note_on_c, 5, 76, 101
10, 628736, Note_on_c, 5, 79, 101
10, 629484, Note_on_c, 5, 76, 0
10, 629484, Note_on_c, 5, 79, 0
10, 629760, Note_on_c, 5, 78, 101
10, 629760, Note_on_c, 5, 81, 101
10, 630508, Note_on_c, 5, 78, 0
10, 630508, Note_on_c, 5, 81, 0
10, 630784, Note_on_c, 5, 78, 101
10, 630784, Note_on_c, 5, 81, 101
10, 631808, Note_on_c, 5, 78, 0
10, 631808, Note_on_c, 5, 81, 0
10, 631808, Note_on_c, 5, 76, 101
10, 631808, Note_on_c, 5, 79, 101
10, 632832, Note_on_c, 5, 76, 0
10, 632832, Note_on_c, 5, 79, 0
10, 632832, Note_on_c, 5, 74, 101
10, 632832, Note_on_c, 5, 78, 101
10, 633580, Note_on_c, 5, 74, 0
10, 633580, Note_on_c, 5, 78, 0
10, 633856, Note_on_c, 5, 69, 101
10, 633856, Note_on_c, 5, 76, 101
10, 634604, Note_on_c, 5, 69, 0
10, 634604, Note_on_c, 5, 76, 0
10, 634880, Note_on_c, 5, 66, 101
10, 634880, Note_on_c, 5, 74, 101
10, 635628, Note_on_c, 5, 66, 0
10, 635628, Note_on_c, 5, 74, 0
10, 635904, Note_on_c, 5, 66, 101
10, 635904, Note_on_c, 5, 74, 101
10, 636652, Note_on_c, 5, 66, 0
10, 636652, Note_on_c, 5, 74, 0
10, 636928, Note_on_c, 5, 69, 101
10, 636928, Note_on_c, 5, 76, 101
10, 637676, Note_on_c, 5, 69, 0
10, 637676, Note_on_c, 5, 76, 0
10, 637952, Note_on_c, 5, 74, 101
10, 637952, Note_on_c, 5, 78, 101
10, 638700, Note_on_c, 5, 74, 0
10, 638700, Note_on_c, 5, 78, 0
10, 638976, Note_on_c, 5, 69, 101
10, 638976, Note_on_c, 5, 76, 101
10, 640512, Note_on_c, 5, 69, 0
10, 640512, Note_on_c, 5, 76, 0
10, 640512, Note_on_c, 5, 66, 101
10, 640512, Note_on_c, 5, 74, 101
10, 640768, Note_on_c, 5, 66, 0
10, 640768, Note_on_c, 5, 74, 0
10, 641024, Note_on_c, 5, 66, 101
10, 641024, Note_on_c, 5, 74, 101
10, 641280, Note_on_c, 5, 66, 0
10, 641280, Note_on_c, 5, 74, 0
10, 641536, Note_on_c, 5, 78, 101
10, 641536, Note_on_c, 5, 81, 101
10, 642048, Note_on_c, 5, 78, 0
10, 642048, Note_on_c, 5, 81, 0
10, 642048, Note_on_c, 5, 76, 101
10, 642048, Note_on_c, 5, 79, 101
10, 642560, Note_on_c, 5, 76, 0
10, 642560, Note_on_c, 5, 79, 0
10, 642560, Note_on_c, 5, 74, 101
10, 642560, Note_on_c, 5, 78, 101
10, 643072, Note_on_c, 5, 74, 0
10, 643072, Note_on_c, 5, 78, 0
10, 643072, Note_on_c, 5, 69, 98
10, 643072, Note_on_c, 5, 76, 98
10, 645120, Note_on_c, 5, 69, 0
10, 645120, Note_on_c, 5, 76, 0
10, 645120, Note_on_c, 5, 74, 98
10, 645120, Note_on_c, 5, 78, 98
10, 646144, Note_on_c, 5, 74, 0
10, 646144, Note_on_c, 5, 78, 0
10, 646144, Note_on_c, 5, 66, 98
10, 646144, Note_on_c, 5, 74, 98
10, 646963, Note_on_c, 5, 66, 0
10, 646963, Note_on_c, 5, 74, 0
10, 647168, Note_on_c, 5, 69, 99
10, 647168, Note_on_c, 5, 76, 99
10, 648192, Note_on_c, 5, 69, 0
10, 648192, Note_on_c, 5, 76, 0
10, 648192, Note_on_c, 5, 74, 99
10, 648192, Note_on_c, 5, 78, 99
10, 648704, Note_on_c, 5, 74, 0
10, 648704, Note_on_c, 5, 78, 0
10, 648704, Note_on_c, 5, 76, 99
10, 648704, Note_on_c, 5, 79, 99
10, 649216, Note_on_c, 5, 76, 0
10, 649216, Note_on_c, 5, 79, 0
10, 649216, Note_on_c, 5, 74, 99
10, 649216, Note_on_c, 5, 78, 99
10, 649728, Note_on_c, 5, 74, 0
10, 649728, Note_on_c, 5, 78, 0
10, 650240, Note_on_c, 5, 66, 100
10, 650240, Note_on_c, 5, 74, 100
10, 650752, Note_on_c, 5, 66, 0
10, 650752, Note_on_c, 5, 74, 0
10, 651264, Note_on_c, 5, 69, 100
10, 651264, Note_on_c, 5, 76, 100
10, 652288, Note_on_c, 5, 69, 0
10, 652288, Note_on_c, 5, 76, 0
10, 652288, Note_on_c, 5, 74, 100
10, 652288, Note_on_c, 5, 78, 100
10, 652800, Note_on_c, 5, 74, 0
10, 652800, Note_on_c, 5, 78, 0
10, 652800, Note_on_c, 5, 76, 100
10, 652800, Note_on_c, 5, 79, 100
10, 653312, Note_on_c, 5, 76, 0
10, 653312, Note_on_c, 5, 79, 0
10, 653312, Note_on_c, 5, 66, 100
10, 653312, Note_on_c, 5, 78, 100
10, 654336, Note_on_c, 5, 66, 0
10, 654336, Note_on_c, 5, 78, 0
10, 654336, Note_on_c, 5, 66, 100
10, 655155, Note_on_c, 5, 66, 0
10, 655360, Note_on_c, 5, 62, 101
10, 655360, Note_on_c, 5, 74, 101
10, 655872, Note_on_c, 5, 62, 0
10, 655872, Note_on_c, 5, 74, 0
10, 656384, Note_on_c, 5, 76, 102
10, 656896, Note_on_c, 5, 76, 0
10, 657408, Note_on_c, 5, 69, 103
10, 657920, Note_on_c, 5, 69, 0
10, 658432, Note_on_c, 5, 74, 101
10, 658432, Note_on_c, 5, 78, 101
10, 660275, Note_on_c, 5, 74, 0
10, 660275, Note_on_c, 5, 78, 0
10, 660480, Note_on_c, 5, 74, 101
10, 660480, Note_on_c, 5, 78, 101
10, 661228, Note_on_c, 5, 74, 0
10, 661228, Note_on_c, 5, 78, 0
10, 661504, Note_on_c, 5, 76, 101
10, 661504, Note_on_c, 5, 79, 101
10, 662252, Note_on_c, 5, 76, 0
10, 662252, Note_on_c, 5, 79, 0
10, 662528, Note_on_c, 5, 78, 101
10, 662528, Note_on_c, 5, 81, 101
10, 663276, Note_on_c, 5, 78, 0
10, 663276, Note_on_c, 5, 81, 0
10, 663552, Note_on_c, 5, 78, 100
10, 663552, Note_on_c, 5, 81, 100
10, 664576, Note_on_c, 5, 78, 0
10, 664576, Note_on_c, 5, 81, 0
10, 664576, Note_on_c, 5, 76, 100
10, 664576, Note_on_c, 5, 79, 100
10, 665600, Note_on_c, 5, 76, 0
10, 665600, Note_on_c, 5, 79, 0
10, 665600, Note_on_c, 5, 74, 100
10, 665600, Note_on_c, 5, 78, 100
10, 666348, Note_on_c, 5, 74, 0
10, 666348, Note_on_c, 5, 78, 0
10, 666624, Note_on_c, 5, 69, 100
10, 666624, Note_on_c, 5, 76, 100
10, 667372, Note_on_c, 5, 69, 0
10, 667372, Note_on_c, 5, 76, 0
10, 667648, Note_on_c, 5, 66, 99
10, 667648, Note_on_c, 5, 74, 99
10, 668396, Note_on_c, 5, 66, 0
10, 668396, Note_on_c, 5, 74, 0
10, 668672, Note_on_c, 5, 66, 99
10, 668672, Note_on_c, 5, 74, 99
10, 669420, Note_on_c, 5, 66, 0
10, 669420, Note_on_c, 5, 74, 0
10, 669696, Note_on_c, 5, 69, 99
10, 669696, Note_on_c, 5, 76, 99
10, 670444, Note_on_c, 5, 69, 0
10, 670444, Note_on_c, 5, 76, 0
10, 670720, Note_on_c, 5, 74, 99
10, 670720, Note_on_c, 5, 78, 99
10, 671468, Note_on_c, 5, 74, 0
10, 671468, Note_on_c, 5, 78, 0
10, 671744, Note_on_c, 5, 69, 99
10, 671744, Note_on_c, 5, 76, 99
10, 673280, Note_on_c, 5, 69, 0
10, 673280, Note_on_c, 5, 76, 0
10, 673280, Note_on_c, 5, 66, 88
10, 673280, Note_on_c, 5, 74, 88
10, 673654, Note_on_c, 5, 66, 0
10, 673654, Note_on_c, 5, 74, 0
10, 673792, Note_on_c, 5, 66, 83
10, 673792, Note_on_c, 5, 74, 83
10, 674540, Note_on_c, 5, 66, 0
10, 674540, Note_on_c, 5, 74, 0
10, 674816, Note_on_c, 5, 66, 83
10, 674816, Note_on_c, 5, 69, 83
10, 675840, Note_on_c, 5, 66, 0
10, 675840, Note_on_c, 5, 69, 0
10, 675840, Note_on_c, 5, 62, 83
10, 675840, Note_on_c, 5, 74, 83
10, 677376, Note_on_c, 5, 62, 0
10, 677376, Note_on_c, 5, 74, 0
10, 677376, Note_on_c, 5, 62, 83
10, 677376, Note_on_c, 5, 74, 83
10, 677632, Note_on_c, 5, 62, 0
10, 677632, Note_on_c, 5, 74, 0
10, 677888, Note_on_c, 5, 62, 83
10, 677888, Note_on_c, 5, 74, 83
10, 678400, Note_on_c, 5, 62, 0
10, 678400, Note_on_c, 5, 74, 0
10, 678912, Note_on_c, 5, 62, 83
10, 678912, Note_on_c, 5, 74, 83
10, 679936, Note_on_c, 5, 62, 0
10, 679936, Note_on_c, 5, 74, 0
10, 679936, Note_on_c, 5, 62, 83
10, 679936, Note_on_c, 5, 74, 83
10, 681472, Note_on_c, 5, 62, 0
10, 681472, Note_on_c, 5, 74, 0
10, 681472, Note_on_c, 5, 62, 83
10, 681472, Note_on_c, 5, 74, 83
10, 681728, Note_on_c, 5, 62, 0
10, 681728, Note_on_c, 5, 74, 0
10, 681984, Note_on_c, 5, 62, 83
10, 681984, Note_on_c, 5, 74, 83
10, 682496, Note_on_c, 5, 62, 0
10, 682496, Note_on_c, 5, 74, 0
10, 683008, Note_on_c, 5, 62, 83
10, 683008, Note_on_c, 5, 74, 83
10, 684032, Note_on_c, 5, 62, 0
10, 684032, Note_on_c, 5, 74, 0
10, 684032, Note_on_c, 5, 62, 83
10, 684032, Note_on_c, 5, 74, 83
10, 685568, Note_on_c, 5, 62, 0
10, 685568, Note_on_c, 5, 74, 0
10, 685568, Note_on_c, 5, 74, 83
10, 685568, Note_on_c, 5, 76, 83
10, 685824, Note_on_c, 5, 74, 0
10, 685824, Note_on_c, 5, 76, 0
10, 686080, Note_on_c, 5, 69, 83
10, 686080, Note_on_c, 5, 76, 83
10, 686592, Note_on_c, 5, 69, 0
10, 686592, Note_on_c, 5, 76, 0
10, 687104, Note_on_c, 5, 76, 83
10, 687104, Note_on_c, 5, 69, 83
10, 687616, Note_on_c, 5, 76, 0
10, 687616, Note_on_c, 5, 78, 83
10, 688128, Note_on_c, 5, 69, 0
10, 688128, Note_on_c, 5, 78, 0
10, 688128, Note_on_c, 5, 69, 83
10, 688128, Note_on_c, 5, 76, 83
10, 689664, Note_on_c, 5, 69, 0
10, 689664, Note_on_c, 5, 76, 0
10, 689664, Note_on_c, 5, 66, 83
10, 689664, Note_on_c, 5, 74, 83
10, 690074, Note_on_c, 5, 66, 0
10, 690074, Note_on_c, 5, 74, 0
10, 690176, Note_on_c, 5, 66, 83
10, 690176, Note_on_c, 5, 74, 83
10, 691200, Note_on_c, 5, 66, 0
10, 691200, Note_on_c, 5, 74, 0
10, 691200, Note_on_c, 5, 62, 83
10, 691200, Note_on_c, 5, 74, 83
10, 693760, Note_on_c, 5, 62, 0
10, 693760, Note_on_c, 5, 74, 0
10, 693760, Note_on_c, 5, 74, 83
10, 693760, Note_on_c, 5, 76, 83
10, 694016, Note_on_c, 5, 74, 0
10, 694016, Note_on_c, 5, 76, 0
10, 694272, Note_on_c, 5, 69, 83
10, 694272, Note_on_c, 5, 76, 83
10, 694784, Note_on_c, 5, 69, 0
10, 694784, Note_on_c, 5, 76, 0
10, 695296, Note_on_c, 5, 76, 83
10, 697856, Note_on_c, 5, 76, 0
10, 697856, Note_on_c, 5, 66, 83
10, 697856, Note_on_c, 5, 78, 83
10, 698112, Note_on_c, 5, 66, 0
10, 698112, Note_on_c, 5, 78, 0
10, 698368, Note_on_c, 5, 66, 83
10, 698368, Note_on_c, 5, 78, 83
10, 698880, Note_on_c, 5, 66, 0
10, 698880, Note_on_c, 5, 78, 0
10, 699392, Note_on_c, 5, 66, 83
10, 699392, Note_on_c, 5, 78, 83
10, 701235, Note_on_c, 5, 66, 0
10, 701235, Note_on_c, 5, 78, 0
10, 704512, Note_on_c, 5, 76, 88
10, 704512, Note_on_c, 5, 79, 88
10, 705331, Note_on_c, 5, 76, 0
10, 705331, Note_on_c, 5, 79, 0
10, 706560, Note_on_c, 5, 66, 92
10, 706560, Note_on_c, 5, 78, 92
10, 707379, Note_on_c, 5, 66, 0
10, 707379, Note_on_c, 5, 78, 0
10, 711680, Note_on_c, 5, 62, 101
10, 711680, Note_on_c, 5, 74, 101
10, 712499, Note_on_c, 5, 62, 0
10, 712499, Note_on_c, 5, 74, 0
10, 712704, Note_on_c, 5, 62, 102
10, 712704, Note_on_c, 5, 74, 102
10, 713933, Note_on_c, 5, 62, 0
10, 713933, Note_on_c, 5, 74, 0
10, 714240, Note_on_c, 5, 76, 103
10, 714650, Note_on_c, 5, 76, 0
10, 714752, Note_on_c, 5, 76, 103
10, 715981, Note_on_c, 5, 76, 0
10, 716288, Note_on_c, 5, 74, 103
10, 718336, Note_on_c, 5, 74, 0
10, 718336, Note_on_c, 5, 76, 103
10, 718746, Note_on_c, 5, 76, 0
10, 718848, Note_on_c, 5, 76, 103
10, 719258, Note_on_c, 5, 76, 0
10, 719360, Note_on_c, 5, 76, 103
10, 719770, Note_on_c, 5, 76, 0
10, 719872, Note_on_c, 5, 76, 103
10, 720282, Note_on_c, 5, 76, 0
10, 720384, Note_on_c, 5, 76, 103
10, 720794, Note_on_c, 5, 76, 0
10, 720896, Note_on_c, 5, 69, 103
10, 720896, Note_on_c, 5, 76, 103
10, 721715, Note_on_c, 5, 69, 0
10, 721715, Note_on_c, 5, 76, 0
10, 721920, Note_on_c, 5, 69, 103
10, 721920, Note_on_c, 5, 76, 103
10, 722330, Note_on_c, 5, 69, 0
10, 722330, Note_on_c, 5, 76, 0
10, 722432, Note_on_c, 5, 69, 103
10, 722432, Note_on_c, 5, 76, 103
10, 722842, Note_on_c, 5, 69, 0
10, 722842, Note_on_c, 5, 76, 0
10, 722944, Note_on_c, 5, 62, 103
10, 722944, Note_on_c, 5, 78, 103
10, 723763, Note_on_c, 5, 62, 0
10, 723763, Note_on_c, 5, 78, 0
10, 723968, Note_on_c, 5, 62, 103
10, 723968, Note_on_c, 5, 78, 103
10, 724378, Note_on_c, 5, 62, 0
10, 724378, Note_on_c, 5, 78, 0
10, 724480, Note_on_c, 5, 62, 103
10, 724480, Note_on_c, 5, 78, 103
10, 724890, Note_on_c, 5, 62, 0
10, 724890, Note_on_c, 5, 78, 0
10, 724992, Note_on_c, 5, 76, 103
10, 725811, Note_on_c, 5, 76, 0
10, 726528, Note_on_c, 5, 57, 103
10, 726528, Note_on_c, 5, 69, 103
10, 726938, Note_on_c, 5, 57, 0
10, 726938, Note_on_c, 5, 69, 0
10, 727040, Note_on_c, 5, 57, 105
10, 727040, Note_on_c, 5, 69, 105
10, 727450, Note_on_c, 5, 57, 0
10, 727450, Note_on_c, 5, 69, 0
10, 727552, Note_on_c, 5, 57, 107
10, 727552, Note_on_c, 5, 69, 107
10, 727962, Note_on_c, 5, 57, 0
10, 727962, Note_on_c, 5, 69, 0
10, 728064, Note_on_c, 5, 76, 109
10, 728474, Note_on_c, 5, 76, 0
10, 728576, Note_on_c, 5, 76, 111
10, 728986, Note_on_c, 5, 76, 0
10, 729088, Note_on_c, 5, 69, 113
10, 729088, Note_on_c, 5, 81, 113
10, 730726, Note_on_c, 5, 69, 0
10, 730726, Note_on_c, 5, 81, 0
10, 731136, Note_on_c, 5, 76, 114
10, 731648, Note_on_c, 5, 76, 0
10, 732160, Note_on_c, 5, 76, 114
10, 732672, Note_on_c, 5, 76, 0
10, 733184, Note_on_c, 5, 69, 114
10, 733184, Note_on_c, 5, 81, 114
10, 734822, Note_on_c, 5, 69, 0
10, 734822, Note_on_c, 5, 81, 0
10, 735232, Note_on_c, 5, 76, 114
10, 735744, Note_on_c, 5, 76, 0
10, 736256, Note_on_c, 5, 76, 114
10, 736768, Note_on_c, 5, 76, 0
10, 749568, Note_on_c, 5, 76, 98
10, 750592, Note_on_c, 5, 76, 0
10, 750592, Note_on_c, 5, 69, 105
10, 750848, Note_on_c, 5, 69, 0
10, 751104, Note_on_c, 5, 69, 105
10, 751104, Note_on_c, 5, 81, 105
10, 751360, Note_on_c, 5, 69, 0
10, 751360, Note_on_c, 5, 81, 0
10, 751616, Note_on_c, 5, 69, 105
10, 751616, Note_on_c, 5, 81, 105
10, 751872, Note_on_c, 5, 69, 0
10, 751872, Note_on_c, 5, 81, 0
10, 752128, Note_on_c, 5, 76, 105
10, 753152, Note_on_c, 5, 76, 0
10, 753152, Note_on_c, 5, 76, 105
10, 753664, Note_on_c, 5, 76, 0
10, 755200, Note_on_c, 5, 76, 105
10, 755712, Note_on_c, 5, 76, 0
10, 757248, Note_on_c, 5, 69, 116
10, 757760, Note_on_c, 5, 69, 0
10, 760320, Note_on_c, 5, 57, 116
10, 760320, Note_on_c, 5, 69, 116
10, 762573, Note_on_c, 5, 57, 0
10, 762573, Note_on_c, 5, 69, 0
10, 762880, Note_on_c, 5, 57, 108
10, 762880, Note_on_c, 5, 69, 108
10, 763136, Note_on_c, 5, 57, 0
10, 763136, Note_on_c, 5, 69, 0
10, 763392, Note_on_c, 5, 57, 106
10, 763392, Note_on_c, 5, 69, 106
10, 763648, Note_on_c, 5, 57, 0
10, 763648, Note_on_c, 5, 69, 0
10, 763904, Note_on_c, 5, 62, 104
10, 763904, Note_on_c, 5, 74, 104
10, 764160, Note_on_c, 5, 62, 0
10, 764160, Note_on_c, 5, 74, 0
10, 764416, Note_on_c, 5, 62, 102
10, 764416, Note_on_c, 5, 74, 102
10, 765235, Note_on_c, 5, 62, 0
10, 765235, Note_on_c, 5, 74, 0
10, 765952, Note_on_c, 5, 69, 102
10, 766208, Note_on_c, 5, 69, 0
10, 766464, Note_on_c, 5, 69, 103
10, 766720, Note_on_c, 5, 69, 0
10, 766976, Note_on_c, 5, 62, 103
10, 767232, Note_on_c, 5, 62, 0
10, 767488, Note_on_c, 5, 62, 104
10, 768307, Note_on_c, 5, 62, 0
10, 769024, Note_on_c, 5, 57, 106
10, 769024, Note_on_c, 5, 69, 106
10, 769280, Note_on_c, 5, 57, 0
10, 769280, Note_on_c, 5, 69, 0
10, 769536, Note_on_c, 5, 57, 106
10, 769536, Note_on_c, 5, 69, 106
10, 769792, Note_on_c, 5, 57, 0
10, 769792, Note_on_c, 5, 69, 0
10, 770048, Note_on_c, 5, 62, 107
10, 770048, Note_on_c, 5, 74, 107
10, 770304, Note_on_c, 5, 62, 0
10, 770304, Note_on_c, 5, 74, 0
10, 770560, Note_on_c, 5, 62, 107
10, 770560, Note_on_c, 5, 74, 107
10, 771379, Note_on_c, 5, 62, 0
10, 771379, Note_on_c, 5, 74, 0
10, 772096, Note_on_c, 5, 69, 109
10, 772096, Note_on_c, 5, 81, 109
10, 772352, Note_on_c, 5, 69, 0
10, 772352, Note_on_c, 5, 81, 0
10, 772608, Note_on_c, 5, 69, 110
10, 772608, Note_on_c, 5, 81, 110
10, 772864, Note_on_c, 5, 69, 0
10, 772864, Note_on_c, 5, 81, 0
10, 773120, Note_on_c, 5, 62, 110
10, 773120, Note_on_c, 5, 74, 110
10, 773376, Note_on_c, 5, 62, 0
10, 773376, Note_on_c, 5, 74, 0
10, 773632, Note_on_c, 5, 62, 111
10, 773632, Note_on_c, 5, 74, 111
10, 773888, Note_on_c, 5, 62, 0
10, 773888, Note_on_c, 5, 74, 0
10, 774144, Note_on_c, 5, 62, 112
10, 774144, Note_on_c, 5, 74, 112
10, 774400, Note_on_c, 5, 62, 0
10, 774400, Note_on_c, 5, 74, 0
10, 774656, Note_on_c, 5, 62, 112
10, 774656, Note_on_c, 5, 74, 112
10, 774912, Note_on_c, 5, 62, 0
10, 774912, Note_on_c, 5, 74, 0
10, 775168, Note_on_c, 5, 62, 113
10, 775168, Note_on_c, 5, 74, 113
10, 775424, Note_on_c, 5, 62, 0
10, 775424, Note_on_c, 5, 74, 0
10, 775680, Note_on_c, 5, 62, 113
10, 775680, Note_on_c, 5, 74, 113
10, 775936, Note_on_c, 5, 62, 0
10, 775936, Note_on_c, 5, 74, 0
10, 776192, Note_on_c, 5, 62, 114
10, 776192, Note_on_c, 5, 74, 114
10, 776448, Note_on_c, 5, 62, 0
10, 776448, Note_on_c, 5, 74, 0
10, 776704, Note_on_c, 5, 62, 115
10, 776704, Note_on_c, 5, 74, 115
10, 776960, Note_on_c, 5, 62, 0
10, 776960, Note_on_c, 5, 74, 0
10, 777216, Note_on_c, 5, 62, 115
10, 777216, Note_on_c, 5, 74, 115
10, 777472, Note_on_c, 5, 62, 0
10, 777472, Note_on_c, 5, 74, 0
10, 777728, Note_on_c, 5, 62, 116
10, 777728, Note_on_c, 5, 74, 116
10, 777984, Note_on_c, 5, 62, 0
10, 777984, Note_on_c, 5, 74, 0
10, 778240, Note_on_c, 5, 62, 116
10, 778240, Note_on_c, 5, 74, 116
10, 778496, Note_on_c, 5, 62, 0
10, 778496, Note_on_c, 5, 74, 0
10, 778752, Note_on_c, 5, 62, 117
10, 778752, Note_on_c, 5, 74, 117
10, 779008, Note_on_c, 5, 62, 0
10, 779008, Note_on_c, 5, 74, 0
10, 779264, Note_on_c, 5, 62, 117
10, 779264, Note_on_c, 5, 74, 117
10, 779520, Note_on_c, 5, 62, 0
10, 779520, Note_on_c, 5, 74, 0
10, 779776, Note_on_c, 5, 62, 118
10, 779776, Note_on_c, 5, 74, 118
10, 780288, Note_on_c, 5, 62, 0
10, 780288, Note_on_c, 5, 74, 0
10, 780800, Note_on_c, 5, 57, 120
10, 780800, Note_on_c, 5, 69, 120
10, 781312, Note_on_c, 5, 57, 0
10, 781312, Note_on_c, 5, 69, 0
10, 825856, Note_on_c, 5, 57, 100
10, 825856, Note_on_c, 5, 69, 100
10, 826368, Note_on_c, 5, 57, 0
10, 826368, Note_on_c, 5, 69, 0
10, 826880, Note_on_c, 5, 62, 102
10, 826880, Note_on_c, 5, 74, 102
10, 827136, Note_on_c, 5, 62, 0
10, 827136, Note_on_c, 5, 74, 0
10, 827392, Note_on_c, 5, 62, 102
10, 827392, Note_on_c, 5, 74, 102
10, 827648, Note_on_c, 5, 62, 0
10, 827648, Note_on_c, 5, 74, 0
10, 827904, Note_on_c, 5, 62, 103
10, 827904, Note_on_c, 5, 74, 103
10, 828416, Note_on_c, 5, 62, 0
10, 828416, Note_on_c, 5, 74, 0
10, 840192, Note_on_c, 5, 62, 53
10, 840192, Note_on_c, 5, 74, 53
10, 840602, Note_on_c, 5, 62, 0
10, 840602, Note_on_c, 5, 74, 0
10, 841216, Note_on_c, 5, 62, 88
10, 841216, Note_on_c, 5, 74, 88
10, 841626, Note_on_c, 5, 62, 0
10, 841626, Note_on_c, 5, 74, 0
10, 847360, Note_on_c, 5, 57, 106
10, 847360, Note_on_c, 5, 69, 106
10, 847872, Note_on_c, 5, 57, 0
10, 847872, Note_on_c, 5, 69, 0
10, 930816, Note_on_c, 5, 57, 96
10, 930816, Note_on_c, 5, 69, 96
10, 931328, Note_on_c, 5, 57, 0
10, 931328, Note_on_c, 5, 69, 0
10, 934912, Note_on_c, 5, 57, 96
10, 934912, Note_on_c, 5, 69, 96
10, 935424, Note_on_c, 5, 57, 0
10, 935424, Note_on_c, 5, 69, 0
10, 939008, Note_on_c, 5, 57, 96
10, 939008, Note_on_c, 5, 69, 96
10, 939520, Note_on_c, 5, 57, 0
10, 939520, Note_on_c, 5, 69, 0
10, 941056, Note_on_c, 5, 57, 96
10, 941056, Note_on_c, 5, 69, 96
10, 941568, Note_on_c, 5, 57, 0
10, 941568, Note_on_c, 5, 69, 0
10, 942080, Note_on_c, 5, 57, 96
10, 942080, Note_on_c, 5, 69, 96
10, 942592, Note_on_c, 5, 57, 0
10, 942592, Note_on_c, 5, 69, 0
10, 943104, Note_on_c, 5, 57, 96
10, 943104, Note_on_c, 5, 69, 96
10, 943616, Note_on_c, 5, 57, 0
10, 943616, Note_on_c, 5, 69, 0
10, 944128, Note_on_c, 5, 57, 98
10, 944128, Note_on_c, 5, 69, 98
10, 944640, Note_on_c, 5, 57, 0
10, 944640, Note_on_c, 5, 69, 0
10, 945152, Note_on_c, 5, 57, 101
10, 945152, Note_on_c, 5, 69, 101
10, 945664, Note_on_c, 5, 57, 0
10, 945664, Note_on_c, 5, 69, 0
10, 946688, Note_on_c, 5, 57, 103
10, 946688, Note_on_c, 5, 69, 103
10, 946944, Note_on_c, 5, 57, 0
10, 946944, Note_on_c, 5, 69, 0
10, 947200, Note_on_c, 5, 57, 103
10, 947200, Note_on_c, 5, 69, 103
10, 947712, Note_on_c, 5, 57, 0
10, 947712, Note_on_c, 5, 69, 0
10, 948736, Note_on_c, 5, 57, 101
10, 948736, Note_on_c, 5, 69, 101
10, 948992, Note_on_c, 5, 57, 0
10, 948992, Note_on_c, 5, 69, 0
10, 949248, Note_on_c, 5, 57, 100
10, 949248, Note_on_c, 5, 69, 100
10, 949760, Note_on_c, 5, 57, 0
10, 949760, Note_on_c, 5, 69, 0
10, 950784, Note_on_c, 5, 57, 97
10, 950784, Note_on_c, 5, 69, 97
10, 951040, Note_on_c, 5, 57, 0
10, 951040, Note_on_c, 5, 69, 0
10, 951296, Note_on_c, 5, 57, 96
10, 951296, Note_on_c, 5, 69, 96
10, 951808, Note_on_c, 5, 57, 0
10, 951808, Note_on_c, 5, 69, 0
10, 952832, Note_on_c, 5, 57, 96
10, 952832, Note_on_c, 5, 69, 96
10, 953088, Note_on_c, 5, 57, 0
10, 953088, Note_on_c, 5, 69, 0
10, 953344, Note_on_c, 5, 57, 96
10, 953344, Note_on_c, 5, 69, 96
10, 953856, Note_on_c, 5, 57, 0
10, 953856, Note_on_c, 5, 69, 0
10, 954880, Note_on_c, 5, 57, 96
10, 954880, Note_on_c, 5, 69, 96
10, 955136, Note_on_c, 5, 57, 0
10, 955136, Note_on_c, 5, 69, 0
10, 955392, Note_on_c, 5, 57, 96
10, 955392, Note_on_c, 5, 69, 96
10, 955904, Note_on_c, 5, 57, 0
10, 955904, Note_on_c, 5, 69, 0
10, 956928, Note_on_c, 5, 62, 95
10, 956928, Note_on_c, 5, 74, 95
10, 957184, Note_on_c, 5, 62, 0
10, 957184, Note_on_c, 5, 74, 0
10, 957440, Note_on_c, 5, 62, 95
10, 957440, Note_on_c, 5, 74, 95
10, 957952, Note_on_c, 5, 62, 0
10, 957952, Note_on_c, 5, 74, 0
10, 958976, Note_on_c, 5, 62, 95
10, 958976, Note_on_c, 5, 74, 95
10, 959232, Note_on_c, 5, 62, 0
10, 959232, Note_on_c, 5, 74, 0
10, 959488, Note_on_c, 5, 57, 95
10, 959488, Note_on_c, 5, 69, 95
10, 960000, Note_on_c, 5, 57, 0
10, 960000, Note_on_c, 5, 69, 0
10, 961024, Note_on_c, 5, 62, 95
10, 961024, Note_on_c, 5, 74, 95
10, 961280, Note_on_c, 5, 62, 0
10, 961280, Note_on_c, 5, 74, 0
10, 961536, Note_on_c, 5, 62, 95
10, 961536, Note_on_c, 5, 74, 95
10, 962048, Note_on_c, 5, 62, 0
10, 962048, Note_on_c, 5, 74, 0
10, 963072, Note_on_c, 5, 57, 94
10, 963072, Note_on_c, 5, 69, 94
10, 963328, Note_on_c, 5, 57, 0
10, 963328, Note_on_c, 5, 69, 0
10, 963584, Note_on_c, 5, 57, 94
10, 963584, Note_on_c, 5, 69, 94
10, 964096, Note_on_c, 5, 57, 0
10, 964096, Note_on_c, 5, 69, 0
10, 965120, Note_on_c, 5, 62, 94
10, 965120, Note_on_c, 5, 74, 94
10, 965376, Note_on_c, 5, 62, 0
10, 965376, Note_on_c, 5, 74, 0
10, 965632, Note_on_c, 5, 62, 94
10, 965632, Note_on_c, 5, 74, 94
10, 966144, Note_on_c, 5, 62, 0
10, 966144, Note_on_c, 5, 74, 0
10, 967168, Note_on_c, 5, 62, 94
10, 967168, Note_on_c, 5, 74, 94
10, 967424, Note_on_c, 5, 62, 0
10, 967424, Note_on_c, 5, 74, 0
10, 967680, Note_on_c, 5, 62, 98
10, 967680, Note_on_c, 5, 74, 98
10, 968192, Note_on_c, 5, 62, 0
10, 968192, Note_on_c, 5, 74, 0
10, 969216, Note_on_c, 5, 62, 95
10, 969216, Note_on_c, 5, 74, 95
10, 969472, Note_on_c, 5, 62, 0
10, 969472, Note_on_c, 5, 74, 0
10, 969728, Note_on_c, 5, 62, 94
10, 969728, Note_on_c, 5, 74, 94
10, 970240, Note_on_c, 5, 62, 0
10, 970240, Note_on_c, 5, 74, 0
10, 971776, Note_on_c, 5, 57, 101
10, 971776, Note_on_c, 5, 69, 101
10, 972288, Note_on_c, 5, 57, 0
10, 972288, Note_on_c, 5, 69, 0
10, 973312, Note_on_c, 5, 57, 99
10, 973312, Note_on_c, 5, 69, 99
10, 973568, Note_on_c, 5, 57, 0
10, 973568, Note_on_c, 5, 69, 0
10, 973824, Note_on_c, 5, 57, 97
10, 973824, Note_on_c, 5, 69, 97
10, 974336, Note_on_c, 5, 57, 0
10, 974336, Note_on_c, 5, 69, 0
10, 975360, Note_on_c, 5, 57, 99
10, 975360, Note_on_c, 5, 69, 99
10, 975616, Note_on_c, 5, 57, 0
10, 975616, Note_on_c, 5, 69, 0
10, 975872, Note_on_c, 5, 62, 101
10, 976384, Note_on_c, 5, 62, 0
10, 977408, Note_on_c, 5, 57, 94
10, 977408, Note_on_c, 5, 69, 94
10, 977664, Note_on_c, 5, 57, 0
10, 977664, Note_on_c, 5, 69, 0
10, 977920, Note_on_c, 5, 62, 90
10, 978432, Note_on_c, 5, 62, 0
10, 1045504, Note_on_c, 5, 57, 96
10, 1045504, Note_on_c, 5, 69, 96
10, 1046252, Note_on_c, 5, 57, 0
10, 1046252, Note_on_c, 5, 69, 0
10, 1048576, Note_on_c, 5, 57, 93
10, 1048576, Note_on_c, 5, 69, 93
10, 1048950, Note_on_c, 5, 57, 0
10, 1048950, Note_on_c, 5, 69, 0
10, 1049088, Note_on_c, 5, 57, 93
10, 1049088, Note_on_c, 5, 69, 93
10, 1049462, Note_on_c, 5, 57, 0
10, 1049462, Note_on_c, 5, 69, 0
10, 1049600, Note_on_c, 5, 57, 93
10, 1049600, Note_on_c, 5, 69, 93
10, 1050348, Note_on_c, 5, 57, 0
10, 1050348, Note_on_c, 5, 69, 0
10, 1052672, Note_on_c, 5, 57, 94
10, 1052672, Note_on_c, 5, 69, 94
10, 1053046, Note_on_c, 5, 57, 0
10, 1053046, Note_on_c, 5, 69, 0
10, 1053184, Note_on_c, 5, 57, 94
10, 1053184, Note_on_c, 5, 69, 94
10, 1053558, Note_on_c, 5, 57, 0
10, 1053558, Note_on_c, 5, 69, 0
10, 1053696, Note_on_c, 5, 57, 94
10, 1053696, Note_on_c, 5, 69, 94
10, 1054444, Note_on_c, 5, 57, 0
10, 1054444, Note_on_c, 5, 69, 0
10, 1059840, Note_on_c, 5, 57, 100
10, 1059840, Note_on_c, 5, 69, 100
10, 1060588, Note_on_c, 5, 57, 0
10, 1060588, Note_on_c, 5, 69, 0
10, 1060864, Note_on_c, 5, 57, 103
10, 1060864, Note_on_c, 5, 69, 103
10, 1061238, Note_on_c, 5, 57, 0
10, 1061238, Note_on_c, 5, 69, 0
10, 1061376, Note_on_c, 5, 57, 103
10, 1061376, Note_on_c, 5, 69, 103
10, 1061750, Note_on_c, 5, 57, 0
10, 1061750, Note_on_c, 5, 69, 0
10, 1061888, Note_on_c, 5, 62, 104
10, 1061888, Note_on_c, 5, 74, 104
10, 1062636, Note_on_c, 5, 62, 0
10, 1062636, Note_on_c, 5, 74, 0
10, 1064960, Note_on_c, 5, 62, 107
10, 1064960, Note_on_c, 5, 74, 107
10, 1065708, Note_on_c, 5, 62, 0
10, 1065708, Note_on_c, 5, 74, 0
10, 1065984, Note_on_c, 5, 57, 106
10, 1065984, Note_on_c, 5, 69, 106
10, 1066732, Note_on_c, 5, 57, 0
10, 1066732, Note_on_c, 5, 69, 0
10, 1069056, Note_on_c, 5, 57, 61
10, 1069056, Note_on_c, 5, 69, 61
10, 1069430, Note_on_c, 5, 57, 0
10, 1069430, Note_on_c, 5, 69, 0
10, 1069568, Note_on_c, 5, 57, 54
10, 1069568, Note_on_c, 5, 69, 54
10, 1069942, Note_on_c, 5, 57, 0
10, 1069942, Note_on_c, 5, 69, 0
10, 1070080, Note_on_c, 5, 57, 46
10, 1070080, Note_on_c, 5, 69, 46
10, 1070828, Note_on_c, 5, 57, 0
10, 1070828, Note_on_c, 5, 69, 0
10, 1073152, Note_on_c, 5, 57, 40
10, 1073152, Note_on_c, 5, 69, 40
10, 1073526, Note_on_c, 5, 57, 0
10, 1073526, Note_on_c, 5, 69, 0
10, 1073664, Note_on_c, 5, 57, 39
10, 1073664, Note_on_c, 5, 69, 39
10, 1074038, Note_on_c, 5, 57, 0
10, 1074038, Note_on_c, 5, 69, 0
10, 1074176, Note_on_c, 5, 57, 39
10, 1074176, Note_on_c, 5, 69, 39
10, 1074924, Note_on_c, 5, 57, 0
10, 1074924, Note_on_c, 5, 69, 0
10, 1075712, Note_on_c, 5, 57, 37
10, 1075712, Note_on_c, 5, 69, 37
10, 1076086, Note_on_c, 5, 57, 0
10, 1076086, Note_on_c, 5, 69, 0
10, 1076224, Note_on_c, 5, 62, 37
10, 1076972, Note_on_c, 5, 62, 0
10, 1078272, Note_on_c, 5, 62, 50
10, 1078272, Note_on_c, 5, 74, 50
10, 1079020, Note_on_c, 5, 62, 0
10, 1079020, Note_on_c, 5, 74, 0
10, 1081344, Note_on_c, 5, 62, 41
10, 1081344, Note_on_c, 5, 74, 41
10, 1081718, Note_on_c, 5, 62, 0
10, 1081718, Note_on_c, 5, 74, 0
10, 1081856, Note_on_c, 5, 62, 46
10, 1081856, Note_on_c, 5, 74, 46
10, 1082230, Note_on_c, 5, 62, 0
10, 1082230, Note_on_c, 5, 74, 0
10, 1082368, Note_on_c, 5, 62, 51
10, 1082368, Note_on_c, 5, 74, 51
10, 1083116, Note_on_c, 5, 62, 0
10, 1083116, Note_on_c, 5, 74, 0
10, 1085440, Note_on_c, 5, 62, 41
10, 1085440, Note_on_c, 5, 74, 41
10, 1085814, Note_on_c, 5, 62, 0
10, 1085814, Note_on_c, 5, 74, 0
10, 1085952, Note_on_c, 5, 62, 42
10, 1085952, Note_on_c, 5, 74, 42
10, 1086326, Note_on_c, 5, 62, 0
10, 1086326, Note_on_c, 5, 74, 0
10, 1086464, Note_on_c, 5, 57, 43
10, 1086464, Note_on_c, 5, 69, 43
10, 1087212, Note_on_c, 5, 57, 0
10, 1087212, Note_on_c, 5, 69, 0
10, 1089536, Note_on_c, 5, 57, 44
10, 1089536, Note_on_c, 5, 69, 44
10, 1089910, Note_on_c, 5, 57, 0
10, 1089910, Note_on_c, 5, 69, 0
10, 1090048, Note_on_c, 5, 57, 43
10, 1090048, Note_on_c, 5, 69, 43
10, 1090422, Note_on_c, 5, 57, 0
10, 1090422, Note_on_c, 5, 69, 0
10, 1090560, Note_on_c, 5, 62, 42
10, 1090560, Note_on_c, 5, 74, 42
10, 1090970, Note_on_c, 5, 62, 0
10, 1090970, Note_on_c, 5, 74, 0
10, 1091584, Note_on_c, 5, 57, 40
10, 1091584, Note_on_c, 5, 69, 40
10, 1091994, Note_on_c, 5, 57, 0
10, 1091994, Note_on_c, 5, 69, 0
10, 1092608, Note_on_c, 5, 62, 38
10, 1092608, Note_on_c, 5, 74, 38
10, 1093018, Note_on_c, 5, 62, 0
10, 1093018, Note_on_c, 5, 74, 0
10, 1159168, Note_on_c, 5, 57, 89
10, 1159168, Note_on_c, 5, 69, 89
10, 1160192, Note_on_c, 5, 57, 0
10, 1160192, Note_on_c, 5, 69, 0
10, 1160192, Note_on_c, 5, 57, 89
10, 1160192, Note_on_c, 5, 69, 89
10, 1160940, Note_on_c, 5, 57, 0
10, 1160940, Note_on_c, 5, 69, 0
10, 1161216, Note_on_c, 5, 57, 89
10, 1161216, Note_on_c, 5, 69, 89
10, 1161964, Note_on_c, 5, 57, 0
10, 1161964, Note_on_c, 5, 69, 0
10, 1162240, Note_on_c, 5, 57, 90
10, 1162240, Note_on_c, 5, 69, 90
10, 1162988, Note_on_c, 5, 57, 0
10, 1162988, Note_on_c, 5, 69, 0
10, 1163264, Note_on_c, 5, 57, 90
10, 1163264, Note_on_c, 5, 69, 90
10, 1164012, Note_on_c, 5, 57, 0
10, 1164012, Note_on_c, 5, 69, 0
10, 1164288, Note_on_c, 5, 57, 90
10, 1164288, Note_on_c, 5, 69, 90
10, 1165036, Note_on_c, 5, 57, 0
10, 1165036, Note_on_c, 5, 69, 0
10, 1165312, Note_on_c, 5, 57, 91
10, 1165312, Note_on_c, 5, 69, 91
10, 1166060, Note_on_c, 5, 57, 0
10, 1166060, Note_on_c, 5, 69, 0
10, 1166336, Note_on_c, 5, 57, 91
10, 1166336, Note_on_c, 5, 69, 91
10, 1167084, Note_on_c, 5, 57, 0
10, 1167084, Note_on_c, 5, 69, 0
10, 1167360, Note_on_c, 5, 57, 91
10, 1167360, Note_on_c, 5, 69, 91
10, 1168108, Note_on_c, 5, 57, 0
10, 1168108, Note_on_c, 5, 69, 0
10, 1168384, Note_on_c, 5, 57, 91
10, 1168384, Note_on_c, 5, 69, 91
10, 1169132, Note_on_c, 5, 57, 0
10, 1169132, Note_on_c, 5, 69, 0
10, 1169408, Note_on_c, 5, 57, 92
10, 1169408, Note_on_c, 5, 69, 92
10, 1170156, Note_on_c, 5, 57, 0
10, 1170156, Note_on_c, 5, 69, 0
10, 1170432, Note_on_c, 5, 57, 94
10, 1170432, Note_on_c, 5, 69, 94
10, 1171180, Note_on_c, 5, 57, 0
10, 1171180, Note_on_c, 5, 69, 0
10, 1171456, Note_on_c, 5, 57, 95
10, 1171456, Note_on_c, 5, 69, 95
10, 1172204, Note_on_c, 5, 57, 0
10, 1172204, Note_on_c, 5, 69, 0
10, 1172480, Note_on_c, 5, 57, 96
10, 1172480, Note_on_c, 5, 69, 96
10, 1173228, Note_on_c, 5, 57, 0
10, 1173228, Note_on_c, 5, 69, 0
10, 1173504, Note_on_c, 5, 57, 97
10, 1173504, Note_on_c, 5, 69, 97
10, 1174252, Note_on_c, 5, 57, 0
10, 1174252, Note_on_c, 5, 69, 0
10, 1174528, Note_on_c, 5, 57, 98
10, 1174528, Note_on_c, 5, 69, 98
10, 1175276, Note_on_c, 5, 57, 0
10, 1175276, Note_on_c, 5, 69, 0
10, 1175552, Note_on_c, 5, 57, 99
10, 1175552, Note_on_c, 5, 69, 99
10, 1176300, Note_on_c, 5, 57, 0
10, 1176300, Note_on_c, 5, 69, 0
10, 1176576, Note_on_c, 5, 57, 99
10, 1176576, Note_on_c, 5, 69, 99
10, 1177324, Note_on_c, 5, 57, 0
10, 1177324, Note_on_c, 5, 69, 0
10, 1177600, Note_on_c, 5, 62, 99
10, 1177600, Note_on_c, 5, 69, 99
10, 1178348, Note_on_c, 5, 62, 0
10, 1178348, Note_on_c, 5, 69, 0
10, 1178624, Note_on_c, 5, 62, 99
10, 1178624, Note_on_c, 5, 69, 99
10, 1179372, Note_on_c, 5, 62, 0
10, 1179372, Note_on_c, 5, 69, 0
10, 1179648, Note_on_c, 5, 62, 99
10, 1179648, Note_on_c, 5, 69, 99
10, 1180396, Note_on_c, 5, 62, 0
10, 1180396, Note_on_c, 5, 69, 0
10, 1180672, Note_on_c, 5, 62, 99
10, 1180672, Note_on_c, 5, 69, 99
10, 1181420, Note_on_c, 5, 62, 0
10, 1181420, Note_on_c, 5, 69, 0
10, 1181696, Note_on_c, 5, 62, 99
10, 1181696, Note_on_c, 5, 69, 99
10, 1182444, Note_on_c, 5, 62, 0
10, 1182444, Note_on_c, 5, 69, 0
10, 1182720, Note_on_c, 5, 62, 99
10, 1182720, Note_on_c, 5, 69, 99
10, 1183468, Note_on_c, 5, 62, 0
10, 1183468, Note_on_c, 5, 69, 0
10, 1183744, Note_on_c, 5, 62, 99
10, 1183744, Note_on_c, 5, 69, 99
10, 1184492, Note_on_c, 5, 62, 0
10, 1184492, Note_on_c, 5, 69, 0
10, 1184768, Note_on_c, 5, 62, 100
10, 1184768, Note_on_c, 5, 69, 100
10, 1185516, Note_on_c, 5, 62, 0
10, 1185516, Note_on_c, 5, 69, 0
10, 1185792, Note_on_c, 5, 62, 103
10, 1185792, Note_on_c, 5, 69, 103
10, 1186540, Note_on_c, 5, 62, 0
10, 1186540, Note_on_c, 5, 69, 0
10, 1186816, Note_on_c, 5, 62, 111
10, 1186816, Note_on_c, 5, 69, 111
10, 1187564, Note_on_c, 5, 62, 0
10, 1187564, Note_on_c, 5, 69, 0
10, 1187840, Note_on_c, 5, 62, 109
10, 1187840, Note_on_c, 5, 74, 109
10, 1188588, Note_on_c, 5, 62, 0
10, 1188588, Note_on_c, 5, 74, 0
10, 1188864, Note_on_c, 5, 69, 108
10, 1188864, Note_on_c, 5, 76, 108
10, 1189612, Note_on_c, 5, 69, 0
10, 1189612, Note_on_c, 5, 76, 0
10, 1190400, Note_on_c, 5, 66, 107
10, 1190400, Note_on_c, 5, 74, 107
10, 1190774, Note_on_c, 5, 66, 0
10, 1190774, Note_on_c, 5, 74, 0
10, 1190912, Note_on_c, 5, 66, 107
10, 1190912, Note_on_c, 5, 74, 107
10, 1191660, Note_on_c, 5, 66, 0
10, 1191660, Note_on_c, 5, 74, 0
10, 1191936, Note_on_c, 5, 62, 103
10, 1192684, Note_on_c, 5, 62, 0
10, 1192960, Note_on_c, 5, 62, 103
10, 1192960, Note_on_c, 5, 69, 103
10, 1193708, Note_on_c, 5, 62, 0
10, 1193708, Note_on_c, 5, 69, 0
10, 1195008, Note_on_c, 5, 62, 103
10, 1195008, Note_on_c, 5, 69, 103
10, 1195756, Note_on_c, 5, 62, 0
10, 1195756, Note_on_c, 5, 69, 0
10, 1197056, Note_on_c, 5, 62, 103
10, 1197056, Note_on_c, 5, 74, 103
10, 1197804, Note_on_c, 5, 62, 0
10, 1197804, Note_on_c, 5, 74, 0
10, 1199104, Note_on_c, 5, 62, 103
10, 1199104, Note_on_c, 5, 74, 103
10, 1199852, Note_on_c, 5, 62, 0
10, 1199852, Note_on_c, 5, 74, 0
10, 1201152, Note_on_c, 5, 57, 103
10, 1201152, Note_on_c, 5, 69, 103
10, 1201900, Note_on_c, 5, 57, 0
10, 1201900, Note_on_c, 5, 69, 0
10, 1203200, Note_on_c, 5, 69, 103
10, 1203200, Note_on_c, 5, 76, 103
10, 1204224, Note_on_c, 5, 69, 0
10, 1204224, Note_on_c, 5, 76, 0
10, 1205248, Note_on_c, 5, 66, 103
10, 1205248, Note_on_c, 5, 74, 103
10, 1208525, Note_on_c, 5, 66, 0
10, 1208525, Note_on_c, 5, 74, 0
10, 1209344, Note_on_c, 5, 76, 103
10, 1210368, Note_on_c, 5, 76, 0
10, 1211392, Note_on_c, 5, 76, 106
10, 1212416, Note_on_c, 5, 76, 0
10, 1213440, Note_on_c, 5, 69, 109
10, 1213440, Note_on_c, 5, 81, 109
10, 1216717, Note_on_c, 5, 69, 0
10, 1216717, Note_on_c, 5, 81, 0
10, 1217536, Note_on_c, 5, 76, 104
10, 1218560, Note_on_c, 5, 76, 0
10, 1219584, Note_on_c, 5, 76, 107
10, 1220608, Note_on_c, 5, 76, 0
10, 1221632, Note_on_c, 5, 69, 113
10, 1221632, Note_on_c, 5, 81, 113
10, 1224909, Note_on_c, 5, 69, 0
10, 1224909, Note_on_c, 5, 81, 0
10, 1225728, Note_on_c, 5, 69, 114
10, 1225728, Note_on_c, 5, 81, 114
10, 1226752, Note_on_c, 5, 69, 0
10, 1226752, Note_on_c, 5, 81, 0
10, 1227776, Note_on_c, 5, 69, 117
10, 1227776, Note_on_c, 5, 81, 117
10, 1228800, Note_on_c, 5, 69, 0
10, 1228800, Note_on_c, 5, 81, 0
10, 1229824, Note_on_c, 5, 69, 122
10, 1229824, Note_on_c, 5, 81, 122
10, 1238016, Note_on_c, 5, 69, 0
10, 1238016, Note_on_c, 5, 81, 0
10, 1288192, Note_on_c, 5, 70, 36
10, 1288940, Note_on_c, 5, 70, 0
10, 1292800, Note_on_c, 5, 70, 36
10, 1293548, Note_on_c, 5, 70, 0
10, 1293824, Note_on_c, 5, 70, 37
10, 1294198, Note_on_c, 5, 70, 0
10, 1294336, Note_on_c, 5, 65, 37
10, 1295084, Note_on_c, 5, 65, 0
10, 1298944, Note_on_c, 5, 65, 37
10, 1299692, Note_on_c, 5, 65, 0
10, 1299968, Note_on_c, 5, 65, 38
10, 1300342, Note_on_c, 5, 65, 0
10, 1300480, Note_on_c, 5, 70, 38
10, 1301228, Note_on_c, 5, 70, 0
10, 1312768, Note_on_c, 5, 70, 36
10, 1313516, Note_on_c, 5, 70, 0
10, 1317376, Note_on_c, 5, 70, 34
10, 1318124, Note_on_c, 5, 70, 0
10, 1318400, Note_on_c, 5, 70, 33
10, 1318774, Note_on_c, 5, 70, 0
10, 1318912, Note_on_c, 5, 65, 33
10, 1319660, Note_on_c, 5, 65, 0
10, 1320448, Note_on_c, 5, 65, 32
10, 1321196, Note_on_c, 5, 65, 0
10, 1321472, Note_on_c, 5, 70, 32
10, 1321846, Note_on_c, 5, 70, 0
10, 1321984, Note_on_c, 5, 70, 32
10, 1322732, Note_on_c, 5, 70, 0
10, 1328128, Note_on_c, 5, 65, 31
10, 1328876, Note_on_c, 5, 65, 0
10, 1329664, Note_on_c, 5, 65, 31
10, 1330412, Note_on_c, 5, 65, 0
10, 1330688, Note_on_c, 5, 65, 31
10, 1331062, Note_on_c, 5, 65, 0
10, 1331200, Note_on_c, 5, 65, 31
10, 1331948, Note_on_c, 5, 65, 0
10, 1334272, Note_on_c, 5, 65, 31
10, 1335020, Note_on_c, 5, 65, 0
10, 1335808, Note_on_c, 5, 65, 32
10, 1336556, Note_on_c, 5, 65, 0
10, 1336832, Note_on_c, 5, 65, 32
10, 1337206, Note_on_c, 5, 65, 0
10, 1337344, Note_on_c, 5, 65, 33
10, 1338092, Note_on_c, 5, 65, 0
10, 1349632, Note_on_c, 5, 70, 40
10, 1350380, Note_on_c, 5, 70, 0
10, 1354240, Note_on_c, 5, 70, 40
10, 1354988, Note_on_c, 5, 70, 0
10, 1355264, Note_on_c, 5, 70, 40
10, 1355638, Note_on_c, 5, 70, 0
10, 1355776, Note_on_c, 5, 70, 40
10, 1356524, Note_on_c, 5, 70, 0
10, 1360384, Note_on_c, 5, 70, 40
10, 1361132, Note_on_c, 5, 70, 0
10, 1361408, Note_on_c, 5, 70, 40
10, 1361782, Note_on_c, 5, 70, 0
10, 1361920, Note_on_c, 5, 65, 40
10, 1362668, Note_on_c, 5, 65, 0
10, 1369600, Note_on_c, 5, 65, 33
10, 1370348, Note_on_c, 5, 65, 0
10, 1370624, Note_on_c, 5, 65, 32
10, 1370998, Note_on_c, 5, 65, 0
10, 1371136, Note_on_c, 5, 70, 32
10, 1371884, Note_on_c, 5, 70, 0
10, 1386496, Note_on_c, 5, 70, 35
10, 1387244, Note_on_c, 5, 70, 0
10, 1391104, Note_on_c, 5, 70, 37
10, 1391852, Note_on_c, 5, 70, 0
10, 1392128, Note_on_c, 5, 70, 37
10, 1392502, Note_on_c, 5, 70, 0
10, 1392640, Note_on_c, 5, 65, 37
10, 1393388, Note_on_c, 5, 65, 0
10, 1397248, Note_on_c, 5, 65, 38
10, 1397996, Note_on_c, 5, 65, 0
10, 1398272, Note_on_c, 5, 65, 38
10, 1398646, Note_on_c, 5, 65, 0
10, 1398784, Note_on_c, 5, 70, 38
10, 1399532, Note_on_c, 5, 70, 0
10, 1411072, Note_on_c, 5, 70, 36
10, 1411820, Note_on_c, 5, 70, 0
10, 1415680, Note_on_c, 5, 70, 34
10, 1416428, Note_on_c, 5, 70, 0
10, 1416704, Note_on_c, 5, 70, 33
10, 1417078, Note_on_c, 5, 70, 0
10, 1417216, Note_on_c, 5, 65, 33
10, 1417964, Note_on_c, 5, 65, 0
10, 1418752, Note_on_c, 5, 65, 30
10, 1419500, Note_on_c, 5, 65, 0
10, 1419776, Note_on_c, 5, 70, 30
10, 1420150, Note_on_c, 5, 70, 0
10, 1420288, Note_on_c, 5, 70, 30
10, 1421036, Note_on_c, 5, 70, 0
10, 1426432, Note_on_c, 5, 65, 31
10, 1427180, Note_on_c, 5, 65, 0
10, 1427968, Note_on_c, 5, 65, 33
10, 1428716, Note_on_c, 5, 65, 0
10, 1428992, Note_on_c, 5, 65, 33
10, 1429366, Note_on_c, 5, 65, 0
10, 1429504, Note_on_c, 5, 65, 34
10, 1430252, Note_on_c, 5, 65, 0
10, 1432576, Note_on_c, 5, 65, 36
10, 1433324, Note_on_c, 5, 65, 0
10, 1434112, Note_on_c, 5, 65, 38
10, 1434860, Note_on_c, 5, 65, 0
10, 1435136, Note_on_c, 5, 65, 39
10, 1435510, Note_on_c, 5, 65, 0
10, 1435648, Note_on_c, 5, 65, 39
10, 1436396, Note_on_c, 5, 65, 0
10, 1447936, Note_on_c, 5, 70, 50
10, 1448684, Note_on_c, 5, 70, 0
10, 1452544, Note_on_c, 5, 70, 55
10, 1453292, Note_on_c, 5, 70, 0
10, 1453568, Note_on_c, 5, 70, 56
10, 1453942, Note_on_c, 5, 70, 0
10, 1454080, Note_on_c, 5, 70, 56
10, 1454828, Note_on_c, 5, 70, 0
10, 1458688, Note_on_c, 5, 70, 60
10, 1459436, Note_on_c, 5, 70, 0
10, 1459712, Note_on_c, 5, 70, 60
10, 1460086, Note_on_c, 5, 70, 0
10, 1460224, Note_on_c, 5, 65, 60
10, 1460972, Note_on_c, 5, 65, 0
10, 1467904, Note_on_c, 5, 65, 60
10, 1468652, Note_on_c, 5, 65, 0
10, 1468928, Note_on_c, 5, 65, 56
10, 1469302, Note_on_c, 5, 65, 0
10, 1469440, Note_on_c, 5, 70, 54
10, 1470188, Note_on_c, 5, 70, 0
10, 1477120, Note_on_c, 5, 65, 59
10, 1477868, Note_on_c, 5, 65, 0
10, 1478144, Note_on_c, 5, 65, 60
10, 1478518, Note_on_c, 5, 65, 0
10, 1478656, Note_on_c, 5, 65, 61
10, 1479404, Note_on_c, 5, 65, 0
10, 1483264, Note_on_c, 5, 65, 66
10, 1484012, Note_on_c, 5, 65, 0
10, 1484288, Note_on_c, 5, 65, 67
10, 1484662, Note_on_c, 5, 65, 0
10, 1484800, Note_on_c, 5, 65, 67
10, 1485548, Note_on_c, 5, 65, 0
10, 1497088, Note_on_c, 5, 70, 71
10, 1497836, Note_on_c, 5, 70, 0
10, 1501696, Note_on_c, 5, 70, 75
10, 1502444, Note_on_c, 5, 70, 0
10, 1502720, Note_on_c, 5, 70, 76
10, 1503094, Note_on_c, 5, 70, 0
10, 1503232, Note_on_c, 5, 70, 77
10, 1503980, Note_on_c, 5, 70, 0
10, 1507840, Note_on_c, 5, 70, 81
10, 1508588, Note_on_c, 5, 70, 0
10, 1508864, Note_on_c, 5, 70, 82
10, 1509238, Note_on_c, 5, 70, 0
10, 1509376, Note_on_c, 5, 65, 82
10, 1510124, Note_on_c, 5, 65, 0
10, 1517056, Note_on_c, 5, 65, 86
10, 1517804, Note_on_c, 5, 65, 0
10, 1518080, Note_on_c, 5, 65, 88
10, 1518454, Note_on_c, 5, 65, 0
10, 1518592, Note_on_c, 5, 58, 89
10, 1519340, Note_on_c, 5, 58, 0
10, 1521664, Note_on_c, 5, 70, 91
10, 1522412, Note_on_c, 5, 70, 0
10, 1526272, Note_on_c, 5, 70, 82
10, 1527020, Note_on_c, 5, 70, 0
10, 1527296, Note_on_c, 5, 70, 79
10, 1527670, Note_on_c, 5, 70, 0
10, 1527808, Note_on_c, 5, 70, 78
10, 1528556, Note_on_c, 5, 70, 0
10, 1532416, Note_on_c, 5, 70, 80
10, 1533164, Note_on_c, 5, 70, 0
10, 1533440, Note_on_c, 5, 70, 82
10, 1533814, Note_on_c, 5, 70, 0
10, 1533952, Note_on_c, 5, 65, 83
10, 1534700, Note_on_c, 5, 65, 0
10, 1538560, Note_on_c, 5, 65, 91
10, 1539308, Note_on_c, 5, 65, 0
10, 1539584, Note_on_c, 5, 65, 92
10, 1539958, Note_on_c, 5, 65, 0
10, 1540096, Note_on_c, 5, 70, 93
10, 1540844, Note_on_c, 5, 70, 0
10, 1541632, Note_on_c, 5, 65, 96
10, 1542380, Note_on_c, 5, 65, 0
10, 1542656, Note_on_c, 5, 65, 98
10, 1543030, Note_on_c, 5, 65, 0
10, 1543168, Note_on_c, 5, 70, 98
10, 1543916, Note_on_c, 5, 70, 0
10, 1544704, Note_on_c, 5, 65, 99
10, 1545452, Note_on_c, 5, 65, 0
10, 1545728, Note_on_c, 5, 65, 99
10, 1546102, Note_on_c, 5, 65, 0
10, 1546240, Note_on_c, 5, 70, 108
10, 1546988, Note_on_c, 5, 70, 0
10, 1890304, Note_on_c, 5, 62, 105
10, 1890304, Note_on_c, 5, 74, 105
10, 1891052, Note_on_c, 5, 62, 0
10, 1891052, Note_on_c, 5, 74, 0
10, 1891840, Note_on_c, 5, 62, 105
10, 1891840, Note_on_c, 5, 74, 105
10, 1892588, Note_on_c, 5, 62, 0
10, 1892588, Note_on_c, 5, 74, 0
10, 1892864, Note_on_c, 5, 62, 105
10, 1892864, Note_on_c, 5, 74, 105
10, 1893120, Note_on_c, 5, 62, 0
10, 1893120, Note_on_c, 5, 74, 0
10, 1893376, Note_on_c, 5, 62, 105
10, 1893376, Note_on_c, 5, 74, 105
10, 1894124, Note_on_c, 5, 62, 0
10, 1894124, Note_on_c, 5, 74, 0
10, 1894912, Note_on_c, 5, 62, 105
10, 1894912, Note_on_c, 5, 74, 105
10, 1895660, Note_on_c, 5, 62, 0
10, 1895660, Note_on_c, 5, 74, 0
10, 1895936, Note_on_c, 5, 62, 105
10, 1895936, Note_on_c, 5, 74, 105
10, 1896192, Note_on_c, 5, 62, 0
10, 1896192, Note_on_c, 5, 74, 0
10, 1896448, Note_on_c, 5, 57, 105
10, 1896448, Note_on_c, 5, 69, 105
10, 1897196, Note_on_c, 5, 57, 0
10, 1897196, Note_on_c, 5, 69, 0
10, 1897984, Note_on_c, 5, 57, 105
10, 1897984, Note_on_c, 5, 69, 105
10, 1898732, Note_on_c, 5, 57, 0
10, 1898732, Note_on_c, 5, 69, 0
10, 1899008, Note_on_c, 5, 57, 105
10, 1899008, Note_on_c, 5, 69, 105
10, 1899264, Note_on_c, 5, 57, 0
10, 1899264, Note_on_c, 5, 69, 0
10, 1899520, Note_on_c, 5, 57, 105
10, 1899520, Note_on_c, 5, 69, 105
10, 1900268, Note_on_c, 5, 57, 0
10, 1900268, Note_on_c, 5, 69, 0
10, 1901056, Note_on_c, 5, 57, 105
10, 1901056, Note_on_c, 5, 69, 105
10, 1901804, Note_on_c, 5, 57, 0
10, 1901804, Note_on_c, 5, 69, 0
10, 1902080, Note_on_c, 5, 57, 105
10, 1902080, Note_on_c, 5, 69, 105
10, 1902336, Note_on_c, 5, 57, 0
10, 1902336, Note_on_c, 5, 69, 0
10, 1902592, Note_on_c, 5, 62, 105
10, 1902592, Note_on_c, 5, 74, 105
10, 1903340, Note_on_c, 5, 62, 0
10, 1903340, Note_on_c, 5, 74, 0
10, 1904128, Note_on_c, 5, 57, 105
10, 1904128, Note_on_c, 5, 69, 105
10, 1904876, Note_on_c, 5, 57, 0
10, 1904876, Note_on_c, 5, 69, 0
10, 1905152, Note_on_c, 5, 57, 105
10, 1905152, Note_on_c, 5, 69, 105
10, 1905408, Note_on_c, 5, 57, 0
10, 1905408, Note_on_c, 5, 69, 0
10, 1905664, Note_on_c, 5, 57, 105
10, 1905664, Note_on_c, 5, 69, 105
10, 1906412, Note_on_c, 5, 57, 0
10, 1906412, Note_on_c, 5, 69, 0
10, 1907200, Note_on_c, 5, 57, 105
10, 1907200, Note_on_c, 5, 69, 105
10, 1907948, Note_on_c, 5, 57, 0
10, 1907948, Note_on_c, 5, 69, 0
10, 1908224, Note_on_c, 5, 57, 105
10, 1908224, Note_on_c, 5, 69, 105
10, 1908480, Note_on_c, 5, 57, 0
10, 1908480, Note_on_c, 5, 69, 0
10, 1908736, Note_on_c, 5, 57, 105
10, 1908736, Note_on_c, 5, 69, 105
10, 1909484, Note_on_c, 5, 57, 0
10, 1909484, Note_on_c, 5, 69, 0
10, 1910272, Note_on_c, 5, 69, 105
10, 1910272, Note_on_c, 5, 76, 105
10, 1911020, Note_on_c, 5, 69, 0
10, 1911020, Note_on_c, 5, 76, 0
10, 1911296, Note_on_c, 5, 69, 105
10, 1911296, Note_on_c, 5, 76, 105
10, 1911552, Note_on_c, 5, 69, 0
10, 1911552, Note_on_c, 5, 76, 0
10, 1911808, Note_on_c, 5, 69, 105
10, 1911808, Note_on_c, 5, 81, 105
10, 1912556, Note_on_c, 5, 69, 0
10, 1912556, Note_on_c, 5, 81, 0
10, 1912832, Note_on_c, 5, 76, 105
10, 1912832, Note_on_c, 5, 79, 105
10, 1913088, Note_on_c, 5, 76, 0
10, 1913088, Note_on_c, 5, 79, 0
10, 1913344, Note_on_c, 5, 74, 105
10, 1913344, Note_on_c, 5, 78, 105
10, 1914092, Note_on_c, 5, 74, 0
10, 1914092, Note_on_c, 5, 78, 0
10, 1914368, Note_on_c, 5, 69, 105
10, 1914368, Note_on_c, 5, 76, 105
10, 1914624, Note_on_c, 5, 69, 0
10, 1914624, Note_on_c, 5, 76, 0
10, 1914880, Note_on_c, 5, 66, 105
10, 1914880, Note_on_c, 5, 74, 105
10, 1915628, Note_on_c, 5, 66, 0
10, 1915628, Note_on_c, 5, 74, 0
10, 1916416, Note_on_c, 5, 62, 105
10, 1916416, Note_on_c, 5, 74, 105
10, 1917164, Note_on_c, 5, 62, 0
10, 1917164, Note_on_c, 5, 74, 0
10, 1917440, Note_on_c, 5, 62, 105
10, 1917440, Note_on_c, 5, 74, 105
10, 1917696, Note_on_c, 5, 62, 0
10, 1917696, Note_on_c, 5, 74, 0
10, 1917952, Note_on_c, 5, 62, 105
10, 1917952, Note_on_c, 5, 74, 105
10, 1918700, Note_on_c, 5, 62, 0
10, 1918700, Note_on_c, 5, 74, 0
10, 1919488, Note_on_c, 5, 62, 105
10, 1919488, Note_on_c, 5, 74, 105
10, 1920236, Note_on_c, 5, 62, 0
10, 1920236, Note_on_c, 5, 74, 0
10, 1920512, Note_on_c, 5, 62, 105
10, 1920512, Note_on_c, 5, 74, 105
10, 1920768, Note_on_c, 5, 62, 0
10, 1920768, Note_on_c, 5, 74, 0
10, 1921024, Note_on_c, 5, 62, 105
10, 1921024, Note_on_c, 5, 74, 105
10, 1921772, Note_on_c, 5, 62, 0
10, 1921772, Note_on_c, 5, 74, 0
10, 1922560, Note_on_c, 5, 62, 105
10, 1922560, Note_on_c, 5, 74, 105
10, 1923308, Note_on_c, 5, 62, 0
10, 1923308, Note_on_c, 5, 74, 0
10, 1923584, Note_on_c, 5, 62, 105
10, 1923584, Note_on_c, 5, 74, 105
10, 1923840, Note_on_c, 5, 62, 0
10, 1923840, Note_on_c, 5, 74, 0
10, 1924096, Note_on_c, 5, 62, 105
10, 1924096, Note_on_c, 5, 74, 105
10, 1924844, Note_on_c, 5, 62, 0
10, 1924844, Note_on_c, 5, 74, 0
10, 1925632, Note_on_c, 5, 62, 105
10, 1925632, Note_on_c, 5, 74, 105
10, 1926380, Note_on_c, 5, 62, 0
10, 1926380, Note_on_c, 5, 74, 0
10, 1926656, Note_on_c, 5, 62, 105
10, 1926656, Note_on_c, 5, 74, 105
10, 1926912, Note_on_c, 5, 62, 0
10, 1926912, Note_on_c, 5, 74, 0
10, 1927168, Note_on_c, 5, 57, 105
10, 1927168, Note_on_c, 5, 69, 105
10, 1927916, Note_on_c, 5, 57, 0
10, 1927916, Note_on_c, 5, 69, 0
10, 1928704, Note_on_c, 5, 57, 105
10, 1928704, Note_on_c, 5, 69, 105
10, 1929452, Note_on_c, 5, 57, 0
10, 1929452, Note_on_c, 5, 69, 0
10, 1929728, Note_on_c, 5, 57, 105
10, 1929728, Note_on_c, 5, 69, 105
10, 1929984, Note_on_c, 5, 57, 0
10, 1929984, Note_on_c, 5, 69, 0
10, 1930240, Note_on_c, 5, 57, 105
10, 1930240, Note_on_c, 5, 69, 105
10, 1930988, Note_on_c, 5, 57, 0
10, 1930988, Note_on_c, 5, 69, 0
10, 1931776, Note_on_c, 5, 57, 105
10, 1931776, Note_on_c, 5, 69, 105
10, 1932524, Note_on_c, 5, 57, 0
10, 1932524, Note_on_c, 5, 69, 0
10, 1932800, Note_on_c, 5, 57, 105
10, 1932800, Note_on_c, 5, 69, 105
10, 1933056, Note_on_c, 5, 57, 0
10, 1933056, Note_on_c, 5, 69, 0
10, 1933312, Note_on_c, 5, 57, 105
10, 1933312, Note_on_c, 5, 69, 105
10, 1934060, Note_on_c, 5, 57, 0
10, 1934060, Note_on_c, 5, 69, 0
10, 1934848, Note_on_c, 5, 57, 105
10, 1934848, Note_on_c, 5, 69, 105
10, 1935596, Note_on_c, 5, 57, 0
10, 1935596, Note_on_c, 5, 69, 0
10, 1935872, Note_on_c, 5, 57, 105
10, 1935872, Note_on_c, 5, 69, 105
10, 1936128, Note_on_c, 5, 57, 0
10, 1936128, Note_on_c, 5, 69, 0
10, 1936384, Note_on_c, 5, 62, 105
10, 1936384, Note_on_c, 5, 74, 105
10, 1937132, Note_on_c, 5, 62, 0
10, 1937132, Note_on_c, 5, 74, 0
10, 1937408, Note_on_c, 5, 66, 105
10, 1937408, Note_on_c, 5, 74, 105
10, 1937664, Note_on_c, 5, 66, 0
10, 1937664, Note_on_c, 5, 74, 0
10, 1937920, Note_on_c, 5, 66, 105
10, 1937920, Note_on_c, 5, 74, 105
10, 1938668, Note_on_c, 5, 66, 0
10, 1938668, Note_on_c, 5, 74, 0
10, 1938944, Note_on_c, 5, 62, 105
10, 1938944, Note_on_c, 5, 78, 105
10, 1939200, Note_on_c, 5, 62, 0
10, 1939200, Note_on_c, 5, 78, 0
10, 1939456, Note_on_c, 5, 69, 99
10, 1939456, Note_on_c, 5, 76, 99
10, 1940204, Note_on_c, 5, 69, 0
10, 1940204, Note_on_c, 5, 76, 0
10, 1940992, Note_on_c, 5, 57, 99
10, 1940992, Note_on_c, 5, 69, 99
10, 1941740, Note_on_c, 5, 57, 0
10, 1941740, Note_on_c, 5, 69, 0
10, 1942016, Note_on_c, 5, 57, 100
10, 1942016, Note_on_c, 5, 69, 100
10, 1942272, Note_on_c, 5, 57, 0
10, 1942272, Note_on_c, 5, 69, 0
10, 1942528, Note_on_c, 5, 57, 100
10, 1942528, Note_on_c, 5, 69, 100
10, 1943276, Note_on_c, 5, 57, 0
10, 1943276, Note_on_c, 5, 69, 0
10, 1944064, Note_on_c, 5, 57, 101
10, 1944064, Note_on_c, 5, 69, 101
10, 1944812, Note_on_c, 5, 57, 0
10, 1944812, Note_on_c, 5, 69, 0
10, 1945088, Note_on_c, 5, 57, 101
10, 1945088, Note_on_c, 5, 69, 101
10, 1945344, Note_on_c, 5, 57, 0
10, 1945344, Note_on_c, 5, 69, 0
10, 1945600, Note_on_c, 5, 57, 102
10, 1945600, Note_on_c, 5, 69, 102
10, 1946348, Note_on_c, 5, 57, 0
10, 1946348, Note_on_c, 5, 69, 0
10, 1947136, Note_on_c, 5, 57, 102
10, 1947136, Note_on_c, 5, 69, 102
10, 1947884, Note_on_c, 5, 57, 0
10, 1947884, Note_on_c, 5, 69, 0
10, 1948160, Note_on_c, 5, 57, 103
10, 1948160, Note_on_c, 5, 69, 103
10, 1948416, Note_on_c, 5, 57, 0
10, 1948416, Note_on_c, 5, 69, 0
10, 1948672, Note_on_c, 5, 57, 103
10, 1948672, Note_on_c, 5, 69, 103
10, 1949420, Note_on_c, 5, 57, 0
10, 1949420, Note_on_c, 5, 69, 0
10, 1950208, Note_on_c, 5, 57, 104
10, 1950208, Note_on_c, 5, 69, 104
10, 1950956, Note_on_c, 5, 57, 0
10, 1950956, Note_on_c, 5, 69, 0
10, 1951232, Note_on_c, 5, 57, 105
10, 1951232, Note_on_c, 5, 69, 105
10, 1951488, Note_on_c, 5, 57, 0
10, 1951488, Note_on_c, 5, 69, 0
10, 1951744, Note_on_c, 5, 57, 105
10, 1951744, Note_on_c, 5, 69, 105
10, 1952492, Note_on_c, 5, 57, 0
10, 1952492, Note_on_c, 5, 69, 0
10, 1953280, Note_on_c, 5, 57, 106
10, 1953280, Note_on_c, 5, 69, 106
10, 1954028, Note_on_c, 5, 57, 0
10, 1954028, Note_on_c, 5, 69, 0
10, 1954304, Note_on_c, 5, 76, 106
10, 1954560, Note_on_c, 5, 76, 0
10, 1954816, Note_on_c, 5, 66, 106
10, 1954816, Note_on_c, 5, 78, 106
10, 1955564, Note_on_c, 5, 66, 0
10, 1955564, Note_on_c, 5, 78, 0
10, 1956352, Note_on_c, 5, 66, 107
10, 1956352, Note_on_c, 5, 78, 107
10, 1957100, Note_on_c, 5, 66, 0
10, 1957100, Note_on_c, 5, 78, 0
10, 1957376, Note_on_c, 5, 66, 108
10, 1957376, Note_on_c, 5, 78, 108
10, 1957632, Note_on_c, 5, 66, 0
10, 1957632, Note_on_c, 5, 78, 0
10, 1957888, Note_on_c, 5, 66, 108
10, 1957888, Note_on_c, 5, 78, 108
10, 1958636, Note_on_c, 5, 66, 0
10, 1958636, Note_on_c, 5, 78, 0
10, 1959424, Note_on_c, 5, 76, 109
10, 1960172, Note_on_c, 5, 76, 0
10, 1960448, Note_on_c, 5, 76, 109
10, 1960704, Note_on_c, 5, 76, 0
10, 1960960, Note_on_c, 5, 69, 109
10, 1961708, Note_on_c, 5, 69, 0
10, 1962496, Note_on_c, 5, 57, 110
10, 1962496, Note_on_c, 5, 69, 110
10, 1963244, Note_on_c, 5, 57, 0
10, 1963244, Note_on_c, 5, 69, 0
10, 1963520, Note_on_c, 5, 57, 111
10, 1963520, Note_on_c, 5, 69, 111
10, 1963776, Note_on_c, 5, 57, 0
10, 1963776, Note_on_c, 5, 69, 0
10, 1964032, Note_on_c, 5, 62, 111
10, 1964032, Note_on_c, 5, 74, 111
10, 1964780, Note_on_c, 5, 62, 0
10, 1964780, Note_on_c, 5, 74, 0
10, 1965568, Note_on_c, 5, 62, 111
10, 1965568, Note_on_c, 5, 74, 111
10, 1966316, Note_on_c, 5, 62, 0
10, 1966316, Note_on_c, 5, 74, 0
10, 1966592, Note_on_c, 5, 62, 111
10, 1966592, Note_on_c, 5, 74, 111
10, 1966848, Note_on_c, 5, 62, 0
10, 1966848, Note_on_c, 5, 74, 0
10, 1967104, Note_on_c, 5, 62, 111
10, 1967104, Note_on_c, 5, 74, 111
10, 1967852, Note_on_c, 5, 62, 0
10, 1967852, Note_on_c, 5, 74, 0
10, 1968640, Note_on_c, 5, 62, 111
10, 1968640, Note_on_c, 5, 74, 111
10, 1969388, Note_on_c, 5, 62, 0
10, 1969388, Note_on_c, 5, 74, 0
10, 1969664, Note_on_c, 5, 62, 111
10, 1969664, Note_on_c, 5, 74, 111
10, 1969920, Note_on_c, 5, 62, 0
10, 1969920, Note_on_c, 5, 74, 0
10, 1970176, Note_on_c, 5, 62, 111
10, 1970176, Note_on_c, 5, 74, 111
10, 1970924, Note_on_c, 5, 62, 0
10, 1970924, Note_on_c, 5, 74, 0
10, 1971712, Note_on_c, 5, 62, 111
10, 1971712, Note_on_c, 5, 74, 111
10, 1972460, Note_on_c, 5, 62, 0
10, 1972460, Note_on_c, 5, 74, 0
10, 1972736, Note_on_c, 5, 62, 111
10, 1972736, Note_on_c, 5, 74, 111
10, 1972992, Note_on_c, 5, 62, 0
10, 1972992, Note_on_c, 5, 74, 0
10, 1973248, Note_on_c, 5, 62, 111
10, 1973248, Note_on_c, 5, 74, 111
10, 1973996, Note_on_c, 5, 62, 0
10, 1973996, Note_on_c, 5, 74, 0
10, 1974784, Note_on_c, 5, 62, 111
10, 1974784, Note_on_c, 5, 74, 111
10, 1975532, Note_on_c, 5, 62, 0
10, 1975532, Note_on_c, 5, 74, 0
10, 1975808, Note_on_c, 5, 62, 111
10, 1975808, Note_on_c, 5, 74, 111
10, 1976064, Note_on_c, 5, 62, 0
10, 1976064, Note_on_c, 5, 74, 0
10, 1976320, Note_on_c, 5, 57, 111
10, 1976320, Note_on_c, 5, 69, 111
10, 1977068, Note_on_c, 5, 57, 0
10, 1977068, Note_on_c, 5, 69, 0
10, 1977856, Note_on_c, 5, 57, 111
10, 1977856, Note_on_c, 5, 69, 111
10, 1978604, Note_on_c, 5, 57, 0
10, 1978604, Note_on_c, 5, 69, 0
10, 1978880, Note_on_c, 5, 57, 111
10, 1978880, Note_on_c, 5, 69, 111
10, 1979136, Note_on_c, 5, 57, 0
10, 1979136, Note_on_c, 5, 69, 0
10, 1979392, Note_on_c, 5, 57, 111
10, 1979392, Note_on_c, 5, 69, 111
10, 1980140, Note_on_c, 5, 57, 0
10, 1980140, Note_on_c, 5, 69, 0
10, 1980928, Note_on_c, 5, 57, 111
10, 1980928, Note_on_c, 5, 69, 111
10, 1981676, Note_on_c, 5, 57, 0
10, 1981676, Note_on_c, 5, 69, 0
10, 1981952, Note_on_c, 5, 57, 111
10, 1981952, Note_on_c, 5, 69, 111
10, 1982208, Note_on_c, 5, 57, 0
10, 1982208, Note_on_c, 5, 69, 0
10, 1982464, Note_on_c, 5, 57, 111
10, 1982464, Note_on_c, 5, 69, 111
10, 1983212, Note_on_c, 5, 57, 0
10, 1983212, Note_on_c, 5, 69, 0
10, 1984000, Note_on_c, 5, 57, 111
10, 1984000, Note_on_c, 5, 69, 111
10, 1984748, Note_on_c, 5, 57, 0
10, 1984748, Note_on_c, 5, 69, 0
10, 1985024, Note_on_c, 5, 57, 111
10, 1985024, Note_on_c, 5, 69, 111
10, 1985280, Note_on_c, 5, 57, 0
10, 1985280, Note_on_c, 5, 69, 0
10, 1985536, Note_on_c, 5, 62, 111
10, 1985536, Note_on_c, 5, 74, 111
10, 1986284, Note_on_c, 5, 62, 0
10, 1986284, Note_on_c, 5, 74, 0
10, 1986560, Note_on_c, 5, 66, 109
10, 1986560, Note_on_c, 5, 74, 109
10, 1986816, Note_on_c, 5, 66, 0
10, 1986816, Note_on_c, 5, 74, 0
10, 1987072, Note_on_c, 5, 66, 108
10, 1987072, Note_on_c, 5, 74, 108
10, 1987820, Note_on_c, 5, 66, 0
10, 1987820, Note_on_c, 5, 74, 0
10, 1988096, Note_on_c, 5, 62, 106
10, 1988096, Note_on_c, 5, 78, 106
10, 1988352, Note_on_c, 5, 62, 0
10, 1988352, Note_on_c, 5, 78, 0
10, 1988608, Note_on_c, 5, 69, 105
10, 1988608, Note_on_c, 5, 76, 105
10, 1989356, Note_on_c, 5, 69, 0
10, 1989356, Note_on_c, 5, 76, 0
10, 1990144, Note_on_c, 5, 57, 104
10, 1990144, Note_on_c, 5, 69, 104
10, 1990892, Note_on_c, 5, 57, 0
10, 1990892, Note_on_c, 5, 69, 0
10, 1991168, Note_on_c, 5, 57, 105
10, 1991168, Note_on_c, 5, 69, 105
10, 1991424, Note_on_c, 5, 57, 0
10, 1991424, Note_on_c, 5, 69, 0
10, 1991680, Note_on_c, 5, 57, 105
10, 1991680, Note_on_c, 5, 69, 105
10, 1992428, Note_on_c, 5, 57, 0
10, 1992428, Note_on_c, 5, 69, 0
10, 1993216, Note_on_c, 5, 57, 106
10, 1993216, Note_on_c, 5, 69, 106
10, 1993964, Note_on_c, 5, 57, 0
10, 1993964, Note_on_c, 5, 69, 0
10, 1994240, Note_on_c, 5, 57, 106
10, 1994240, Note_on_c, 5, 69, 106
10, 1994496, Note_on_c, 5, 57, 0
10, 1994496, Note_on_c, 5, 69, 0
10, 1994752, Note_on_c, 5, 57, 106
10, 1994752, Note_on_c, 5, 69, 106
10, 1995500, Note_on_c, 5, 57, 0
10, 1995500, Note_on_c, 5, 69, 0
10, 1996288, Note_on_c, 5, 57, 107
10, 1996288, Note_on_c, 5, 69, 107
10, 1997036, Note_on_c, 5, 57, 0
10, 1997036, Note_on_c, 5, 69, 0
10, 1997312, Note_on_c, 5, 57, 108
10, 1997312, Note_on_c, 5, 69, 108
10, 1997568, Note_on_c, 5, 57, 0
10, 1997568, Note_on_c, 5, 69, 0
10, 1997824, Note_on_c, 5, 57, 108
10, 1997824, Note_on_c, 5, 69, 108
10, 1998572, Note_on_c, 5, 57, 0
10, 1998572, Note_on_c, 5, 69, 0
10, 1999360, Note_on_c, 5, 57, 109
10, 1999360, Note_on_c, 5, 69, 109
10, 2000108, Note_on_c, 5, 57, 0
10, 2000108, Note_on_c, 5, 69, 0
10, 2000384, Note_on_c, 5, 57, 109
10, 2000384, Note_on_c, 5, 69, 109
10, 2000640, Note_on_c, 5, 57, 0
10, 2000640, Note_on_c, 5, 69, 0
10, 2000896, Note_on_c, 5, 57, 109
10, 2000896, Note_on_c, 5, 69, 109
10, 2001644, Note_on_c, 5, 57, 0
10, 2001644, Note_on_c, 5, 69, 0
10, 2002432, Note_on_c, 5, 57, 110
10, 2002432, Note_on_c, 5, 69, 110
10, 2003180, Note_on_c, 5, 57, 0
10, 2003180, Note_on_c, 5, 69, 0
10, 2003456, Note_on_c, 5, 76, 110
10, 2003712, Note_on_c, 5, 76, 0
10, 2003968, Note_on_c, 5, 66, 111
10, 2003968, Note_on_c, 5, 78, 111
10, 2004716, Note_on_c, 5, 66, 0
10, 2004716, Note_on_c, 5, 78, 0
10, 2005504, Note_on_c, 5, 66, 111
10, 2005504, Note_on_c, 5, 78, 111
10, 2006252, Note_on_c, 5, 66, 0
10, 2006252, Note_on_c, 5, 78, 0
10, 2006528, Note_on_c, 5, 66, 112
10, 2006528, Note_on_c, 5, 78, 112
10, 2006784, Note_on_c, 5, 66, 0
10, 2006784, Note_on_c, 5, 78, 0
10, 2007040, Note_on_c, 5, 66, 112
10, 2007040, Note_on_c, 5, 78, 112
10, 2007788, Note_on_c, 5, 66, 0
10, 2007788, Note_on_c, 5, 78, 0
10, 2008576, Note_on_c, 5, 76, 113
10, 2009324, Note_on_c, 5, 76, 0
10, 2009600, Note_on_c, 5, 76, 113
10, 2009856, Note_on_c, 5, 76, 0
10, 2010112, Note_on_c, 5, 69, 114
10, 2010860, Note_on_c, 5, 69, 0
10, 2011648, Note_on_c, 5, 57, 114
10, 2011648, Note_on_c, 5, 69, 114
10, 2012396, Note_on_c, 5, 57, 0
10, 2012396, Note_on_c, 5, 69, 0
10, 2012672, Note_on_c, 5, 57, 114
10, 2012672, Note_on_c, 5, 69, 114
10, 2012928, Note_on_c, 5, 57, 0
10, 2012928, Note_on_c, 5, 69, 0
10, 2013184, Note_on_c, 5, 62, 114
10, 2013184, Note_on_c, 5, 74, 114
10, 2013932, Note_on_c, 5, 62, 0
10, 2013932, Note_on_c, 5, 74, 0
10, 2014720, Note_on_c, 5, 62, 113
10, 2014720, Note_on_c, 5, 74, 113
10, 2015468, Note_on_c, 5, 62, 0
10, 2015468, Note_on_c, 5, 74, 0
10, 2015744, Note_on_c, 5, 62, 112
10, 2015744, Note_on_c, 5, 74, 112
10, 2016000, Note_on_c, 5, 62, 0
10, 2016000, Note_on_c, 5, 74, 0
10, 2016256, Note_on_c, 5, 62, 112
10, 2016256, Note_on_c, 5, 74, 112
10, 2017004, Note_on_c, 5, 62, 0
10, 2017004, Note_on_c, 5, 74, 0
10, 2017792, Note_on_c, 5, 62, 112
10, 2017792, Note_on_c, 5, 74, 112
10, 2018540, Note_on_c, 5, 62, 0
10, 2018540, Note_on_c, 5, 74, 0
10, 2018816, Note_on_c, 5, 62, 111
10, 2018816, Note_on_c, 5, 74, 111
10, 2019072, Note_on_c, 5, 62, 0
10, 2019072, Note_on_c, 5, 74, 0
10, 2019328, Note_on_c, 5, 62, 111
10, 2019328, Note_on_c, 5, 74, 111
10, 2020076, Note_on_c, 5, 62, 0
10, 2020076, Note_on_c, 5, 74, 0
10, 2020864, Note_on_c, 5, 62, 110
10, 2020864, Note_on_c, 5, 74, 110
10, 2021612, Note_on_c, 5, 62, 0
10, 2021612, Note_on_c, 5, 74, 0
10, 2021888, Note_on_c, 5, 62, 110
10, 2021888, Note_on_c, 5, 74, 110
10, 2022144, Note_on_c, 5, 62, 0
10, 2022144, Note_on_c, 5, 74, 0
10, 2022400, Note_on_c, 5, 62, 109
10, 2022400, Note_on_c, 5, 74, 109
10, 2023148, Note_on_c, 5, 62, 0
10, 2023148, Note_on_c, 5, 74, 0
10, 2023936, Note_on_c, 5, 62, 109
10, 2023936, Note_on_c, 5, 74, 109
10, 2024684, Note_on_c, 5, 62, 0
10, 2024684, Note_on_c, 5, 74, 0
10, 2024960, Note_on_c, 5, 62, 108
10, 2024960, Note_on_c, 5, 74, 108
10, 2025216, Note_on_c, 5, 62, 0
10, 2025216, Note_on_c, 5, 74, 0
10, 2025472, Note_on_c, 5, 57, 108
10, 2025472, Note_on_c, 5, 69, 108
10, 2026220, Note_on_c, 5, 57, 0
10, 2026220, Note_on_c, 5, 69, 0
10, 2027008, Note_on_c, 5, 57, 107
10, 2027008, Note_on_c, 5, 69, 107
10, 2027756, Note_on_c, 5, 57, 0
10, 2027756, Note_on_c, 5, 69, 0
10, 2028032, Note_on_c, 5, 57, 107
10, 2028032, Note_on_c, 5, 69, 107
10, 2028288, Note_on_c, 5, 57, 0
10, 2028288, Note_on_c, 5, 69, 0
10, 2028544, Note_on_c, 5, 57, 106
10, 2028544, Note_on_c, 5, 69, 106
10, 2029292, Note_on_c, 5, 57, 0
10, 2029292, Note_on_c, 5, 69, 0
10, 2030080, Note_on_c, 5, 57, 106
10, 2030080, Note_on_c, 5, 69, 106
10, 2030828, Note_on_c, 5, 57, 0
10, 2030828, Note_on_c, 5, 69, 0
10, 2031104, Note_on_c, 5, 57, 105
10, 2031104, Note_on_c, 5, 69, 105
10, 2031360, Note_on_c, 5, 57, 0
10, 2031360, Note_on_c, 5, 69, 0
10, 2031616, Note_on_c, 5, 57, 105
10, 2031616, Note_on_c, 5, 69, 105
10, 2032364, Note_on_c, 5, 57, 0
10, 2032364, Note_on_c, 5, 69, 0
10, 2033152, Note_on_c, 5, 57, 104
10, 2033152, Note_on_c, 5, 69, 104
10, 2033900, Note_on_c, 5, 57, 0
10, 2033900, Note_on_c, 5, 69, 0
10, 2034176, Note_on_c, 5, 57, 104
10, 2034176, Note_on_c, 5, 69, 104
10, 2034432, Note_on_c, 5, 57, 0
10, 2034432, Note_on_c, 5, 69, 0
10, 2034688, Note_on_c, 5, 62, 104
10, 2034688, Note_on_c, 5, 74, 104
10, 2035436, Note_on_c, 5, 62, 0
10, 2035436, Note_on_c, 5, 74, 0
10, 2036224, Note_on_c, 5, 62, 104
10, 2036224, Note_on_c, 5, 74, 104
10, 2036972, Note_on_c, 5, 62, 0
10, 2036972, Note_on_c, 5, 74, 0
10, 2037248, Note_on_c, 5, 62, 104
10, 2037248, Note_on_c, 5, 74, 104
10, 2037504, Note_on_c, 5, 62, 0
10, 2037504, Note_on_c, 5, 74, 0
10, 2037760, Note_on_c, 5, 62, 118
10, 2037760, Note_on_c, 5, 74, 118
10, 2038508, Note_on_c, 5, 62, 0
10, 2038508, Note_on_c, 5, 74, 0
10, 2039296, Note_on_c, 5, 62, 104
10, 2039296, Note_on_c, 5, 74, 104
10, 2040044, Note_on_c, 5, 62, 0
10, 2040044, Note_on_c, 5, 74, 0
10, 2040320, Note_on_c, 5, 62, 104
10, 2040320, Note_on_c, 5, 74, 104
10, 2040576, Note_on_c, 5, 62, 0
10, 2040576, Note_on_c, 5, 74, 0
10, 2040832, Note_on_c, 5, 62, 104
10, 2040832, Note_on_c, 5, 74, 104
10, 2041580, Note_on_c, 5, 62, 0
10, 2041580, Note_on_c, 5, 74, 0
10, 2042368, Note_on_c, 5, 62, 104
10, 2042368, Note_on_c, 5, 74, 104
10, 2043116, Note_on_c, 5, 62, 0
10, 2043116, Note_on_c, 5, 74, 0
10, 2043392, Note_on_c, 5, 62, 104
10, 2043392, Note_on_c, 5, 74, 104
10, 2043648, Note_on_c, 5, 62, 0
10, 2043648, Note_on_c, 5, 74, 0
10, 2043904, Note_on_c, 5, 62, 118
10, 2043904, Note_on_c, 5, 74, 118
10, 2044652, Note_on_c, 5, 62, 0
10, 2044652, Note_on_c, 5, 74, 0
10, 2045440, Note_on_c, 5, 62, 108
10, 2045440, Note_on_c, 5, 74, 108
10, 2046188, Note_on_c, 5, 62, 0
10, 2046188, Note_on_c, 5, 74, 0
10, 2046464, Note_on_c, 5, 62, 111
10, 2046464, Note_on_c, 5, 74, 111
10, 2046720, Note_on_c, 5, 62, 0
10, 2046720, Note_on_c, 5, 74, 0
10, 2046976, Note_on_c, 5, 62, 113
10, 2046976, Note_on_c, 5, 74, 113
10, 2047724, Note_on_c, 5, 62, 0
10, 2047724, Note_on_c, 5, 74, 0
10, 2050048, Control_c, 5, 121, 127
10, 2050048, End_track
11, 0, Start_track
11, 0, Title_t, "Timpani"
11, 0, Program_c, 6, 47
11, 0, Control_c, 6, 121, 127
11, 0, Control_c, 6, 91, 127
11, 0, Control_c, 6, 10, 10
11, 2048, Note_on_c, 6, 45, 105
11, 2304, Note_on_c, 6, 45, 0
11, 2304, Note_on_c, 6, 45, 93
11, 2560, Note_on_c, 6, 45, 0
11, 2560, Note_on_c, 6, 45, 93
11, 2816, Note_on_c, 6, 45, 0
11, 2816, Note_on_c, 6, 45, 93
11, 3072, Note_on_c, 6, 45, 0
11, 3072, Note_on_c, 6, 45, 93
11, 3328, Note_on_c, 6, 45, 0
11, 3328, Note_on_c, 6, 45, 93
11, 3584, Note_on_c, 6, 45, 0
11, 3584, Note_on_c, 6, 45, 94
11, 3840, Note_on_c, 6, 45, 0
11, 3840, Note_on_c, 6, 45, 94
11, 4096, Note_on_c, 6, 45, 0
11, 4096, Note_on_c, 6, 45, 94
11, 4352, Note_on_c, 6, 45, 0
11, 4352, Note_on_c, 6, 45, 94
11, 4608, Note_on_c, 6, 45, 0
11, 4608, Note_on_c, 6, 45, 94
11, 4864, Note_on_c, 6, 45, 0
11, 4864, Note_on_c, 6, 45, 95
11, 5120, Note_on_c, 6, 45, 0
11, 5120, Note_on_c, 6, 45, 95
11, 5376, Note_on_c, 6, 45, 0
11, 5376, Note_on_c, 6, 45, 95
11, 5632, Note_on_c, 6, 45, 0
11, 5632, Note_on_c, 6, 45, 95
11, 5888, Note_on_c, 6, 45, 0
11, 5888, Note_on_c, 6, 45, 95
11, 6144, Note_on_c, 6, 45, 0
11, 6144, Note_on_c, 6, 45, 95
11, 6400, Note_on_c, 6, 45, 0
11, 6400, Note_on_c, 6, 45, 96
11, 6656, Note_on_c, 6, 45, 0
11, 6656, Note_on_c, 6, 45, 96
11, 6912, Note_on_c, 6, 45, 0
11, 6912, Note_on_c, 6, 45, 96
11, 7168, Note_on_c, 6, 45, 0
11, 7168, Note_on_c, 6, 45, 96
11, 7424, Note_on_c, 6, 45, 0
11, 7424, Note_on_c, 6, 45, 96
11, 7680, Note_on_c, 6, 45, 0
11, 7680, Note_on_c, 6, 45, 97
11, 7936, Note_on_c, 6, 45, 0
11, 7936, Note_on_c, 6, 45, 97
11, 8192, Note_on_c, 6, 45, 0
11, 8192, Note_on_c, 6, 45, 97
11, 8448, Note_on_c, 6, 45, 0
11, 8448, Note_on_c, 6, 45, 97
11, 8704, Note_on_c, 6, 45, 0
11, 8704, Note_on_c, 6, 45, 97
11, 8960, Note_on_c, 6, 45, 0
11, 8960, Note_on_c, 6, 45, 98
11, 9216, Note_on_c, 6, 45, 0
11, 9216, Note_on_c, 6, 45, 98
11, 9472, Note_on_c, 6, 45, 0
11, 9472, Note_on_c, 6, 50, 98
11, 9728, Note_on_c, 6, 50, 0
11, 9728, Note_on_c, 6, 50, 98
11, 9984, Note_on_c, 6, 50, 0
11, 9984, Note_on_c, 6, 50, 98
11, 10240, Note_on_c, 6, 50, 0
11, 10240, Note_on_c, 6, 50, 99
11, 10496, Note_on_c, 6, 50, 0
11, 10496, Note_on_c, 6, 50, 99
11, 10752, Note_on_c, 6, 50, 0
11, 10752, Note_on_c, 6, 50, 99
11, 11008, Note_on_c, 6, 50, 0
11, 11008, Note_on_c, 6, 50, 99
11, 11264, Note_on_c, 6, 50, 0
11, 11264, Note_on_c, 6, 50, 99
11, 11520, Note_on_c, 6, 50, 0
11, 11520, Note_on_c, 6, 50, 100
11, 11776, Note_on_c, 6, 50, 0
11, 11776, Note_on_c, 6, 50, 100
11, 12032, Note_on_c, 6, 50, 0
11, 12032, Note_on_c, 6, 50, 100
11, 12288, Note_on_c, 6, 50, 0
11, 12288, Note_on_c, 6, 50, 100
11, 12544, Note_on_c, 6, 50, 0
11, 12544, Note_on_c, 6, 50, 100
11, 12800, Note_on_c, 6, 50, 0
11, 12800, Note_on_c, 6, 50, 101
11, 13056, Note_on_c, 6, 50, 0
11, 13056, Note_on_c, 6, 50, 101
11, 13312, Note_on_c, 6, 50, 0
11, 13312, Note_on_c, 6, 50, 101
11, 13568, Note_on_c, 6, 50, 0
11, 13568, Note_on_c, 6, 50, 101
11, 13824, Note_on_c, 6, 50, 0
11, 13824, Note_on_c, 6, 50, 101
11, 14080, Note_on_c, 6, 50, 0
11, 14080, Note_on_c, 6, 50, 101
11, 14336, Note_on_c, 6, 50, 0
11, 14336, Note_on_c, 6, 50, 102
11, 14592, Note_on_c, 6, 50, 0
11, 14592, Note_on_c, 6, 50, 102
11, 14848, Note_on_c, 6, 50, 0
11, 14848, Note_on_c, 6, 50, 102
11, 15104, Note_on_c, 6, 50, 0
11, 15104, Note_on_c, 6, 50, 102
11, 15360, Note_on_c, 6, 50, 0
11, 15360, Note_on_c, 6, 50, 99
11, 15616, Note_on_c, 6, 50, 0
11, 15616, Note_on_c, 6, 50, 99
11, 15872, Note_on_c, 6, 50, 0
11, 15872, Note_on_c, 6, 50, 100
11, 16128, Note_on_c, 6, 50, 0
11, 16128, Note_on_c, 6, 50, 101
11, 16384, Note_on_c, 6, 50, 0
11, 16384, Note_on_c, 6, 50, 102
11, 16640, Note_on_c, 6, 50, 0
11, 16640, Note_on_c, 6, 50, 103
11, 16896, Note_on_c, 6, 50, 0
11, 16896, Note_on_c, 6, 50, 104
11, 17152, Note_on_c, 6, 50, 0
11, 17152, Note_on_c, 6, 50, 105
11, 17408, Note_on_c, 6, 50, 0
11, 17408, Note_on_c, 6, 50, 105
11, 17664, Note_on_c, 6, 50, 0
11, 17664, Note_on_c, 6, 50, 106
11, 17920, Note_on_c, 6, 50, 0
11, 17920, Note_on_c, 6, 50, 107
11, 18176, Note_on_c, 6, 50, 0
11, 18176, Note_on_c, 6, 50, 108
11, 18432, Note_on_c, 6, 50, 0
11, 18432, Note_on_c, 6, 50, 109
11, 18688, Note_on_c, 6, 50, 0
11, 18688, Note_on_c, 6, 50, 110
11, 18944, Note_on_c, 6, 50, 0
11, 18944, Note_on_c, 6, 50, 111
11, 19200, Note_on_c, 6, 50, 0
11, 19200, Note_on_c, 6, 50, 111
11, 19456, Note_on_c, 6, 50, 0
11, 19456, Note_on_c, 6, 50, 112
11, 19712, Note_on_c, 6, 50, 0
11, 19712, Note_on_c, 6, 50, 113
11, 19968, Note_on_c, 6, 50, 0
11, 19968, Note_on_c, 6, 50, 114
11, 20224, Note_on_c, 6, 50, 0
11, 20224, Note_on_c, 6, 50, 115
11, 20480, Note_on_c, 6, 50, 0
11, 20480, Note_on_c, 6, 50, 116
11, 20736, Note_on_c, 6, 50, 0
11, 20736, Note_on_c, 6, 50, 117
11, 20992, Note_on_c, 6, 50, 0
11, 20992, Note_on_c, 6, 50, 117
11, 21248, Note_on_c, 6, 50, 0
11, 21248, Note_on_c, 6, 50, 118
11, 21504, Note_on_c, 6, 50, 0
11, 21504, Note_on_c, 6, 50, 119
11, 22016, Note_on_c, 6, 50, 0
11, 22528, Note_on_c, 6, 45, 118
11, 23040, Note_on_c, 6, 45, 0
11, 51200, Note_on_c, 6, 50, 108
11, 51456, Note_on_c, 6, 50, 0
11, 51456, Note_on_c, 6, 50, 94
11, 51712, Note_on_c, 6, 50, 0
11, 51712, Note_on_c, 6, 50, 94
11, 51968, Note_on_c, 6, 50, 0
11, 51968, Note_on_c, 6, 50, 94
11, 52224, Note_on_c, 6, 50, 0
11, 52224, Note_on_c, 6, 50, 94
11, 52480, Note_on_c, 6, 50, 0
11, 52480, Note_on_c, 6, 50, 94
11, 52736, Note_on_c, 6, 50, 0
11, 52736, Note_on_c, 6, 50, 94
11, 52992, Note_on_c, 6, 50, 0
11, 52992, Note_on_c, 6, 50, 94
11, 53248, Note_on_c, 6, 50, 0
11, 53248, Note_on_c, 6, 50, 94
11, 53504, Note_on_c, 6, 50, 0
11, 53504, Note_on_c, 6, 50, 94
11, 53760, Note_on_c, 6, 50, 0
11, 53760, Note_on_c, 6, 50, 94
11, 54016, Note_on_c, 6, 50, 0
11, 54016, Note_on_c, 6, 50, 94
11, 54272, Note_on_c, 6, 50, 0
11, 54272, Note_on_c, 6, 50, 104
11, 54528, Note_on_c, 6, 50, 0
11, 54528, Note_on_c, 6, 50, 94
11, 54784, Note_on_c, 6, 50, 0
11, 54784, Note_on_c, 6, 50, 94
11, 55040, Note_on_c, 6, 50, 0
11, 55040, Note_on_c, 6, 50, 94
11, 55296, Note_on_c, 6, 50, 0
11, 55296, Note_on_c, 6, 50, 94
11, 55552, Note_on_c, 6, 50, 0
11, 55552, Note_on_c, 6, 50, 94
11, 55808, Note_on_c, 6, 50, 0
11, 55808, Note_on_c, 6, 50, 94
11, 56064, Note_on_c, 6, 50, 0
11, 56064, Note_on_c, 6, 50, 94
11, 56320, Note_on_c, 6, 50, 0
11, 56320, Note_on_c, 6, 50, 94
11, 56576, Note_on_c, 6, 50, 0
11, 56576, Note_on_c, 6, 50, 94
11, 56832, Note_on_c, 6, 50, 0
11, 56832, Note_on_c, 6, 50, 94
11, 57088, Note_on_c, 6, 50, 0
11, 57088, Note_on_c, 6, 50, 94
11, 57344, Note_on_c, 6, 50, 0
11, 57344, Note_on_c, 6, 50, 94
11, 57600, Note_on_c, 6, 50, 0
11, 57600, Note_on_c, 6, 50, 94
11, 57856, Note_on_c, 6, 50, 0
11, 57856, Note_on_c, 6, 50, 94
11, 58112, Note_on_c, 6, 50, 0
11, 58112, Note_on_c, 6, 50, 94
11, 58368, Note_on_c, 6, 50, 0
11, 58368, Note_on_c, 6, 50, 94
11, 58624, Note_on_c, 6, 50, 0
11, 58624, Note_on_c, 6, 50, 94
11, 58880, Note_on_c, 6, 50, 0
11, 58880, Note_on_c, 6, 50, 94
11, 59136, Note_on_c, 6, 50, 0
11, 59136, Note_on_c, 6, 50, 93
11, 59392, Note_on_c, 6, 50, 0
11, 59392, Note_on_c, 6, 50, 93
11, 59648, Note_on_c, 6, 50, 0
11, 59648, Note_on_c, 6, 50, 93
11, 59904, Note_on_c, 6, 50, 0
11, 59904, Note_on_c, 6, 50, 93
11, 60160, Note_on_c, 6, 50, 0
11, 60160, Note_on_c, 6, 50, 94
11, 60416, Note_on_c, 6, 50, 0
11, 60416, Note_on_c, 6, 50, 94
11, 60672, Note_on_c, 6, 50, 0
11, 60672, Note_on_c, 6, 50, 94
11, 60928, Note_on_c, 6, 50, 0
11, 60928, Note_on_c, 6, 50, 94
11, 61184, Note_on_c, 6, 50, 0
11, 61184, Note_on_c, 6, 50, 94
11, 61440, Note_on_c, 6, 50, 0
11, 61440, Note_on_c, 6, 50, 95
11, 61696, Note_on_c, 6, 50, 0
11, 61696, Note_on_c, 6, 50, 95
11, 61952, Note_on_c, 6, 50, 0
11, 61952, Note_on_c, 6, 50, 95
11, 62208, Note_on_c, 6, 50, 0
11, 62208, Note_on_c, 6, 50, 95
11, 62464, Note_on_c, 6, 50, 0
11, 62464, Note_on_c, 6, 50, 96
11, 62720, Note_on_c, 6, 50, 0
11, 62720, Note_on_c, 6, 50, 96
11, 62976, Note_on_c, 6, 50, 0
11, 62976, Note_on_c, 6, 50, 96
11, 63232, Note_on_c, 6, 50, 0
11, 63232, Note_on_c, 6, 50, 96
11, 63488, Note_on_c, 6, 50, 0
11, 63488, Note_on_c, 6, 50, 97
11, 63744, Note_on_c, 6, 50, 0
11, 63744, Note_on_c, 6, 50, 97
11, 64000, Note_on_c, 6, 50, 0
11, 64000, Note_on_c, 6, 50, 97
11, 64256, Note_on_c, 6, 50, 0
11, 64256, Note_on_c, 6, 50, 97
11, 64512, Note_on_c, 6, 50, 0
11, 64512, Note_on_c, 6, 50, 98
11, 64768, Note_on_c, 6, 50, 0
11, 64768, Note_on_c, 6, 50, 98
11, 65024, Note_on_c, 6, 50, 0
11, 65024, Note_on_c, 6, 50, 98
11, 65280, Note_on_c, 6, 50, 0
11, 65280, Note_on_c, 6, 50, 98
11, 65536, Note_on_c, 6, 50, 0
11, 65536, Note_on_c, 6, 50, 99
11, 65792, Note_on_c, 6, 50, 0
11, 65792, Note_on_c, 6, 50, 99
11, 66048, Note_on_c, 6, 50, 0
11, 66048, Note_on_c, 6, 50, 99
11, 66304, Note_on_c, 6, 50, 0
11, 66304, Note_on_c, 6, 50, 99
11, 66560, Note_on_c, 6, 50, 0
11, 66560, Note_on_c, 6, 50, 99
11, 66816, Note_on_c, 6, 50, 0
11, 66816, Note_on_c, 6, 50, 100
11, 67072, Note_on_c, 6, 50, 0
11, 67072, Note_on_c, 6, 50, 100
11, 67328, Note_on_c, 6, 50, 0
11, 67328, Note_on_c, 6, 50, 100
11, 67584, Note_on_c, 6, 50, 0
11, 67584, Note_on_c, 6, 50, 100
11, 67840, Note_on_c, 6, 50, 0
11, 67840, Note_on_c, 6, 50, 100
11, 68096, Note_on_c, 6, 50, 0
11, 68096, Note_on_c, 6, 50, 101
11, 68352, Note_on_c, 6, 50, 0
11, 68352, Note_on_c, 6, 50, 102
11, 68608, Note_on_c, 6, 50, 0
11, 68608, Note_on_c, 6, 50, 102
11, 68864, Note_on_c, 6, 50, 0
11, 68864, Note_on_c, 6, 50, 103
11, 69120, Note_on_c, 6, 50, 0
11, 69120, Note_on_c, 6, 50, 104
11, 69376, Note_on_c, 6, 50, 0
11, 69376, Note_on_c, 6, 50, 105
11, 69632, Note_on_c, 6, 50, 0
11, 69632, Note_on_c, 6, 50, 106
11, 69888, Note_on_c, 6, 50, 0
11, 69888, Note_on_c, 6, 50, 106
11, 70144, Note_on_c, 6, 50, 0
11, 70144, Note_on_c, 6, 50, 107
11, 70400, Note_on_c, 6, 50, 0
11, 70400, Note_on_c, 6, 50, 108
11, 70656, Note_on_c, 6, 50, 0
11, 70656, Note_on_c, 6, 50, 109
11, 70912, Note_on_c, 6, 50, 0
11, 70912, Note_on_c, 6, 50, 109
11, 71168, Note_on_c, 6, 50, 0
11, 71168, Note_on_c, 6, 50, 110
11, 71424, Note_on_c, 6, 50, 0
11, 71424, Note_on_c, 6, 50, 111
11, 71680, Note_on_c, 6, 50, 0
11, 71680, Note_on_c, 6, 50, 112
11, 71936, Note_on_c, 6, 50, 0
11, 71936, Note_on_c, 6, 50, 113
11, 72192, Note_on_c, 6, 50, 0
11, 72192, Note_on_c, 6, 45, 113
11, 72448, Note_on_c, 6, 45, 0
11, 72448, Note_on_c, 6, 45, 114
11, 72704, Note_on_c, 6, 45, 0
11, 72704, Note_on_c, 6, 45, 115
11, 72960, Note_on_c, 6, 45, 0
11, 72960, Note_on_c, 6, 45, 116
11, 73216, Note_on_c, 6, 45, 0
11, 73216, Note_on_c, 6, 45, 117
11, 73472, Note_on_c, 6, 45, 0
11, 73472, Note_on_c, 6, 45, 117
11, 73728, Note_on_c, 6, 45, 0
11, 73728, Note_on_c, 6, 45, 118
11, 74240, Note_on_c, 6, 45, 0
11, 76288, Note_on_c, 6, 45, 110
11, 76544, Note_on_c, 6, 45, 0
11, 76800, Note_on_c, 6, 45, 110
11, 77210, Note_on_c, 6, 45, 0
11, 90112, Note_on_c, 6, 50, 90
11, 90368, Note_on_c, 6, 50, 0
11, 91136, Note_on_c, 6, 50, 74
11, 91392, Note_on_c, 6, 50, 0
11, 92160, Note_on_c, 6, 45, 37
11, 93184, Note_on_c, 6, 45, 0
11, 100224, Note_on_c, 6, 45, 37
11, 100352, Note_on_c, 6, 45, 0
11, 100352, Note_on_c, 6, 45, 37
11, 101376, Note_on_c, 6, 45, 0
11, 108416, Note_on_c, 6, 45, 37
11, 108544, Note_on_c, 6, 45, 0
11, 108544, Note_on_c, 6, 45, 103
11, 108954, Note_on_c, 6, 45, 0
11, 254976, Note_on_c, 6, 45, 93
11, 255488, Note_on_c, 6, 45, 0
11, 258048, Note_on_c, 6, 50, 99
11, 258304, Note_on_c, 6, 50, 0
11, 258560, Note_on_c, 6, 50, 100
11, 258816, Note_on_c, 6, 50, 0
11, 259072, Note_on_c, 6, 50, 101
11, 259328, Note_on_c, 6, 50, 0
11, 259584, Note_on_c, 6, 50, 102
11, 259840, Note_on_c, 6, 50, 0
11, 260096, Note_on_c, 6, 50, 103
11, 260608, Note_on_c, 6, 50, 0
11, 270336, Note_on_c, 6, 50, 107
11, 271155, Note_on_c, 6, 50, 0
11, 271360, Note_on_c, 6, 50, 101
11, 271616, Note_on_c, 6, 50, 0
11, 278528, Note_on_c, 6, 45, 101
11, 279040, Note_on_c, 6, 45, 0
11, 280576, Note_on_c, 6, 50, 103
11, 281088, Note_on_c, 6, 50, 0
11, 577536, Note_on_c, 6, 50, 98
11, 578560, Note_on_c, 6, 50, 0
11, 579072, Note_on_c, 6, 50, 99
11, 579584, Note_on_c, 6, 50, 0
11, 579584, Note_on_c, 6, 50, 99
11, 580608, Note_on_c, 6, 50, 0
11, 581120, Note_on_c, 6, 50, 99
11, 581632, Note_on_c, 6, 50, 0
11, 581632, Note_on_c, 6, 45, 99
11, 582656, Note_on_c, 6, 45, 0
11, 583168, Note_on_c, 6, 45, 99
11, 583680, Note_on_c, 6, 45, 0
11, 583680, Note_on_c, 6, 45, 99
11, 584704, Note_on_c, 6, 45, 0
11, 585216, Note_on_c, 6, 45, 99
11, 585728, Note_on_c, 6, 45, 0
11, 585728, Note_on_c, 6, 50, 99
11, 586752, Note_on_c, 6, 50, 0
11, 588800, Note_on_c, 6, 50, 99
11, 589824, Note_on_c, 6, 50, 0
11, 589824, Note_on_c, 6, 45, 99
11, 590848, Note_on_c, 6, 45, 0
11, 591872, Note_on_c, 6, 45, 99
11, 592896, Note_on_c, 6, 45, 0
11, 593920, Note_on_c, 6, 50, 99
11, 594944, Note_on_c, 6, 50, 0
11, 595456, Note_on_c, 6, 50, 99
11, 595968, Note_on_c, 6, 50, 0
11, 595968, Note_on_c, 6, 50, 99
11, 596992, Note_on_c, 6, 50, 0
11, 597504, Note_on_c, 6, 50, 99
11, 598016, Note_on_c, 6, 50, 0
11, 598016, Note_on_c, 6, 45, 99
11, 599040, Note_on_c, 6, 45, 0
11, 599552, Note_on_c, 6, 45, 99
11, 600064, Note_on_c, 6, 45, 0
11, 600064, Note_on_c, 6, 45, 99
11, 601088, Note_on_c, 6, 45, 0
11, 601600, Note_on_c, 6, 45, 99
11, 602112, Note_on_c, 6, 45, 0
11, 602112, Note_on_c, 6, 50, 99
11, 603136, Note_on_c, 6, 50, 0
11, 605184, Note_on_c, 6, 50, 99
11, 606208, Note_on_c, 6, 50, 0
11, 606208, Note_on_c, 6, 45, 99
11, 607232, Note_on_c, 6, 45, 0
11, 608256, Note_on_c, 6, 50, 99
11, 609280, Note_on_c, 6, 50, 0
11, 610304, Note_on_c, 6, 45, 98
11, 611328, Note_on_c, 6, 45, 0
11, 611840, Note_on_c, 6, 45, 98
11, 612352, Note_on_c, 6, 45, 0
11, 612352, Note_on_c, 6, 45, 98
11, 613376, Note_on_c, 6, 45, 0
11, 613376, Note_on_c, 6, 50, 98
11, 614400, Note_on_c, 6, 50, 0
11, 614400, Note_on_c, 6, 45, 98
11, 615424, Note_on_c, 6, 45, 0
11, 615936, Note_on_c, 6, 45, 98
11, 616448, Note_on_c, 6, 45, 0
11, 616448, Note_on_c, 6, 45, 97
11, 617472, Note_on_c, 6, 45, 0
11, 617472, Note_on_c, 6, 50, 97
11, 618496, Note_on_c, 6, 50, 0
11, 618496, Note_on_c, 6, 45, 97
11, 619520, Note_on_c, 6, 45, 0
11, 622592, Note_on_c, 6, 50, 101
11, 623104, Note_on_c, 6, 50, 0
11, 623616, Note_on_c, 6, 50, 103
11, 624128, Note_on_c, 6, 50, 0
11, 624640, Note_on_c, 6, 45, 104
11, 625152, Note_on_c, 6, 45, 0
11, 625664, Note_on_c, 6, 45, 101
11, 626176, Note_on_c, 6, 45, 0
11, 626688, Note_on_c, 6, 50, 101
11, 627712, Note_on_c, 6, 50, 0
11, 628224, Note_on_c, 6, 50, 101
11, 628736, Note_on_c, 6, 50, 0
11, 628736, Note_on_c, 6, 50, 101
11, 629760, Note_on_c, 6, 50, 0
11, 630272, Note_on_c, 6, 50, 101
11, 630784, Note_on_c, 6, 50, 0
11, 630784, Note_on_c, 6, 45, 101
11, 631808, Note_on_c, 6, 45, 0
11, 632320, Note_on_c, 6, 45, 101
11, 632832, Note_on_c, 6, 45, 0
11, 632832, Note_on_c, 6, 45, 101
11, 633856, Note_on_c, 6, 45, 0
11, 634368, Note_on_c, 6, 45, 101
11, 634880, Note_on_c, 6, 45, 0
11, 634880, Note_on_c, 6, 50, 101
11, 635904, Note_on_c, 6, 50, 0
11, 637952, Note_on_c, 6, 50, 101
11, 638976, Note_on_c, 6, 50, 0
11, 638976, Note_on_c, 6, 45, 101
11, 640000, Note_on_c, 6, 45, 0
11, 641024, Note_on_c, 6, 50, 101
11, 642048, Note_on_c, 6, 50, 0
11, 643072, Note_on_c, 6, 45, 98
11, 644096, Note_on_c, 6, 45, 0
11, 644608, Note_on_c, 6, 45, 98
11, 645120, Note_on_c, 6, 45, 0
11, 645120, Note_on_c, 6, 45, 98
11, 646144, Note_on_c, 6, 45, 0
11, 646144, Note_on_c, 6, 50, 98
11, 647168, Note_on_c, 6, 50, 0
11, 647168, Note_on_c, 6, 45, 99
11, 648192, Note_on_c, 6, 45, 0
11, 648704, Note_on_c, 6, 45, 99
11, 649216, Note_on_c, 6, 45, 0
11, 649216, Note_on_c, 6, 45, 99
11, 650240, Note_on_c, 6, 45, 0
11, 650240, Note_on_c, 6, 50, 100
11, 651264, Note_on_c, 6, 50, 0
11, 651264, Note_on_c, 6, 45, 100
11, 652288, Note_on_c, 6, 45, 0
11, 655360, Note_on_c, 6, 50, 101
11, 655872, Note_on_c, 6, 50, 0
11, 656384, Note_on_c, 6, 50, 102
11, 656896, Note_on_c, 6, 50, 0
11, 657408, Note_on_c, 6, 45, 103
11, 657920, Note_on_c, 6, 45, 0
11, 658432, Note_on_c, 6, 45, 101
11, 658944, Note_on_c, 6, 45, 0
11, 659456, Note_on_c, 6, 50, 101
11, 660480, Note_on_c, 6, 50, 0
11, 660992, Note_on_c, 6, 50, 101
11, 661504, Note_on_c, 6, 50, 0
11, 661504, Note_on_c, 6, 50, 101
11, 662528, Note_on_c, 6, 50, 0
11, 663040, Note_on_c, 6, 50, 100
11, 663552, Note_on_c, 6, 50, 0
11, 663552, Note_on_c, 6, 45, 100
11, 664576, Note_on_c, 6, 45, 0
11, 665088, Note_on_c, 6, 45, 100
11, 665600, Note_on_c, 6, 45, 0
11, 665600, Note_on_c, 6, 45, 100
11, 666624, Note_on_c, 6, 45, 0
11, 667136, Note_on_c, 6, 45, 100
11, 667648, Note_on_c, 6, 45, 0
11, 667648, Note_on_c, 6, 50, 99
11, 668672, Note_on_c, 6, 50, 0
11, 670720, Note_on_c, 6, 50, 99
11, 671744, Note_on_c, 6, 50, 0
11, 671744, Note_on_c, 6, 45, 99
11, 672768, Note_on_c, 6, 45, 0
11, 673792, Note_on_c, 6, 50, 83
11, 674816, Note_on_c, 6, 50, 0
11, 674816, Note_on_c, 6, 50, 83
11, 675840, Note_on_c, 6, 50, 0
11, 675840, Note_on_c, 6, 50, 83
11, 676864, Note_on_c, 6, 50, 0
11, 677376, Note_on_c, 6, 50, 83
11, 677888, Note_on_c, 6, 50, 0
11, 677888, Note_on_c, 6, 50, 83
11, 678912, Note_on_c, 6, 50, 0
11, 678912, Note_on_c, 6, 50, 83
11, 679936, Note_on_c, 6, 50, 0
11, 679936, Note_on_c, 6, 50, 83
11, 680960, Note_on_c, 6, 50, 0
11, 681472, Note_on_c, 6, 50, 83
11, 681984, Note_on_c, 6, 50, 0
11, 681984, Note_on_c, 6, 50, 83
11, 683008, Note_on_c, 6, 50, 0
11, 683008, Note_on_c, 6, 50, 83
11, 684032, Note_on_c, 6, 50, 0
11, 684032, Note_on_c, 6, 50, 83
11, 685056, Note_on_c, 6, 50, 0
11, 685568, Note_on_c, 6, 50, 83
11, 686080, Note_on_c, 6, 50, 0
11, 686080, Note_on_c, 6, 45, 83
11, 687104, Note_on_c, 6, 45, 0
11, 687104, Note_on_c, 6, 45, 83
11, 688128, Note_on_c, 6, 45, 0
11, 688128, Note_on_c, 6, 50, 83
11, 689152, Note_on_c, 6, 50, 0
11, 689664, Note_on_c, 6, 50, 83
11, 690176, Note_on_c, 6, 50, 0
11, 690176, Note_on_c, 6, 50, 83
11, 690688, Note_on_c, 6, 50, 0
11, 691200, Note_on_c, 6, 50, 83
11, 691712, Note_on_c, 6, 50, 0
11, 692224, Note_on_c, 6, 50, 83
11, 693248, Note_on_c, 6, 50, 0
11, 693760, Note_on_c, 6, 50, 83
11, 694272, Note_on_c, 6, 50, 0
11, 694272, Note_on_c, 6, 45, 83
11, 694784, Note_on_c, 6, 45, 0
11, 695296, Note_on_c, 6, 45, 83
11, 695808, Note_on_c, 6, 45, 0
11, 711680, Note_on_c, 6, 50, 101
11, 712704, Note_on_c, 6, 50, 0
11, 712704, Note_on_c, 6, 50, 102
11, 713728, Note_on_c, 6, 50, 0
11, 714240, Note_on_c, 6, 50, 103
11, 714752, Note_on_c, 6, 50, 0
11, 714752, Note_on_c, 6, 50, 103
11, 715776, Note_on_c, 6, 50, 0
11, 716288, Note_on_c, 6, 50, 103
11, 716800, Note_on_c, 6, 50, 0
11, 716800, Note_on_c, 6, 50, 103
11, 717824, Note_on_c, 6, 50, 0
11, 718336, Note_on_c, 6, 50, 103
11, 718848, Note_on_c, 6, 50, 0
11, 718848, Note_on_c, 6, 50, 103
11, 719872, Note_on_c, 6, 50, 0
11, 719872, Note_on_c, 6, 50, 103
11, 720384, Note_on_c, 6, 50, 0
11, 720384, Note_on_c, 6, 50, 103
11, 720896, Note_on_c, 6, 50, 0
11, 720896, Note_on_c, 6, 45, 103
11, 721920, Note_on_c, 6, 45, 0
11, 721920, Note_on_c, 6, 45, 103
11, 722432, Note_on_c, 6, 45, 0
11, 722432, Note_on_c, 6, 45, 103
11, 722944, Note_on_c, 6, 45, 0
11, 722944, Note_on_c, 6, 50, 103
11, 723968, Note_on_c, 6, 50, 0
11, 723968, Note_on_c, 6, 50, 103
11, 724480, Note_on_c, 6, 50, 0
11, 724480, Note_on_c, 6, 50, 103
11, 724992, Note_on_c, 6, 50, 0
11, 724992, Note_on_c, 6, 45, 103
11, 726016, Note_on_c, 6, 45, 0
11, 726016, Note_on_c, 6, 45, 103
11, 726528, Note_on_c, 6, 45, 0
11, 726528, Note_on_c, 6, 45, 103
11, 727040, Note_on_c, 6, 45, 0
11, 727040, Note_on_c, 6, 45, 105
11, 728064, Note_on_c, 6, 45, 0
11, 729088, Note_on_c, 6, 45, 113
11, 730112, Note_on_c, 6, 45, 0
11, 733184, Note_on_c, 6, 45, 114
11, 734208, Note_on_c, 6, 45, 0
11, 750080, Note_on_c, 6, 45, 102
11, 751104, Note_on_c, 6, 45, 0
11, 751104, Note_on_c, 6, 45, 105
11, 752128, Note_on_c, 6, 45, 0
11, 757248, Note_on_c, 6, 45, 116
11, 757504, Note_on_c, 6, 45, 0
11, 757504, Note_on_c, 6, 45, 116
11, 757760, Note_on_c, 6, 45, 0
11, 757760, Note_on_c, 6, 45, 116
11, 758016, Note_on_c, 6, 45, 0
11, 758016, Note_on_c, 6, 45, 116
11, 758272, Note_on_c, 6, 45, 0
11, 758272, Note_on_c, 6, 45, 116
11, 758528, Note_on_c, 6, 45, 0
11, 758528, Note_on_c, 6, 45, 116
11, 758784, Note_on_c, 6, 45, 0
11, 758784, Note_on_c, 6, 45, 116
11, 759040, Note_on_c, 6, 45, 0
11, 759040, Note_on_c, 6, 45, 116
11, 759296, Note_on_c, 6, 45, 0
11, 759296, Note_on_c, 6, 45, 116
11, 759552, Note_on_c, 6, 45, 0
11, 759552, Note_on_c, 6, 45, 116
11, 759808, Note_on_c, 6, 45, 0
11, 759808, Note_on_c, 6, 45, 116
11, 760064, Note_on_c, 6, 45, 0
11, 760064, Note_on_c, 6, 45, 116
11, 760320, Note_on_c, 6, 45, 0
11, 760320, Note_on_c, 6, 45, 116
11, 760576, Note_on_c, 6, 45, 0
11, 760576, Note_on_c, 6, 45, 116
11, 760832, Note_on_c, 6, 45, 0
11, 760832, Note_on_c, 6, 45, 116
11, 761088, Note_on_c, 6, 45, 0
11, 761088, Note_on_c, 6, 45, 115
11, 761344, Note_on_c, 6, 45, 0
11, 761344, Note_on_c, 6, 45, 114
11, 761600, Note_on_c, 6, 45, 0
11, 761600, Note_on_c, 6, 45, 113
11, 761856, Note_on_c, 6, 45, 0
11, 761856, Note_on_c, 6, 45, 112
11, 762112, Note_on_c, 6, 45, 0
11, 762112, Note_on_c, 6, 45, 111
11, 762368, Note_on_c, 6, 45, 0
11, 762368, Note_on_c, 6, 45, 110
11, 762624, Note_on_c, 6, 45, 0
11, 762624, Note_on_c, 6, 45, 109
11, 762880, Note_on_c, 6, 45, 0
11, 762880, Note_on_c, 6, 45, 108
11, 763136, Note_on_c, 6, 45, 0
11, 763136, Note_on_c, 6, 45, 107
11, 763392, Note_on_c, 6, 45, 0
11, 763392, Note_on_c, 6, 45, 106
11, 763648, Note_on_c, 6, 45, 0
11, 763648, Note_on_c, 6, 45, 105
11, 763904, Note_on_c, 6, 45, 0
11, 763904, Note_on_c, 6, 45, 104
11, 764160, Note_on_c, 6, 45, 0
11, 764160, Note_on_c, 6, 45, 103
11, 764416, Note_on_c, 6, 45, 0
11, 764416, Note_on_c, 6, 45, 102
11, 764672, Note_on_c, 6, 45, 0
11, 764672, Note_on_c, 6, 45, 101
11, 764928, Note_on_c, 6, 45, 0
11, 764928, Note_on_c, 6, 45, 101
11, 765184, Note_on_c, 6, 45, 0
11, 765184, Note_on_c, 6, 45, 101
11, 765440, Note_on_c, 6, 45, 0
11, 765440, Note_on_c, 6, 45, 102
11, 765696, Note_on_c, 6, 45, 0
11, 765696, Note_on_c, 6, 45, 102
11, 765952, Note_on_c, 6, 45, 0
11, 765952, Note_on_c, 6, 45, 102
11, 766208, Note_on_c, 6, 45, 0
11, 766208, Note_on_c, 6, 45, 102
11, 766464, Note_on_c, 6, 45, 0
11, 766464, Note_on_c, 6, 45, 103
11, 766720, Note_on_c, 6, 45, 0
11, 766720, Note_on_c, 6, 45, 103
11, 766976, Note_on_c, 6, 45, 0
11, 766976, Note_on_c, 6, 45, 103
11, 767232, Note_on_c, 6, 45, 0
11, 767232, Note_on_c, 6, 45, 104
11, 767488, Note_on_c, 6, 45, 0
11, 767488, Note_on_c, 6, 45, 104
11, 767744, Note_on_c, 6, 45, 0
11, 767744, Note_on_c, 6, 50, 104
11, 768000, Note_on_c, 6, 50, 0
11, 768000, Note_on_c, 6, 50, 104
11, 768256, Note_on_c, 6, 50, 0
11, 768256, Note_on_c, 6, 50, 105
11, 768512, Note_on_c, 6, 50, 0
11, 768512, Note_on_c, 6, 50, 105
11, 768768, Note_on_c, 6, 50, 0
11, 768768, Note_on_c, 6, 50, 105
11, 769024, Note_on_c, 6, 50, 0
11, 769024, Note_on_c, 6, 50, 106
11, 769280, Note_on_c, 6, 50, 0
11, 769280, Note_on_c, 6, 50, 106
11, 769536, Note_on_c, 6, 50, 0
11, 769536, Note_on_c, 6, 50, 106
11, 769792, Note_on_c, 6, 50, 0
11, 769792, Note_on_c, 6, 50, 107
11, 770048, Note_on_c, 6, 50, 0
11, 770048, Note_on_c, 6, 50, 107
11, 770304, Note_on_c, 6, 50, 0
11, 770304, Note_on_c, 6, 50, 107
11, 770560, Note_on_c, 6, 50, 0
11, 770560, Note_on_c, 6, 50, 107
11, 770816, Note_on_c, 6, 50, 0
11, 770816, Note_on_c, 6, 50, 108
11, 771072, Note_on_c, 6, 50, 0
11, 771072, Note_on_c, 6, 50, 108
11, 771328, Note_on_c, 6, 50, 0
11, 771328, Note_on_c, 6, 50, 108
11, 771584, Note_on_c, 6, 50, 0
11, 771584, Note_on_c, 6, 50, 109
11, 771840, Note_on_c, 6, 50, 0
11, 771840, Note_on_c, 6, 50, 109
11, 772096, Note_on_c, 6, 50, 0
11, 772096, Note_on_c, 6, 50, 109
11, 772352, Note_on_c, 6, 50, 0
11, 772352, Note_on_c, 6, 50, 110
11, 772608, Note_on_c, 6, 50, 0
11, 772608, Note_on_c, 6, 50, 110
11, 772864, Note_on_c, 6, 50, 0
11, 772864, Note_on_c, 6, 50, 110
11, 773120, Note_on_c, 6, 50, 0
11, 773120, Note_on_c, 6, 50, 110
11, 773376, Note_on_c, 6, 50, 0
11, 773376, Note_on_c, 6, 50, 111
11, 773632, Note_on_c, 6, 50, 0
11, 773632, Note_on_c, 6, 50, 111
11, 773888, Note_on_c, 6, 50, 0
11, 773888, Note_on_c, 6, 50, 111
11, 774144, Note_on_c, 6, 50, 0
11, 774144, Note_on_c, 6, 50, 112
11, 774400, Note_on_c, 6, 50, 0
11, 774400, Note_on_c, 6, 50, 112
11, 774656, Note_on_c, 6, 50, 0
11, 774656, Note_on_c, 6, 50, 112
11, 774912, Note_on_c, 6, 50, 0
11, 774912, Note_on_c, 6, 50, 112
11, 775168, Note_on_c, 6, 50, 0
11, 775168, Note_on_c, 6, 50, 113
11, 775424, Note_on_c, 6, 50, 0
11, 775424, Note_on_c, 6, 50, 113
11, 775680, Note_on_c, 6, 50, 0
11, 775680, Note_on_c, 6, 50, 113
11, 775936, Note_on_c, 6, 50, 0
11, 775936, Note_on_c, 6, 50, 114
11, 776192, Note_on_c, 6, 50, 0
11, 776192, Note_on_c, 6, 50, 114
11, 776448, Note_on_c, 6, 50, 0
11, 776448, Note_on_c, 6, 50, 114
11, 776704, Note_on_c, 6, 50, 0
11, 776704, Note_on_c, 6, 50, 115
11, 776960, Note_on_c, 6, 50, 0
11, 776960, Note_on_c, 6, 50, 115
11, 777216, Note_on_c, 6, 50, 0
11, 777216, Note_on_c, 6, 50, 115
11, 777472, Note_on_c, 6, 50, 0
11, 777472, Note_on_c, 6, 50, 115
11, 777728, Note_on_c, 6, 50, 0
11, 777728, Note_on_c, 6, 50, 116
11, 777984, Note_on_c, 6, 50, 0
11, 777984, Note_on_c, 6, 50, 116
11, 778240, Note_on_c, 6, 50, 0
11, 778240, Note_on_c, 6, 50, 116
11, 778496, Note_on_c, 6, 50, 0
11, 778496, Note_on_c, 6, 50, 117
11, 778752, Note_on_c, 6, 50, 0
11, 778752, Note_on_c, 6, 50, 117
11, 779008, Note_on_c, 6, 50, 0
11, 779008, Note_on_c, 6, 50, 117
11, 779264, Note_on_c, 6, 50, 0
11, 779264, Note_on_c, 6, 50, 117
11, 779520, Note_on_c, 6, 50, 0
11, 779520, Note_on_c, 6, 50, 118
11, 779776, Note_on_c, 6, 50, 0
11, 779776, Note_on_c, 6, 50, 118
11, 780288, Note_on_c, 6, 50, 0
11, 780800, Note_on_c, 6, 45, 120
11, 781312, Note_on_c, 6, 45, 0
11, 825856, Note_on_c, 6, 45, 100
11, 826368, Note_on_c, 6, 45, 0
11, 826880, Note_on_c, 6, 50, 102
11, 827136, Note_on_c, 6, 50, 0
11, 827392, Note_on_c, 6, 50, 102
11, 827648, Note_on_c, 6, 50, 0
11, 827904, Note_on_c, 6, 50, 103
11, 828416, Note_on_c, 6, 50, 0
11, 840192, Note_on_c, 6, 50, 53
11, 840602, Note_on_c, 6, 50, 0
11, 841216, Note_on_c, 6, 50, 88
11, 841626, Note_on_c, 6, 50, 0
11, 847360, Note_on_c, 6, 45, 106
11, 847872, Note_on_c, 6, 45, 0
11, 930816, Note_on_c, 6, 45, 96
11, 931840, Note_on_c, 6, 45, 0
11, 934912, Note_on_c, 6, 45, 96
11, 935936, Note_on_c, 6, 45, 0
11, 939008, Note_on_c, 6, 45, 96
11, 940032, Note_on_c, 6, 45, 0
11, 941056, Note_on_c, 6, 45, 96
11, 942080, Note_on_c, 6, 45, 0
11, 942080, Note_on_c, 6, 45, 96
11, 943104, Note_on_c, 6, 45, 0
11, 943104, Note_on_c, 6, 45, 96
11, 944128, Note_on_c, 6, 45, 0
11, 944128, Note_on_c, 6, 45, 98
11, 945152, Note_on_c, 6, 45, 0
11, 945152, Note_on_c, 6, 45, 101
11, 946176, Note_on_c, 6, 45, 0
11, 946688, Note_on_c, 6, 45, 103
11, 947200, Note_on_c, 6, 45, 0
11, 947200, Note_on_c, 6, 45, 103
11, 948224, Note_on_c, 6, 45, 0
11, 948736, Note_on_c, 6, 45, 101
11, 949248, Note_on_c, 6, 45, 0
11, 949248, Note_on_c, 6, 45, 100
11, 950272, Note_on_c, 6, 45, 0
11, 950784, Note_on_c, 6, 45, 97
11, 951296, Note_on_c, 6, 45, 0
11, 951296, Note_on_c, 6, 45, 96
11, 952320, Note_on_c, 6, 45, 0
11, 952832, Note_on_c, 6, 45, 96
11, 953344, Note_on_c, 6, 45, 0
11, 953344, Note_on_c, 6, 45, 96
11, 954368, Note_on_c, 6, 45, 0
11, 954880, Note_on_c, 6, 45, 96
11, 955392, Note_on_c, 6, 45, 0
11, 955392, Note_on_c, 6, 45, 96
11, 956416, Note_on_c, 6, 45, 0
11, 956928, Note_on_c, 6, 50, 95
11, 957440, Note_on_c, 6, 50, 0
11, 957440, Note_on_c, 6, 50, 95
11, 958464, Note_on_c, 6, 50, 0
11, 958976, Note_on_c, 6, 50, 95
11, 959488, Note_on_c, 6, 50, 0
11, 959488, Note_on_c, 6, 45, 95
11, 960512, Note_on_c, 6, 45, 0
11, 961024, Note_on_c, 6, 50, 95
11, 961536, Note_on_c, 6, 50, 0
11, 961536, Note_on_c, 6, 50, 95
11, 962560, Note_on_c, 6, 50, 0
11, 963072, Note_on_c, 6, 45, 94
11, 963584, Note_on_c, 6, 45, 0
11, 963584, Note_on_c, 6, 45, 94
11, 964608, Note_on_c, 6, 45, 0
11, 965120, Note_on_c, 6, 50, 94
11, 965632, Note_on_c, 6, 50, 0
11, 965632, Note_on_c, 6, 50, 94
11, 966656, Note_on_c, 6, 50, 0
11, 967168, Note_on_c, 6, 50, 94
11, 967680, Note_on_c, 6, 50, 0
11, 967680, Note_on_c, 6, 50, 98
11, 968704, Note_on_c, 6, 50, 0
11, 969216, Note_on_c, 6, 50, 95
11, 969728, Note_on_c, 6, 50, 0
11, 969728, Note_on_c, 6, 50, 94
11, 970752, Note_on_c, 6, 50, 0
11, 971776, Note_on_c, 6, 45, 101
11, 972800, Note_on_c, 6, 45, 0
11, 973312, Note_on_c, 6, 45, 99
11, 973824, Note_on_c, 6, 45, 0
11, 973824, Note_on_c, 6, 45, 97
11, 974848, Note_on_c, 6, 45, 0
11, 975360, Note_on_c, 6, 45, 99
11, 975872, Note_on_c, 6, 45, 0
11, 975872, Note_on_c, 6, 50, 101
11, 976896, Note_on_c, 6, 50, 0
11, 977408, Note_on_c, 6, 45, 94
11, 977920, Note_on_c, 6, 45, 0
11, 977920, Note_on_c, 6, 50, 90
11, 978944, Note_on_c, 6, 50, 0
11, 1045504, Note_on_c, 6, 45, 96
11, 1046528, Note_on_c, 6, 45, 0
11, 1048576, Note_on_c, 6, 45, 93
11, 1049088, Note_on_c, 6, 45, 0
11, 1049088, Note_on_c, 6, 45, 93
11, 1049600, Note_on_c, 6, 45, 0
11, 1049600, Note_on_c, 6, 45, 93
11, 1050624, Note_on_c, 6, 45, 0
11, 1052672, Note_on_c, 6, 45, 94
11, 1053184, Note_on_c, 6, 45, 0
11, 1053184, Note_on_c, 6, 45, 94
11, 1053696, Note_on_c, 6, 45, 0
11, 1053696, Note_on_c, 6, 45, 94
11, 1054720, Note_on_c, 6, 45, 0
11, 1059840, Note_on_c, 6, 45, 100
11, 1060864, Note_on_c, 6, 45, 0
11, 1060864, Note_on_c, 6, 45, 103
11, 1061376, Note_on_c, 6, 45, 0
11, 1061376, Note_on_c, 6, 45, 103
11, 1061888, Note_on_c, 6, 45, 0
11, 1061888, Note_on_c, 6, 50, 104
11, 1062912, Note_on_c, 6, 50, 0
11, 1064960, Note_on_c, 6, 50, 107
11, 1065984, Note_on_c, 6, 50, 0
11, 1065984, Note_on_c, 6, 45, 106
11, 1067008, Note_on_c, 6, 45, 0
11, 1069056, Note_on_c, 6, 45, 61
11, 1069568, Note_on_c, 6, 45, 0
11, 1069568, Note_on_c, 6, 45, 54
11, 1070080, Note_on_c, 6, 45, 0
11, 1070080, Note_on_c, 6, 45, 46
11, 1071104, Note_on_c, 6, 45, 0
11, 1073152, Note_on_c, 6, 45, 40
11, 1073664, Note_on_c, 6, 45, 0
11, 1073664, Note_on_c, 6, 45, 39
11, 1074176, Note_on_c, 6, 45, 0
11, 1074176, Note_on_c, 6, 45, 39
11, 1075200, Note_on_c, 6, 45, 0
11, 1075712, Note_on_c, 6, 45, 37
11, 1076224, Note_on_c, 6, 45, 0
11, 1076224, Note_on_c, 6, 50, 37
11, 1077248, Note_on_c, 6, 50, 0
11, 1078272, Note_on_c, 6, 50, 50
11, 1079296, Note_on_c, 6, 50, 0
11, 1081344, Note_on_c, 6, 50, 41
11, 1081856, Note_on_c, 6, 50, 0
11, 1081856, Note_on_c, 6, 50, 46
11, 1082368, Note_on_c, 6, 50, 0
11, 1082368, Note_on_c, 6, 50, 51
11, 1083392, Note_on_c, 6, 50, 0
11, 1085440, Note_on_c, 6, 50, 41
11, 1085952, Note_on_c, 6, 50, 0
11, 1085952, Note_on_c, 6, 50, 42
11, 1086464, Note_on_c, 6, 50, 0
11, 1086464, Note_on_c, 6, 45, 43
11, 1087488, Note_on_c, 6, 45, 0
11, 1089536, Note_on_c, 6, 45, 44
11, 1090048, Note_on_c, 6, 45, 0
11, 1090048, Note_on_c, 6, 45, 43
11, 1090560, Note_on_c, 6, 45, 0
11, 1090560, Note_on_c, 6, 50, 42
11, 1090970, Note_on_c, 6, 50, 0
11, 1091584, Note_on_c, 6, 45, 40
11, 1091994, Note_on_c, 6, 45, 0
11, 1092608, Note_on_c, 6, 50, 38
11, 1093018, Note_on_c, 6, 50, 0
11, 1126400, Note_on_c, 6, 45, 35
11, 1127148, Note_on_c, 6, 45, 0
11, 1127424, Note_on_c, 6, 45, 35
11, 1128172, Note_on_c, 6, 45, 0
11, 1128448, Note_on_c, 6, 45, 35
11, 1129196, Note_on_c, 6, 45, 0
11, 1129472, Note_on_c, 6, 45, 35
11, 1130220, Note_on_c, 6, 45, 0
11, 1130496, Note_on_c, 6, 45, 35
11, 1131244, Note_on_c, 6, 45, 0
11, 1131520, Note_on_c, 6, 45, 35
11, 1132268, Note_on_c, 6, 45, 0
11, 1132544, Note_on_c, 6, 45, 35
11, 1133292, Note_on_c, 6, 45, 0
11, 1133568, Note_on_c, 6, 45, 35
11, 1134316, Note_on_c, 6, 45, 0
11, 1134592, Note_on_c, 6, 45, 35
11, 1135340, Note_on_c, 6, 45, 0
11, 1135616, Note_on_c, 6, 45, 35
11, 1136364, Note_on_c, 6, 45, 0
11, 1136640, Note_on_c, 6, 45, 35
11, 1137388, Note_on_c, 6, 45, 0
11, 1137664, Note_on_c, 6, 45, 35
11, 1138412, Note_on_c, 6, 45, 0
11, 1138688, Note_on_c, 6, 45, 35
11, 1139436, Note_on_c, 6, 45, 0
11, 1139712, Note_on_c, 6, 45, 36
11, 1140460, Note_on_c, 6, 45, 0
11, 1140736, Note_on_c, 6, 45, 36
11, 1141484, Note_on_c, 6, 45, 0
11, 1141760, Note_on_c, 6, 45, 36
11, 1142508, Note_on_c, 6, 45, 0
11, 1142784, Note_on_c, 6, 45, 36
11, 1143532, Note_on_c, 6, 45, 0
11, 1143808, Note_on_c, 6, 45, 37
11, 1144556, Note_on_c, 6, 45, 0
11, 1144832, Note_on_c, 6, 45, 42
11, 1145580, Note_on_c, 6, 45, 0
11, 1145856, Note_on_c, 6, 45, 46
11, 1146604, Note_on_c, 6, 45, 0
11, 1146880, Note_on_c, 6, 45, 50
11, 1147628, Note_on_c, 6, 45, 0
11, 1147904, Note_on_c, 6, 45, 55
11, 1148652, Note_on_c, 6, 45, 0
11, 1148928, Note_on_c, 6, 45, 59
11, 1149676, Note_on_c, 6, 45, 0
11, 1149952, Note_on_c, 6, 45, 63
11, 1150700, Note_on_c, 6, 45, 0
11, 1150976, Note_on_c, 6, 45, 67
11, 1151724, Note_on_c, 6, 45, 0
11, 1152000, Note_on_c, 6, 45, 72
11, 1152748, Note_on_c, 6, 45, 0
11, 1153024, Note_on_c, 6, 45, 76
11, 1153772, Note_on_c, 6, 45, 0
11, 1154048, Note_on_c, 6, 45, 81
11, 1154796, Note_on_c, 6, 45, 0
11, 1155072, Note_on_c, 6, 45, 87
11, 1155820, Note_on_c, 6, 45, 0
11, 1156096, Note_on_c, 6, 45, 87
11, 1156844, Note_on_c, 6, 45, 0
11, 1159168, Note_on_c, 6, 45, 89
11, 1159916, Note_on_c, 6, 45, 0
11, 1160192, Note_on_c, 6, 45, 89
11, 1160940, Note_on_c, 6, 45, 0
11, 1161216, Note_on_c, 6, 45, 89
11, 1161964, Note_on_c, 6, 45, 0
11, 1162240, Note_on_c, 6, 45, 90
11, 1162988, Note_on_c, 6, 45, 0
11, 1163264, Note_on_c, 6, 45, 90
11, 1164012, Note_on_c, 6, 45, 0
11, 1164288, Note_on_c, 6, 45, 90
11, 1165036, Note_on_c, 6, 45, 0
11, 1165312, Note_on_c, 6, 45, 91
11, 1166060, Note_on_c, 6, 45, 0
11, 1166336, Note_on_c, 6, 45, 91
11, 1167084, Note_on_c, 6, 45, 0
11, 1167360, Note_on_c, 6, 45, 91
11, 1168108, Note_on_c, 6, 45, 0
11, 1168384, Note_on_c, 6, 45, 91
11, 1169132, Note_on_c, 6, 45, 0
11, 1169408, Note_on_c, 6, 45, 92
11, 1170156, Note_on_c, 6, 45, 0
11, 1170432, Note_on_c, 6, 45, 94
11, 1171180, Note_on_c, 6, 45, 0
11, 1171456, Note_on_c, 6, 45, 95
11, 1172204, Note_on_c, 6, 45, 0
11, 1172480, Note_on_c, 6, 45, 96
11, 1173228, Note_on_c, 6, 45, 0
11, 1173504, Note_on_c, 6, 45, 97
11, 1174252, Note_on_c, 6, 45, 0
11, 1174528, Note_on_c, 6, 45, 98
11, 1175276, Note_on_c, 6, 45, 0
11, 1175552, Note_on_c, 6, 45, 99
11, 1176300, Note_on_c, 6, 45, 0
11, 1176576, Note_on_c, 6, 45, 99
11, 1177324, Note_on_c, 6, 45, 0
11, 1177600, Note_on_c, 6, 45, 99
11, 1178348, Note_on_c, 6, 45, 0
11, 1178624, Note_on_c, 6, 45, 99
11, 1179372, Note_on_c, 6, 45, 0
11, 1179648, Note_on_c, 6, 45, 99
11, 1180396, Note_on_c, 6, 45, 0
11, 1180672, Note_on_c, 6, 45, 99
11, 1181420, Note_on_c, 6, 45, 0
11, 1181696, Note_on_c, 6, 45, 99
11, 1182444, Note_on_c, 6, 45, 0
11, 1182720, Note_on_c, 6, 45, 99
11, 1183468, Note_on_c, 6, 45, 0
11, 1183744, Note_on_c, 6, 45, 99
11, 1184492, Note_on_c, 6, 45, 0
11, 1184768, Note_on_c, 6, 45, 100
11, 1185516, Note_on_c, 6, 45, 0
11, 1185792, Note_on_c, 6, 45, 103
11, 1186540, Note_on_c, 6, 45, 0
11, 1186816, Note_on_c, 6, 45, 111
11, 1187564, Note_on_c, 6, 45, 0
11, 1187840, Note_on_c, 6, 50, 109
11, 1188588, Note_on_c, 6, 50, 0
11, 1188864, Note_on_c, 6, 50, 108
11, 1189612, Note_on_c, 6, 50, 0
11, 1190400, Note_on_c, 6, 50, 107
11, 1190774, Note_on_c, 6, 50, 0
11, 1190912, Note_on_c, 6, 50, 107
11, 1191660, Note_on_c, 6, 50, 0
11, 1191936, Note_on_c, 6, 50, 103
11, 1192684, Note_on_c, 6, 50, 0
11, 1192960, Note_on_c, 6, 50, 103
11, 1193708, Note_on_c, 6, 50, 0
11, 1195008, Note_on_c, 6, 50, 103
11, 1195756, Note_on_c, 6, 50, 0
11, 1197056, Note_on_c, 6, 50, 103
11, 1197804, Note_on_c, 6, 50, 0
11, 1199104, Note_on_c, 6, 50, 103
11, 1199852, Note_on_c, 6, 50, 0
11, 1201152, Note_on_c, 6, 45, 103
11, 1201900, Note_on_c, 6, 45, 0
11, 1203200, Note_on_c, 6, 45, 103
11, 1203948, Note_on_c, 6, 45, 0
11, 1205248, Note_on_c, 6, 50, 103
11, 1205996, Note_on_c, 6, 50, 0
11, 1213440, Note_on_c, 6, 45, 109
11, 1213696, Note_on_c, 6, 45, 0
11, 1213696, Note_on_c, 6, 45, 109
11, 1213952, Note_on_c, 6, 45, 0
11, 1213952, Note_on_c, 6, 45, 109
11, 1214208, Note_on_c, 6, 45, 0
11, 1214208, Note_on_c, 6, 45, 109
11, 1214464, Note_on_c, 6, 45, 0
11, 1214464, Note_on_c, 6, 45, 108
11, 1214720, Note_on_c, 6, 45, 0
11, 1214720, Note_on_c, 6, 45, 108
11, 1214976, Note_on_c, 6, 45, 0
11, 1214976, Note_on_c, 6, 45, 107
11, 1215232, Note_on_c, 6, 45, 0
11, 1215232, Note_on_c, 6, 45, 107
11, 1215488, Note_on_c, 6, 45, 0
11, 1215488, Note_on_c, 6, 45, 107
11, 1215744, Note_on_c, 6, 45, 0
11, 1215744, Note_on_c, 6, 45, 106
11, 1216000, Note_on_c, 6, 45, 0
11, 1216000, Note_on_c, 6, 45, 106
11, 1216256, Note_on_c, 6, 45, 0
11, 1216256, Note_on_c, 6, 45, 106
11, 1216512, Note_on_c, 6, 45, 0
11, 1216512, Note_on_c, 6, 45, 105
11, 1216768, Note_on_c, 6, 45, 0
11, 1216768, Note_on_c, 6, 45, 105
11, 1217024, Note_on_c, 6, 45, 0
11, 1217024, Note_on_c, 6, 45, 104
11, 1217280, Note_on_c, 6, 45, 0
11, 1217280, Note_on_c, 6, 45, 104
11, 1217536, Note_on_c, 6, 45, 0
11, 1221632, Note_on_c, 6, 45, 113
11, 1221888, Note_on_c, 6, 45, 0
11, 1221888, Note_on_c, 6, 45, 113
11, 1222144, Note_on_c, 6, 45, 0
11, 1222144, Note_on_c, 6, 45, 114
11, 1222400, Note_on_c, 6, 45, 0
11, 1222400, Note_on_c, 6, 45, 114
11, 1222656, Note_on_c, 6, 45, 0
11, 1222656, Note_on_c, 6, 45, 114
11, 1222912, Note_on_c, 6, 45, 0
11, 1222912, Note_on_c, 6, 45, 114
11, 1223168, Note_on_c, 6, 45, 0
11, 1223168, Note_on_c, 6, 45, 114
11, 1223424, Note_on_c, 6, 45, 0
11, 1223424, Note_on_c, 6, 45, 114
11, 1223680, Note_on_c, 6, 45, 0
11, 1223680, Note_on_c, 6, 45, 114
11, 1223936, Note_on_c, 6, 45, 0
11, 1223936, Note_on_c, 6, 45, 114
11, 1224192, Note_on_c, 6, 45, 0
11, 1224192, Note_on_c, 6, 45, 114
11, 1224448, Note_on_c, 6, 45, 0
11, 1224448, Note_on_c, 6, 45, 114
11, 1224704, Note_on_c, 6, 45, 0
11, 1224704, Note_on_c, 6, 45, 114
11, 1224960, Note_on_c, 6, 45, 0
11, 1224960, Note_on_c, 6, 45, 114
11, 1225216, Note_on_c, 6, 45, 0
11, 1225216, Note_on_c, 6, 45, 114
11, 1225472, Note_on_c, 6, 45, 0
11, 1225472, Note_on_c, 6, 45, 114
11, 1225728, Note_on_c, 6, 45, 0
11, 1225728, Note_on_c, 6, 45, 114
11, 1225899, Note_on_c, 6, 45, 0
11, 1225899, Note_on_c, 6, 45, 112
11, 1226069, Note_on_c, 6, 45, 0
11, 1226069, Note_on_c, 6, 45, 112
11, 1226240, Note_on_c, 6, 45, 0
11, 1226240, Note_on_c, 6, 45, 113
11, 1226411, Note_on_c, 6, 45, 0
11, 1226411, Note_on_c, 6, 45, 113
11, 1226581, Note_on_c, 6, 45, 0
11, 1226581, Note_on_c, 6, 45, 113
11, 1226752, Note_on_c, 6, 45, 0
11, 1226752, Note_on_c, 6, 45, 114
11, 1226923, Note_on_c, 6, 45, 0
11, 1226923, Note_on_c, 6, 45, 114
11, 1227093, Note_on_c, 6, 45, 0
11, 1227093, Note_on_c, 6, 45, 115
11, 1227264, Note_on_c, 6, 45, 0
11, 1227264, Note_on_c, 6, 45, 115
11, 1227435, Note_on_c, 6, 45, 0
11, 1227435, Note_on_c, 6, 45, 116
11, 1227605, Note_on_c, 6, 45, 0
11, 1227605, Note_on_c, 6, 45, 116
11, 1227776, Note_on_c, 6, 45, 0
11, 1227776, Note_on_c, 6, 45, 117
11, 1227947, Note_on_c, 6, 45, 0
11, 1227947, Note_on_c, 6, 45, 118
11, 1228117, Note_on_c, 6, 45, 0
11, 1228117, Note_on_c, 6, 45, 118
11, 1228288, Note_on_c, 6, 45, 0
11, 1228288, Note_on_c, 6, 45, 118
11, 1228459, Note_on_c, 6, 45, 0
11, 1228459, Note_on_c, 6, 45, 117
11, 1228629, Note_on_c, 6, 45, 0
11, 1228629, Note_on_c, 6, 45, 117
11, 1228800, Note_on_c, 6, 45, 0
11, 1228800, Note_on_c, 6, 45, 116
11, 1228971, Note_on_c, 6, 45, 0
11, 1228971, Note_on_c, 6, 45, 116
11, 1229141, Note_on_c, 6, 45, 0
11, 1229141, Note_on_c, 6, 45, 116
11, 1229312, Note_on_c, 6, 45, 0
11, 1229312, Note_on_c, 6, 45, 115
11, 1229483, Note_on_c, 6, 45, 0
11, 1229483, Note_on_c, 6, 45, 115
11, 1229653, Note_on_c, 6, 45, 0
11, 1229653, Note_on_c, 6, 45, 115
11, 1229824, Note_on_c, 6, 45, 0
11, 1229824, Note_on_c, 6, 45, 122
11, 1229952, Note_on_c, 6, 45, 0
11, 1229952, Note_on_c, 6, 45, 122
11, 1230080, Note_on_c, 6, 45, 0
11, 1230080, Note_on_c, 6, 45, 123
11, 1230208, Note_on_c, 6, 45, 0
11, 1230208, Note_on_c, 6, 45, 123
11, 1230336, Note_on_c, 6, 45, 0
11, 1230336, Note_on_c, 6, 45, 123
11, 1230464, Note_on_c, 6, 45, 0
11, 1230464, Note_on_c, 6, 45, 123
11, 1230592, Note_on_c, 6, 45, 0
11, 1230592, Note_on_c, 6, 45, 123
11, 1230720, Note_on_c, 6, 45, 0
11, 1230720, Note_on_c, 6, 45, 123
11, 1230848, Note_on_c, 6, 45, 0
11, 1230848, Note_on_c, 6, 45, 123
11, 1230976, Note_on_c, 6, 45, 0
11, 1230976, Note_on_c, 6, 45, 123
11, 1231104, Note_on_c, 6, 45, 0
11, 1231104, Note_on_c, 6, 45, 123
11, 1231232, Note_on_c, 6, 45, 0
11, 1231232, Note_on_c, 6, 45, 123
11, 1231360, Note_on_c, 6, 45, 0
11, 1231360, Note_on_c, 6, 45, 123
11, 1231488, Note_on_c, 6, 45, 0
11, 1231488, Note_on_c, 6, 45, 123
11, 1231616, Note_on_c, 6, 45, 0
11, 1231616, Note_on_c, 6, 45, 123
11, 1231744, Note_on_c, 6, 45, 0
11, 1231744, Note_on_c, 6, 45, 123
11, 1231872, Note_on_c, 6, 45, 0
11, 1231872, Note_on_c, 6, 45, 123
11, 1232000, Note_on_c, 6, 45, 0
11, 1232000, Note_on_c, 6, 45, 123
11, 1232128, Note_on_c, 6, 45, 0
11, 1232128, Note_on_c, 6, 45, 123
11, 1232256, Note_on_c, 6, 45, 0
11, 1232256, Note_on_c, 6, 45, 123
11, 1232384, Note_on_c, 6, 45, 0
11, 1232384, Note_on_c, 6, 45, 123
11, 1232512, Note_on_c, 6, 45, 0
11, 1232512, Note_on_c, 6, 45, 123
11, 1232640, Note_on_c, 6, 45, 0
11, 1232640, Note_on_c, 6, 45, 123
11, 1232768, Note_on_c, 6, 45, 0
11, 1232768, Note_on_c, 6, 45, 123
11, 1232896, Note_on_c, 6, 45, 0
11, 1232896, Note_on_c, 6, 45, 123
11, 1233024, Note_on_c, 6, 45, 0
11, 1233024, Note_on_c, 6, 45, 123
11, 1233152, Note_on_c, 6, 45, 0
11, 1233152, Note_on_c, 6, 45, 123
11, 1233280, Note_on_c, 6, 45, 0
11, 1233280, Note_on_c, 6, 45, 123
11, 1233408, Note_on_c, 6, 45, 0
11, 1233408, Note_on_c, 6, 45, 123
11, 1233536, Note_on_c, 6, 45, 0
11, 1233536, Note_on_c, 6, 45, 123
11, 1233664, Note_on_c, 6, 45, 0
11, 1233664, Note_on_c, 6, 45, 123
11, 1233792, Note_on_c, 6, 45, 0
11, 1233792, Note_on_c, 6, 45, 123
11, 1233920, Note_on_c, 6, 45, 0
11, 1233920, Note_on_c, 6, 45, 123
11, 1234048, Note_on_c, 6, 45, 0
11, 1234048, Note_on_c, 6, 45, 123
11, 1234176, Note_on_c, 6, 45, 0
11, 1234176, Note_on_c, 6, 45, 126
11, 1234304, Note_on_c, 6, 45, 0
11, 1234304, Note_on_c, 6, 45, 124
11, 1234432, Note_on_c, 6, 45, 0
11, 1234432, Note_on_c, 6, 45, 121
11, 1234560, Note_on_c, 6, 45, 0
11, 1234560, Note_on_c, 6, 45, 118
11, 1234688, Note_on_c, 6, 45, 0
11, 1234688, Note_on_c, 6, 45, 115
11, 1234816, Note_on_c, 6, 45, 0
11, 1234816, Note_on_c, 6, 45, 113
11, 1234944, Note_on_c, 6, 45, 0
11, 1234944, Note_on_c, 6, 45, 110
11, 1235072, Note_on_c, 6, 45, 0
11, 1235072, Note_on_c, 6, 45, 107
11, 1235200, Note_on_c, 6, 45, 0
11, 1235200, Note_on_c, 6, 45, 104
11, 1235328, Note_on_c, 6, 45, 0
11, 1235328, Note_on_c, 6, 45, 101
11, 1235456, Note_on_c, 6, 45, 0
11, 1235456, Note_on_c, 6, 45, 99
11, 1235584, Note_on_c, 6, 45, 0
11, 1235584, Note_on_c, 6, 45, 96
11, 1235712, Note_on_c, 6, 45, 0
11, 1235712, Note_on_c, 6, 45, 93
11, 1235840, Note_on_c, 6, 45, 0
11, 1235840, Note_on_c, 6, 45, 90
11, 1235968, Note_on_c, 6, 45, 0
11, 1235968, Note_on_c, 6, 45, 87
11, 1236096, Note_on_c, 6, 45, 0
11, 1236096, Note_on_c, 6, 45, 85
11, 1236224, Note_on_c, 6, 45, 0
11, 1236224, Note_on_c, 6, 45, 82
11, 1236352, Note_on_c, 6, 45, 0
11, 1236352, Note_on_c, 6, 45, 79
11, 1236480, Note_on_c, 6, 45, 0
11, 1236480, Note_on_c, 6, 45, 76
11, 1236608, Note_on_c, 6, 45, 0
11, 1236608, Note_on_c, 6, 45, 74
11, 1236736, Note_on_c, 6, 45, 0
11, 1236736, Note_on_c, 6, 45, 71
11, 1236864, Note_on_c, 6, 45, 0
11, 1236864, Note_on_c, 6, 45, 68
11, 1236992, Note_on_c, 6, 45, 0
11, 1236992, Note_on_c, 6, 45, 65
11, 1237120, Note_on_c, 6, 45, 0
11, 1237120, Note_on_c, 6, 45, 62
11, 1237248, Note_on_c, 6, 45, 0
11, 1237248, Note_on_c, 6, 45, 60
11, 1237376, Note_on_c, 6, 45, 0
11, 1237376, Note_on_c, 6, 45, 57
11, 1237504, Note_on_c, 6, 45, 0
11, 1237504, Note_on_c, 6, 45, 54
11, 1237632, Note_on_c, 6, 45, 0
11, 1237632, Note_on_c, 6, 45, 51
11, 1237760, Note_on_c, 6, 45, 0
11, 1237760, Note_on_c, 6, 45, 49
11, 1237888, Note_on_c, 6, 45, 0
11, 1237888, Note_on_c, 6, 45, 46
11, 1238016, Note_on_c, 6, 45, 0
11, 1890304, Note_on_c, 6, 50, 105
11, 1891052, Note_on_c, 6, 50, 0
11, 1891840, Note_on_c, 6, 50, 105
11, 1892588, Note_on_c, 6, 50, 0
11, 1892864, Note_on_c, 6, 50, 105
11, 1893120, Note_on_c, 6, 50, 0
11, 1893376, Note_on_c, 6, 50, 105
11, 1894124, Note_on_c, 6, 50, 0
11, 1894912, Note_on_c, 6, 50, 105
11, 1895660, Note_on_c, 6, 50, 0
11, 1895936, Note_on_c, 6, 50, 105
11, 1896192, Note_on_c, 6, 50, 0
11, 1896448, Note_on_c, 6, 45, 105
11, 1897196, Note_on_c, 6, 45, 0
11, 1897984, Note_on_c, 6, 45, 105
11, 1898732, Note_on_c, 6, 45, 0
11, 1899008, Note_on_c, 6, 45, 105
11, 1899264, Note_on_c, 6, 45, 0
11, 1899520, Note_on_c, 6, 45, 105
11, 1900268, Note_on_c, 6, 45, 0
11, 1901056, Note_on_c, 6, 45, 105
11, 1901804, Note_on_c, 6, 45, 0
11, 1902080, Note_on_c, 6, 45, 105
11, 1902336, Note_on_c, 6, 45, 0
11, 1902592, Note_on_c, 6, 50, 105
11, 1903340, Note_on_c, 6, 50, 0
11, 1904128, Note_on_c, 6, 45, 105
11, 1904876, Note_on_c, 6, 45, 0
11, 1905152, Note_on_c, 6, 45, 105
11, 1905408, Note_on_c, 6, 45, 0
11, 1905664, Note_on_c, 6, 45, 105
11, 1906412, Note_on_c, 6, 45, 0
11, 1907200, Note_on_c, 6, 45, 105
11, 1907948, Note_on_c, 6, 45, 0
11, 1908224, Note_on_c, 6, 45, 105
11, 1908480, Note_on_c, 6, 45, 0
11, 1908736, Note_on_c, 6, 45, 105
11, 1909484, Note_on_c, 6, 45, 0
11, 1910272, Note_on_c, 6, 45, 105
11, 1911020, Note_on_c, 6, 45, 0
11, 1911296, Note_on_c, 6, 45, 105
11, 1911552, Note_on_c, 6, 45, 0
11, 1911808, Note_on_c, 6, 45, 105
11, 1912556, Note_on_c, 6, 45, 0
11, 1912832, Note_on_c, 6, 45, 105
11, 1913088, Note_on_c, 6, 45, 0
11, 1913344, Note_on_c, 6, 45, 105
11, 1914092, Note_on_c, 6, 45, 0
11, 1914368, Note_on_c, 6, 45, 105
11, 1914624, Note_on_c, 6, 45, 0
11, 1914880, Note_on_c, 6, 50, 105
11, 1915628, Note_on_c, 6, 50, 0
11, 1916416, Note_on_c, 6, 50, 105
11, 1917164, Note_on_c, 6, 50, 0
11, 1917440, Note_on_c, 6, 50, 105
11, 1917696, Note_on_c, 6, 50, 0
11, 1917952, Note_on_c, 6, 50, 105
11, 1918700, Note_on_c, 6, 50, 0
11, 1919488, Note_on_c, 6, 50, 105
11, 1920236, Note_on_c, 6, 50, 0
11, 1920512, Note_on_c, 6, 50, 105
11, 1920768, Note_on_c, 6, 50, 0
11, 1921024, Note_on_c, 6, 50, 105
11, 1921772, Note_on_c, 6, 50, 0
11, 1922560, Note_on_c, 6, 50, 105
11, 1923308, Note_on_c, 6, 50, 0
11, 1923584, Note_on_c, 6, 50, 105
11, 1923840, Note_on_c, 6, 50, 0
11, 1924096, Note_on_c, 6, 50, 105
11, 1924844, Note_on_c, 6, 50, 0
11, 1925632, Note_on_c, 6, 50, 105
11, 1926380, Note_on_c, 6, 50, 0
11, 1926656, Note_on_c, 6, 50, 105
11, 1926912, Note_on_c, 6, 50, 0
11, 1927168, Note_on_c, 6, 45, 105
11, 1927916, Note_on_c, 6, 45, 0
11, 1928704, Note_on_c, 6, 45, 105
11, 1929452, Note_on_c, 6, 45, 0
11, 1929728, Note_on_c, 6, 45, 105
11, 1929984, Note_on_c, 6, 45, 0
11, 1930240, Note_on_c, 6, 45, 105
11, 1930988, Note_on_c, 6, 45, 0
11, 1931776, Note_on_c, 6, 45, 105
11, 1932524, Note_on_c, 6, 45, 0
11, 1932800, Note_on_c, 6, 45, 105
11, 1933056, Note_on_c, 6, 45, 0
11, 1933312, Note_on_c, 6, 45, 105
11, 1934060, Note_on_c, 6, 45, 0
11, 1934848, Note_on_c, 6, 45, 105
11, 1935596, Note_on_c, 6, 45, 0
11, 1935872, Note_on_c, 6, 45, 105
11, 1936128, Note_on_c, 6, 45, 0
11, 1936384, Note_on_c, 6, 50, 105
11, 1937132, Note_on_c, 6, 50, 0
11, 1937408, Note_on_c, 6, 50, 105
11, 1937664, Note_on_c, 6, 50, 0
11, 1937920, Note_on_c, 6, 50, 105
11, 1938668, Note_on_c, 6, 50, 0
11, 1938944, Note_on_c, 6, 50, 105
11, 1939200, Note_on_c, 6, 50, 0
11, 1939456, Note_on_c, 6, 45, 99
11, 1940204, Note_on_c, 6, 45, 0
11, 1940992, Note_on_c, 6, 45, 99
11, 1941740, Note_on_c, 6, 45, 0
11, 1942016, Note_on_c, 6, 45, 100
11, 1942272, Note_on_c, 6, 45, 0
11, 1942528, Note_on_c, 6, 45, 100
11, 1943276, Note_on_c, 6, 45, 0
11, 1944064, Note_on_c, 6, 45, 101
11, 1944812, Note_on_c, 6, 45, 0
11, 1945088, Note_on_c, 6, 45, 101
11, 1945344, Note_on_c, 6, 45, 0
11, 1945600, Note_on_c, 6, 45, 102
11, 1946348, Note_on_c, 6, 45, 0
11, 1947136, Note_on_c, 6, 45, 102
11, 1947884, Note_on_c, 6, 45, 0
11, 1948160, Note_on_c, 6, 45, 103
11, 1948416, Note_on_c, 6, 45, 0
11, 1948672, Note_on_c, 6, 45, 103
11, 1949420, Note_on_c, 6, 45, 0
11, 1950208, Note_on_c, 6, 45, 104
11, 1950956, Note_on_c, 6, 45, 0
11, 1951232, Note_on_c, 6, 45, 105
11, 1951488, Note_on_c, 6, 45, 0
11, 1951744, Note_on_c, 6, 45, 105
11, 1952492, Note_on_c, 6, 45, 0
11, 1953280, Note_on_c, 6, 45, 106
11, 1954028, Note_on_c, 6, 45, 0
11, 1960960, Note_on_c, 6, 45, 109
11, 1961708, Note_on_c, 6, 45, 0
11, 1962496, Note_on_c, 6, 45, 110
11, 1963244, Note_on_c, 6, 45, 0
11, 1963520, Note_on_c, 6, 45, 111
11, 1963776, Note_on_c, 6, 45, 0
11, 1964032, Note_on_c, 6, 50, 111
11, 1964780, Note_on_c, 6, 50, 0
11, 1965568, Note_on_c, 6, 50, 111
11, 1966316, Note_on_c, 6, 50, 0
11, 1966592, Note_on_c, 6, 50, 111
11, 1966848, Note_on_c, 6, 50, 0
11, 1967104, Note_on_c, 6, 50, 111
11, 1967852, Note_on_c, 6, 50, 0
11, 1968640, Note_on_c, 6, 50, 111
11, 1969388, Note_on_c, 6, 50, 0
11, 1969664, Note_on_c, 6, 50, 111
11, 1969920, Note_on_c, 6, 50, 0
11, 1970176, Note_on_c, 6, 50, 111
11, 1970924, Note_on_c, 6, 50, 0
11, 1971712, Note_on_c, 6, 50, 111
11, 1972460, Note_on_c, 6, 50, 0
11, 1972736, Note_on_c, 6, 50, 111
11, 1972992, Note_on_c, 6, 50, 0
11, 1973248, Note_on_c, 6, 50, 111
11, 1973996, Note_on_c, 6, 50, 0
11, 1974784, Note_on_c, 6, 50, 111
11, 1975532, Note_on_c, 6, 50, 0
11, 1975808, Note_on_c, 6, 50, 111
11, 1976064, Note_on_c, 6, 50, 0
11, 1976320, Note_on_c, 6, 45, 111
11, 1977068, Note_on_c, 6, 45, 0
11, 1977856, Note_on_c, 6, 45, 111
11, 1978604, Note_on_c, 6, 45, 0
11, 1978880, Note_on_c, 6, 45, 111
11, 1979136, Note_on_c, 6, 45, 0
11, 1979392, Note_on_c, 6, 45, 111
11, 1980140, Note_on_c, 6, 45, 0
11, 1980928, Note_on_c, 6, 45, 111
11, 1981676, Note_on_c, 6, 45, 0
11, 1981952, Note_on_c, 6, 45, 111
11, 1982208, Note_on_c, 6, 45, 0
11, 1982464, Note_on_c, 6, 45, 111
11, 1983212, Note_on_c, 6, 45, 0
11, 1984000, Note_on_c, 6, 45, 111
11, 1984748, Note_on_c, 6, 45, 0
11, 1985024, Note_on_c, 6, 45, 111
11, 1985280, Note_on_c, 6, 45, 0
11, 1985536, Note_on_c, 6, 50, 111
11, 1986284, Note_on_c, 6, 50, 0
11, 1986560, Note_on_c, 6, 50, 109
11, 1986816, Note_on_c, 6, 50, 0
11, 1987072, Note_on_c, 6, 50, 108
11, 1987820, Note_on_c, 6, 50, 0
11, 1988096, Note_on_c, 6, 50, 106
11, 1988352, Note_on_c, 6, 50, 0
11, 1988608, Note_on_c, 6, 45, 105
11, 1989356, Note_on_c, 6, 45, 0
11, 1990144, Note_on_c, 6, 45, 104
11, 1990892, Note_on_c, 6, 45, 0
11, 1991168, Note_on_c, 6, 45, 105
11, 1991424, Note_on_c, 6, 45, 0
11, 1991680, Note_on_c, 6, 45, 105
11, 1992428, Note_on_c, 6, 45, 0
11, 1993216, Note_on_c, 6, 45, 106
11, 1993964, Note_on_c, 6, 45, 0
11, 1994240, Note_on_c, 6, 45, 106
11, 1994496, Note_on_c, 6, 45, 0
11, 1994752, Note_on_c, 6, 45, 106
11, 1995500, Note_on_c, 6, 45, 0
11, 1996288, Note_on_c, 6, 45, 107
11, 1997036, Note_on_c, 6, 45, 0
11, 1997312, Note_on_c, 6, 45, 108
11, 1997568, Note_on_c, 6, 45, 0
11, 1997824, Note_on_c, 6, 45, 108
11, 1998572, Note_on_c, 6, 45, 0
11, 1999360, Note_on_c, 6, 45, 109
11, 2000108, Note_on_c, 6, 45, 0
11, 2000384, Note_on_c, 6, 45, 109
11, 2000640, Note_on_c, 6, 45, 0
11, 2000896, Note_on_c, 6, 45, 109
11, 2001644, Note_on_c, 6, 45, 0
11, 2002432, Note_on_c, 6, 45, 110
11, 2003180, Note_on_c, 6, 45, 0
11, 2010112, Note_on_c, 6, 45, 114
11, 2010860, Note_on_c, 6, 45, 0
11, 2011648, Note_on_c, 6, 45, 114
11, 2012396, Note_on_c, 6, 45, 0
11, 2012672, Note_on_c, 6, 45, 114
11, 2012928, Note_on_c, 6, 45, 0
11, 2013184, Note_on_c, 6, 50, 114
11, 2013932, Note_on_c, 6, 50, 0
11, 2014720, Note_on_c, 6, 50, 113
11, 2015468, Note_on_c, 6, 50, 0
11, 2015744, Note_on_c, 6, 50, 112
11, 2016000, Note_on_c, 6, 50, 0
11, 2016256, Note_on_c, 6, 50, 112
11, 2017004, Note_on_c, 6, 50, 0
11, 2017792, Note_on_c, 6, 50, 112
11, 2018540, Note_on_c, 6, 50, 0
11, 2018816, Note_on_c, 6, 50, 111
11, 2019072, Note_on_c, 6, 50, 0
11, 2019328, Note_on_c, 6, 50, 111
11, 2020076, Note_on_c, 6, 50, 0
11, 2020864, Note_on_c, 6, 50, 110
11, 2021612, Note_on_c, 6, 50, 0
11, 2021888, Note_on_c, 6, 50, 110
11, 2022144, Note_on_c, 6, 50, 0
11, 2022400, Note_on_c, 6, 50, 109
11, 2023148, Note_on_c, 6, 50, 0
11, 2023936, Note_on_c, 6, 50, 109
11, 2024684, Note_on_c, 6, 50, 0
11, 2024960, Note_on_c, 6, 50, 108
11, 2025216, Note_on_c, 6, 50, 0
11, 2025472, Note_on_c, 6, 45, 108
11, 2026220, Note_on_c, 6, 45, 0
11, 2027008, Note_on_c, 6, 45, 107
11, 2027756, Note_on_c, 6, 45, 0
11, 2028032, Note_on_c, 6, 45, 107
11, 2028288, Note_on_c, 6, 45, 0
11, 2028544, Note_on_c, 6, 45, 106
11, 2029292, Note_on_c, 6, 45, 0
11, 2030080, Note_on_c, 6, 45, 106
11, 2030828, Note_on_c, 6, 45, 0
11, 2031104, Note_on_c, 6, 45, 105
11, 2031360, Note_on_c, 6, 45, 0
11, 2031616, Note_on_c, 6, 45, 105
11, 2032364, Note_on_c, 6, 45, 0
11, 2033152, Note_on_c, 6, 45, 104
11, 2033900, Note_on_c, 6, 45, 0
11, 2034176, Note_on_c, 6, 45, 104
11, 2034432, Note_on_c, 6, 45, 0
11, 2034688, Note_on_c, 6, 50, 104
11, 2035436, Note_on_c, 6, 50, 0
11, 2036224, Note_on_c, 6, 50, 104
11, 2036972, Note_on_c, 6, 50, 0
11, 2037248, Note_on_c, 6, 50, 104
11, 2037504, Note_on_c, 6, 50, 0
11, 2037760, Note_on_c, 6, 50, 118
11, 2038508, Note_on_c, 6, 50, 0
11, 2039296, Note_on_c, 6, 50, 104
11, 2040044, Note_on_c, 6, 50, 0
11, 2040320, Note_on_c, 6, 50, 104
11, 2040576, Note_on_c, 6, 50, 0
11, 2040832, Note_on_c, 6, 50, 104
11, 2041580, Note_on_c, 6, 50, 0
11, 2042368, Note_on_c, 6, 50, 104
11, 2043116, Note_on_c, 6, 50, 0
11, 2043392, Note_on_c, 6, 50, 104
11, 2043648, Note_on_c, 6, 50, 0
11, 2043904, Note_on_c, 6, 50, 118
11, 2044652, Note_on_c, 6, 50, 0
11, 2045440, Note_on_c, 6, 50, 108
11, 2046188, Note_on_c, 6, 50, 0
11, 2046464, Note_on_c, 6, 50, 111
11, 2046720, Note_on_c, 6, 50, 0
11, 2046976, Note_on_c, 6, 50, 113
11, 2047724, Note_on_c, 6, 50, 0
11, 2050048, Control_c, 6, 121, 127
11, 2050048, End_track
12, 0, Start_track
12, 0, Title_t, "Percussion"
12, 0, Program_c, 9, 48
12, 0, Control_c, 9, 121, 127
12, 0, Control_c, 9, 91, 127
12, 0, Control_c, 9, 10, 40
12, 0, Control_c, 9, 11, 80
12, 1240576, Note_on_c, 9, 33, 29
12, 1241324, Note_on_c, 9, 33, 0
12, 1246720, Note_on_c, 9, 33, 29
12, 1247468, Note_on_c, 9, 33, 0
12, 1252864, Note_on_c, 9, 33, 29
12, 1253612, Note_on_c, 9, 33, 0
12, 1255936, Note_on_c, 9, 33, 29
12, 1256684, Note_on_c, 9, 33, 0
12, 1259008, Note_on_c, 9, 33, 29
12, 1259756, Note_on_c, 9, 33, 0
12, 1262080, Note_on_c, 9, 33, 29
12, 1262828, Note_on_c, 9, 33, 0
12, 1265152, Note_on_c, 9, 33, 29
12, 1265900, Note_on_c, 9, 33, 0
12, 1268224, Note_on_c, 9, 33, 29
12, 1268972, Note_on_c, 9, 33, 0
12, 1271296, Note_on_c, 9, 33, 29
12, 1272044, Note_on_c, 9, 33, 0
12, 1274368, Note_on_c, 9, 33, 29
12, 1275116, Note_on_c, 9, 33, 0
12, 1275904, Note_on_c, 9, 33, 34
12, 1275904, Note_on_c, 9, 51, 34
12, 1275904, Note_on_c, 9, 81, 34
12, 1276652, Note_on_c, 9, 33, 0
12, 1276652, Note_on_c, 9, 51, 0
12, 1276652, Note_on_c, 9, 81, 0
12, 1277440, Note_on_c, 9, 51, 34
12, 1277440, Note_on_c, 9, 81, 34
12, 1278188, Note_on_c, 9, 51, 0
12, 1278188, Note_on_c, 9, 81, 0
12, 1278976, Note_on_c, 9, 33, 34
12, 1278976, Note_on_c, 9, 51, 34
12, 1278976, Note_on_c, 9, 81, 34
12, 1279724, Note_on_c, 9, 33, 0
12, 1279724, Note_on_c, 9, 51, 0
12, 1279724, Note_on_c, 9, 81, 0
12, 1280512, Note_on_c, 9, 81, 34
12, 1281260, Note_on_c, 9, 81, 0
12, 1282048, Note_on_c, 9, 33, 35
12, 1282048, Note_on_c, 9, 51, 35
12, 1282048, Note_on_c, 9, 81, 35
12, 1282796, Note_on_c, 9, 33, 0
12, 1282796, Note_on_c, 9, 51, 0
12, 1282796, Note_on_c, 9, 81, 0
12, 1283584, Note_on_c, 9, 81, 35
12, 1284332, Note_on_c, 9, 81, 0
12, 1285120, Note_on_c, 9, 33, 35
12, 1285120, Note_on_c, 9, 51, 35
12, 1285120, Note_on_c, 9, 81, 35
12, 1285868, Note_on_c, 9, 33, 0
12, 1285868, Note_on_c, 9, 51, 0
12, 1285868, Note_on_c, 9, 81, 0
12, 1286656, Note_on_c, 9, 81, 35
12, 1287404, Note_on_c, 9, 81, 0
12, 1288192, Note_on_c, 9, 33, 36
12, 1288192, Note_on_c, 9, 51, 36
12, 1288192, Note_on_c, 9, 81, 36
12, 1288940, Note_on_c, 9, 33, 0
12, 1288940, Note_on_c, 9, 51, 0
12, 1288940, Note_on_c, 9, 81, 0
12, 1289728, Note_on_c, 9, 81, 36
12, 1290476, Note_on_c, 9, 81, 0
12, 1291264, Note_on_c, 9, 33, 36
12, 1291264, Note_on_c, 9, 51, 36
12, 1291264, Note_on_c, 9, 81, 36
12, 1292012, Note_on_c, 9, 33, 0
12, 1292012, Note_on_c, 9, 51, 0
12, 1292012, Note_on_c, 9, 81, 0
12, 1292800, Note_on_c, 9, 81, 36
12, 1293548, Note_on_c, 9, 81, 0
12, 1294336, Note_on_c, 9, 33, 37
12, 1294336, Note_on_c, 9, 51, 37
12, 1294336, Note_on_c, 9, 81, 37
12, 1295084, Note_on_c, 9, 33, 0
12, 1295084, Note_on_c, 9, 51, 0
12, 1295084, Note_on_c, 9, 81, 0
12, 1295872, Note_on_c, 9, 81, 37
12, 1296620, Note_on_c, 9, 81, 0
12, 1297408, Note_on_c, 9, 33, 37
12, 1297408, Note_on_c, 9, 51, 37
12, 1297408, Note_on_c, 9, 81, 37
12, 1298156, Note_on_c, 9, 33, 0
12, 1298156, Note_on_c, 9, 51, 0
12, 1298156, Note_on_c, 9, 81, 0
12, 1298944, Note_on_c, 9, 81, 37
12, 1299692, Note_on_c, 9, 81, 0
12, 1300480, Note_on_c, 9, 33, 38
12, 1300480, Note_on_c, 9, 51, 38
12, 1300480, Note_on_c, 9, 81, 38
12, 1301228, Note_on_c, 9, 33, 0
12, 1301228, Note_on_c, 9, 51, 0
12, 1301228, Note_on_c, 9, 81, 0
12, 1302016, Note_on_c, 9, 81, 38
12, 1302764, Note_on_c, 9, 81, 0
12, 1303552, Note_on_c, 9, 33, 38
12, 1303552, Note_on_c, 9, 51, 38
12, 1303552, Note_on_c, 9, 81, 38
12, 1304300, Note_on_c, 9, 33, 0
12, 1304300, Note_on_c, 9, 51, 0
12, 1304300, Note_on_c, 9, 81, 0
12, 1305088, Note_on_c, 9, 81, 38
12, 1305836, Note_on_c, 9, 81, 0
12, 1306624, Note_on_c, 9, 33, 39
12, 1306624, Note_on_c, 9, 51, 39
12, 1306624, Note_on_c, 9, 81, 39
12, 1307372, Note_on_c, 9, 33, 0
12, 1307372, Note_on_c, 9, 51, 0
12, 1307372, Note_on_c, 9, 81, 0
12, 1308160, Note_on_c, 9, 81, 38
12, 1308908, Note_on_c, 9, 81, 0
12, 1309696, Note_on_c, 9, 33, 38
12, 1309696, Note_on_c, 9, 51, 38
12, 1309696, Note_on_c, 9, 81, 38
12, 1310444, Note_on_c, 9, 33, 0
12, 1310444, Note_on_c, 9, 51, 0
12, 1310444, Note_on_c, 9, 81, 0
12, 1311232, Note_on_c, 9, 81, 37
12, 1311980, Note_on_c, 9, 81, 0
12, 1312768, Note_on_c, 9, 33, 36
12, 1312768, Note_on_c, 9, 51, 36
12, 1312768, Note_on_c, 9, 81, 36
12, 1313516, Note_on_c, 9, 33, 0
12, 1313516, Note_on_c, 9, 51, 0
12, 1313516, Note_on_c, 9, 81, 0
12, 1314304, Note_on_c, 9, 81, 35
12, 1315052, Note_on_c, 9, 81, 0
12, 1315840, Note_on_c, 9, 33, 35
12, 1315840, Note_on_c, 9, 51, 35
12, 1315840, Note_on_c, 9, 81, 35
12, 1316588, Note_on_c, 9, 33, 0
12, 1316588, Note_on_c, 9, 51, 0
12, 1316588, Note_on_c, 9, 81, 0
12, 1317376, Note_on_c, 9, 81, 34
12, 1318124, Note_on_c, 9, 81, 0
12, 1318912, Note_on_c, 9, 33, 33
12, 1318912, Note_on_c, 9, 51, 33
12, 1318912, Note_on_c, 9, 81, 33
12, 1319660, Note_on_c, 9, 33, 0
12, 1319660, Note_on_c, 9, 51, 0
12, 1319660, Note_on_c, 9, 81, 0
12, 1320448, Note_on_c, 9, 33, 32
12, 1320448, Note_on_c, 9, 51, 32
12, 1320448, Note_on_c, 9, 81, 32
12, 1321196, Note_on_c, 9, 33, 0
12, 1321196, Note_on_c, 9, 51, 0
12, 1321196, Note_on_c, 9, 81, 0
12, 1321984, Note_on_c, 9, 33, 32
12, 1321984, Note_on_c, 9, 51, 32
12, 1321984, Note_on_c, 9, 81, 32
12, 1322732, Note_on_c, 9, 33, 0
12, 1322732, Note_on_c, 9, 51, 0
12, 1322732, Note_on_c, 9, 81, 0
12, 1325056, Note_on_c, 9, 33, 31
12, 1325056, Note_on_c, 9, 51, 31
12, 1325056, Note_on_c, 9, 81, 31
12, 1325804, Note_on_c, 9, 33, 0
12, 1325804, Note_on_c, 9, 51, 0
12, 1325804, Note_on_c, 9, 81, 0
12, 1326592, Note_on_c, 9, 81, 31
12, 1327340, Note_on_c, 9, 81, 0
12, 1328128, Note_on_c, 9, 33, 31
12, 1328128, Note_on_c, 9, 51, 31
12, 1328128, Note_on_c, 9, 81, 31
12, 1328876, Note_on_c, 9, 33, 0
12, 1328876, Note_on_c, 9, 51, 0
12, 1328876, Note_on_c, 9, 81, 0
12, 1329664, Note_on_c, 9, 81, 31
12, 1330412, Note_on_c, 9, 81, 0
12, 1331200, Note_on_c, 9, 33, 31
12, 1331200, Note_on_c, 9, 51, 31
12, 1331200, Note_on_c, 9, 81, 31
12, 1331948, Note_on_c, 9, 33, 0
12, 1331948, Note_on_c, 9, 51, 0
12, 1331948, Note_on_c, 9, 81, 0
12, 1332736, Note_on_c, 9, 81, 31
12, 1333484, Note_on_c, 9, 81, 0
12, 1334272, Note_on_c, 9, 33, 31
12, 1334272, Note_on_c, 9, 51, 31
12, 1334272, Note_on_c, 9, 81, 31
12, 1335020, Note_on_c, 9, 33, 0
12, 1335020, Note_on_c, 9, 51, 0
12, 1335020, Note_on_c, 9, 81, 0
12, 1335808, Note_on_c, 9, 81, 32
12, 1336556, Note_on_c, 9, 81, 0
12, 1337344, Note_on_c, 9, 33, 33
12, 1337344, Note_on_c, 9, 51, 33
12, 1337344, Note_on_c, 9, 81, 33
12, 1338092, Note_on_c, 9, 33, 0
12, 1338092, Note_on_c, 9, 51, 0
12, 1338092, Note_on_c, 9, 81, 0
12, 1338880, Note_on_c, 9, 81, 34
12, 1339628, Note_on_c, 9, 81, 0
12, 1340416, Note_on_c, 9, 33, 35
12, 1340416, Note_on_c, 9, 51, 35
12, 1340416, Note_on_c, 9, 81, 35
12, 1341164, Note_on_c, 9, 33, 0
12, 1341164, Note_on_c, 9, 51, 0
12, 1341164, Note_on_c, 9, 81, 0
12, 1341952, Note_on_c, 9, 81, 35
12, 1342700, Note_on_c, 9, 81, 0
12, 1343488, Note_on_c, 9, 33, 36
12, 1343488, Note_on_c, 9, 51, 36
12, 1343488, Note_on_c, 9, 81, 36
12, 1344236, Note_on_c, 9, 33, 0
12, 1344236, Note_on_c, 9, 51, 0
12, 1344236, Note_on_c, 9, 81, 0
12, 1345024, Note_on_c, 9, 81, 35
12, 1345772, Note_on_c, 9, 81, 0
12, 1346560, Note_on_c, 9, 33, 33
12, 1346560, Note_on_c, 9, 51, 33
12, 1346560, Note_on_c, 9, 81, 33
12, 1347308, Note_on_c, 9, 33, 0
12, 1347308, Note_on_c, 9, 51, 0
12, 1347308, Note_on_c, 9, 81, 0
12, 1348096, Note_on_c, 9, 81, 36
12, 1348844, Note_on_c, 9, 81, 0
12, 1349632, Note_on_c, 9, 33, 40
12, 1349632, Note_on_c, 9, 51, 40
12, 1349632, Note_on_c, 9, 81, 40
12, 1350380, Note_on_c, 9, 33, 0
12, 1350380, Note_on_c, 9, 51, 0
12, 1350380, Note_on_c, 9, 81, 0
12, 1351168, Note_on_c, 9, 81, 40
12, 1351916, Note_on_c, 9, 81, 0
12, 1352704, Note_on_c, 9, 33, 40
12, 1352704, Note_on_c, 9, 51, 40
12, 1352704, Note_on_c, 9, 81, 40
12, 1353452, Note_on_c, 9, 33, 0
12, 1353452, Note_on_c, 9, 51, 0
12, 1353452, Note_on_c, 9, 81, 0
12, 1354240, Note_on_c, 9, 81, 40
12, 1354988, Note_on_c, 9, 81, 0
12, 1355776, Note_on_c, 9, 33, 40
12, 1355776, Note_on_c, 9, 51, 40
12, 1355776, Note_on_c, 9, 81, 40
12, 1356524, Note_on_c, 9, 33, 0
12, 1356524, Note_on_c, 9, 51, 0
12, 1356524, Note_on_c, 9, 81, 0
12, 1357312, Note_on_c, 9, 81, 40
12, 1358060, Note_on_c, 9, 81, 0
12, 1358848, Note_on_c, 9, 33, 40
12, 1358848, Note_on_c, 9, 51, 40
12, 1358848, Note_on_c, 9, 81, 40
12, 1359596, Note_on_c, 9, 33, 0
12, 1359596, Note_on_c, 9, 51, 0
12, 1359596, Note_on_c, 9, 81, 0
12, 1360384, Note_on_c, 9, 81, 40
12, 1361132, Note_on_c, 9, 81, 0
12, 1361920, Note_on_c, 9, 33, 40
12, 1361920, Note_on_c, 9, 51, 40
12, 1361920, Note_on_c, 9, 81, 40
12, 1362668, Note_on_c, 9, 33, 0
12, 1362668, Note_on_c, 9, 51, 0
12, 1362668, Note_on_c, 9, 81, 0
12, 1363456, Note_on_c, 9, 81, 40
12, 1364204, Note_on_c, 9, 81, 0
12, 1364992, Note_on_c, 9, 33, 38
12, 1364992, Note_on_c, 9, 51, 38
12, 1364992, Note_on_c, 9, 81, 38
12, 1365740, Note_on_c, 9, 33, 0
12, 1365740, Note_on_c, 9, 51, 0
12, 1365740, Note_on_c, 9, 81, 0
12, 1366528, Note_on_c, 9, 81, 37
12, 1367276, Note_on_c, 9, 81, 0
12, 1368064, Note_on_c, 9, 33, 35
12, 1368064, Note_on_c, 9, 51, 35
12, 1368064, Note_on_c, 9, 81, 35
12, 1368812, Note_on_c, 9, 33, 0
12, 1368812, Note_on_c, 9, 51, 0
12, 1368812, Note_on_c, 9, 81, 0
12, 1369600, Note_on_c, 9, 33, 33
12, 1369600, Note_on_c, 9, 51, 33
12, 1369600, Note_on_c, 9, 81, 33
12, 1370348, Note_on_c, 9, 33, 0
12, 1370348, Note_on_c, 9, 51, 0
12, 1370348, Note_on_c, 9, 81, 0
12, 1371136, Note_on_c, 9, 33, 32
12, 1371136, Note_on_c, 9, 51, 32
12, 1371136, Note_on_c, 9, 81, 32
12, 1371884, Note_on_c, 9, 33, 0
12, 1371884, Note_on_c, 9, 51, 0
12, 1371884, Note_on_c, 9, 81, 0
12, 1374208, Note_on_c, 9, 33, 31
12, 1374208, Note_on_c, 9, 51, 31
12, 1374208, Note_on_c, 9, 81, 31
12, 1374956, Note_on_c, 9, 33, 0
12, 1374956, Note_on_c, 9, 51, 0
12, 1374956, Note_on_c, 9, 81, 0
12, 1375744, Note_on_c, 9, 81, 32
12, 1376492, Note_on_c, 9, 81, 0
12, 1377280, Note_on_c, 9, 33, 32
12, 1377280, Note_on_c, 9, 51, 32
12, 1377280, Note_on_c, 9, 81, 32
12, 1378028, Note_on_c, 9, 33, 0
12, 1378028, Note_on_c, 9, 51, 0
12, 1378028, Note_on_c, 9, 81, 0
12, 1378816, Note_on_c, 9, 81, 33
12, 1379564, Note_on_c, 9, 81, 0
12, 1380352, Note_on_c, 9, 33, 33
12, 1380352, Note_on_c, 9, 51, 33
12, 1380352, Note_on_c, 9, 81, 33
12, 1381100, Note_on_c, 9, 33, 0
12, 1381100, Note_on_c, 9, 51, 0
12, 1381100, Note_on_c, 9, 81, 0
12, 1381888, Note_on_c, 9, 81, 34
12, 1382636, Note_on_c, 9, 81, 0
12, 1383424, Note_on_c, 9, 33, 34
12, 1383424, Note_on_c, 9, 51, 34
12, 1383424, Note_on_c, 9, 81, 34
12, 1384172, Note_on_c, 9, 33, 0
12, 1384172, Note_on_c, 9, 51, 0
12, 1384172, Note_on_c, 9, 81, 0
12, 1384960, Note_on_c, 9, 81, 35
12, 1385708, Note_on_c, 9, 81, 0
12, 1386496, Note_on_c, 9, 33, 35
12, 1386496, Note_on_c, 9, 51, 35
12, 1386496, Note_on_c, 9, 81, 35
12, 1387244, Note_on_c, 9, 33, 0
12, 1387244, Note_on_c, 9, 51, 0
12, 1387244, Note_on_c, 9, 81, 0
12, 1388032, Note_on_c, 9, 81, 36
12, 1388780, Note_on_c, 9, 81, 0
12, 1389568, Note_on_c, 9, 33, 36
12, 1389568, Note_on_c, 9, 51, 36
12, 1389568, Note_on_c, 9, 81, 36
12, 1390316, Note_on_c, 9, 33, 0
12, 1390316, Note_on_c, 9, 51, 0
12, 1390316, Note_on_c, 9, 81, 0
12, 1391104, Note_on_c, 9, 81, 37
12, 1391852, Note_on_c, 9, 81, 0
12, 1392640, Note_on_c, 9, 33, 37
12, 1392640, Note_on_c, 9, 51, 37
12, 1392640, Note_on_c, 9, 81, 37
12, 1393388, Note_on_c, 9, 33, 0
12, 1393388, Note_on_c, 9, 51, 0
12, 1393388, Note_on_c, 9, 81, 0
12, 1394176, Note_on_c, 9, 81, 37
12, 1394924, Note_on_c, 9, 81, 0
12, 1395712, Note_on_c, 9, 33, 38
12, 1395712, Note_on_c, 9, 51, 38
12, 1395712, Note_on_c, 9, 81, 38
12, 1396460, Note_on_c, 9, 33, 0
12, 1396460, Note_on_c, 9, 51, 0
12, 1396460, Note_on_c, 9, 81, 0
12, 1397248, Note_on_c, 9, 81, 38
12, 1397996, Note_on_c, 9, 81, 0
12, 1398784, Note_on_c, 9, 33, 38
12, 1398784, Note_on_c, 9, 51, 38
12, 1398784, Note_on_c, 9, 81, 38
12, 1399532, Note_on_c, 9, 33, 0
12, 1399532, Note_on_c, 9, 51, 0
12, 1399532, Note_on_c, 9, 81, 0
12, 1400320, Note_on_c, 9, 81, 39
12, 1401068, Note_on_c, 9, 81, 0
12, 1401856, Note_on_c, 9, 33, 39
12, 1401856, Note_on_c, 9, 51, 39
12, 1401856, Note_on_c, 9, 81, 39
12, 1402604, Note_on_c, 9, 33, 0
12, 1402604, Note_on_c, 9, 51, 0
12, 1402604, Note_on_c, 9, 81, 0
12, 1403392, Note_on_c, 9, 81, 39
12, 1404140, Note_on_c, 9, 81, 0
12, 1404928, Note_on_c, 9, 33, 40
12, 1404928, Note_on_c, 9, 51, 40
12, 1404928, Note_on_c, 9, 81, 40
12, 1405676, Note_on_c, 9, 33, 0
12, 1405676, Note_on_c, 9, 51, 0
12, 1405676, Note_on_c, 9, 81, 0
12, 1406464, Note_on_c, 9, 81, 39
12, 1407212, Note_on_c, 9, 81, 0
12, 1408000, Note_on_c, 9, 33, 38
12, 1408000, Note_on_c, 9, 51, 38
12, 1408000, Note_on_c, 9, 81, 38
12, 1408748, Note_on_c, 9, 33, 0
12, 1408748, Note_on_c, 9, 51, 0
12, 1408748, Note_on_c, 9, 81, 0
12, 1409536, Note_on_c, 9, 81, 37
12, 1410284, Note_on_c, 9, 81, 0
12, 1411072, Note_on_c, 9, 33, 36
12, 1411072, Note_on_c, 9, 51, 36
12, 1411072, Note_on_c, 9, 81, 36
12, 1411820, Note_on_c, 9, 33, 0
12, 1411820, Note_on_c, 9, 51, 0
12, 1411820, Note_on_c, 9, 81, 0
12, 1412608, Note_on_c, 9, 81, 36
12, 1413356, Note_on_c, 9, 81, 0
12, 1414144, Note_on_c, 9, 33, 35
12, 1414144, Note_on_c, 9, 51, 35
12, 1414144, Note_on_c, 9, 81, 35
12, 1414892, Note_on_c, 9, 33, 0
12, 1414892, Note_on_c, 9, 51, 0
12, 1414892, Note_on_c, 9, 81, 0
12, 1415680, Note_on_c, 9, 81, 34
12, 1416428, Note_on_c, 9, 81, 0
12, 1417216, Note_on_c, 9, 33, 33
12, 1417216, Note_on_c, 9, 51, 33
12, 1417216, Note_on_c, 9, 81, 33
12, 1417964, Note_on_c, 9, 33, 0
12, 1417964, Note_on_c, 9, 51, 0
12, 1417964, Note_on_c, 9, 81, 0
12, 1418752, Note_on_c, 9, 33, 30
12, 1418752, Note_on_c, 9, 51, 30
12, 1418752, Note_on_c, 9, 81, 30
12, 1419500, Note_on_c, 9, 33, 0
12, 1419500, Note_on_c, 9, 51, 0
12, 1419500, Note_on_c, 9, 81, 0
12, 1420288, Note_on_c, 9, 33, 30
12, 1420288, Note_on_c, 9, 51, 30
12, 1420288, Note_on_c, 9, 81, 30
12, 1421036, Note_on_c, 9, 33, 0
12, 1421036, Note_on_c, 9, 51, 0
12, 1421036, Note_on_c, 9, 81, 0
12, 1423360, Note_on_c, 9, 33, 30
12, 1423360, Note_on_c, 9, 51, 30
12, 1423360, Note_on_c, 9, 81, 30
12, 1424108, Note_on_c, 9, 33, 0
12, 1424108, Note_on_c, 9, 51, 0
12, 1424108, Note_on_c, 9, 81, 0
12, 1424896, Note_on_c, 9, 81, 30
12, 1425644, Note_on_c, 9, 81, 0
12, 1426432, Note_on_c, 9, 33, 31
12, 1426432, Note_on_c, 9, 51, 31
12, 1426432, Note_on_c, 9, 81, 31
12, 1427180, Note_on_c, 9, 33, 0
12, 1427180, Note_on_c, 9, 51, 0
12, 1427180, Note_on_c, 9, 81, 0
12, 1427968, Note_on_c, 9, 81, 33
12, 1428716, Note_on_c, 9, 81, 0
12, 1429504, Note_on_c, 9, 33, 34
12, 1429504, Note_on_c, 9, 51, 34
12, 1429504, Note_on_c, 9, 81, 34
12, 1430252, Note_on_c, 9, 33, 0
12, 1430252, Note_on_c, 9, 51, 0
12, 1430252, Note_on_c, 9, 81, 0
12, 1431040, Note_on_c, 9, 81, 35
12, 1431788, Note_on_c, 9, 81, 0
12, 1432576, Note_on_c, 9, 33, 36
12, 1432576, Note_on_c, 9, 51, 36
12, 1432576, Note_on_c, 9, 81, 36
12, 1433324, Note_on_c, 9, 33, 0
12, 1433324, Note_on_c, 9, 51, 0
12, 1433324, Note_on_c, 9, 81, 0
12, 1434112, Note_on_c, 9, 81, 38
12, 1434860, Note_on_c, 9, 81, 0
12, 1435648, Note_on_c, 9, 33, 39
12, 1435648, Note_on_c, 9, 51, 39
12, 1435648, Note_on_c, 9, 81, 39
12, 1436396, Note_on_c, 9, 33, 0
12, 1436396, Note_on_c, 9, 51, 0
12, 1436396, Note_on_c, 9, 81, 0
12, 1437184, Note_on_c, 9, 81, 40
12, 1437932, Note_on_c, 9, 81, 0
12, 1438720, Note_on_c, 9, 33, 41
12, 1438720, Note_on_c, 9, 51, 41
12, 1438720, Note_on_c, 9, 81, 41
12, 1439468, Note_on_c, 9, 33, 0
12, 1439468, Note_on_c, 9, 51, 0
12, 1439468, Note_on_c, 9, 81, 0
12, 1440256, Note_on_c, 9, 81, 42
12, 1441004, Note_on_c, 9, 81, 0
12, 1441792, Note_on_c, 9, 33, 44
12, 1441792, Note_on_c, 9, 51, 44
12, 1441792, Note_on_c, 9, 81, 44
12, 1442540, Note_on_c, 9, 33, 0
12, 1442540, Note_on_c, 9, 51, 0
12, 1442540, Note_on_c, 9, 81, 0
12, 1443328, Note_on_c, 9, 81, 45
12, 1444076, Note_on_c, 9, 81, 0
12, 1444864, Note_on_c, 9, 33, 47
12, 1444864, Note_on_c, 9, 51, 47
12, 1444864, Note_on_c, 9, 81, 47
12, 1445612, Note_on_c, 9, 33, 0
12, 1445612, Note_on_c, 9, 51, 0
12, 1445612, Note_on_c, 9, 81, 0
12, 1446400, Note_on_c, 9, 81, 49
12, 1447148, Note_on_c, 9, 81, 0
12, 1447936, Note_on_c, 9, 33, 50
12, 1447936, Note_on_c, 9, 51, 50
12, 1447936, Note_on_c, 9, 81, 50
12, 1448684, Note_on_c, 9, 33, 0
12, 1448684, Note_on_c, 9, 51, 0
12, 1448684, Note_on_c, 9, 81, 0
12, 1449472, Note_on_c, 9, 81, 52
12, 1450220, Note_on_c, 9, 81, 0
12, 1451008, Note_on_c, 9, 33, 53
12, 1451008, Note_on_c, 9, 51, 53
12, 1451008, Note_on_c, 9, 81, 53
12, 1451756, Note_on_c, 9, 33, 0
12, 1451756, Note_on_c, 9, 51, 0
12, 1451756, Note_on_c, 9, 81, 0
12, 1452544, Note_on_c, 9, 81, 55
12, 1453292, Note_on_c, 9, 81, 0
12, 1454080, Note_on_c, 9, 33, 56
12, 1454080, Note_on_c, 9, 51, 56
12, 1454080, Note_on_c, 9, 81, 56
12, 1454828, Note_on_c, 9, 33, 0
12, 1454828, Note_on_c, 9, 51, 0
12, 1454828, Note_on_c, 9, 81, 0
12, 1455616, Note_on_c, 9, 81, 58
12, 1456364, Note_on_c, 9, 81, 0
12, 1457152, Note_on_c, 9, 33, 59
12, 1457152, Note_on_c, 9, 51, 59
12, 1457152, Note_on_c, 9, 81, 59
12, 1457900, Note_on_c, 9, 33, 0
12, 1457900, Note_on_c, 9, 51, 0
12, 1457900, Note_on_c, 9, 81, 0
12, 1458688, Note_on_c, 9, 81, 60
12, 1459436, Note_on_c, 9, 81, 0
12, 1460224, Note_on_c, 9, 33, 60
12, 1460224, Note_on_c, 9, 51, 60
12, 1460224, Note_on_c, 9, 81, 60
12, 1460972, Note_on_c, 9, 33, 0
12, 1460972, Note_on_c, 9, 51, 0
12, 1460972, Note_on_c, 9, 81, 0
12, 1461760, Note_on_c, 9, 81, 61
12, 1462508, Note_on_c, 9, 81, 0
12, 1463296, Note_on_c, 9, 33, 62
12, 1463296, Note_on_c, 9, 51, 62
12, 1463296, Note_on_c, 9, 81, 62
12, 1464044, Note_on_c, 9, 33, 0
12, 1464044, Note_on_c, 9, 51, 0
12, 1464044, Note_on_c, 9, 81, 0
12, 1464832, Note_on_c, 9, 81, 63
12, 1465580, Note_on_c, 9, 81, 0
12, 1466368, Note_on_c, 9, 33, 63
12, 1466368, Note_on_c, 9, 51, 63
12, 1466368, Note_on_c, 9, 81, 63
12, 1467116, Note_on_c, 9, 33, 0
12, 1467116, Note_on_c, 9, 51, 0
12, 1467116, Note_on_c, 9, 81, 0
12, 1467904, Note_on_c, 9, 33, 60
12, 1467904, Note_on_c, 9, 51, 60
12, 1467904, Note_on_c, 9, 81, 60
12, 1468652, Note_on_c, 9, 33, 0
12, 1468652, Note_on_c, 9, 51, 0
12, 1468652, Note_on_c, 9, 81, 0
12, 1469440, Note_on_c, 9, 33, 54
12, 1469440, Note_on_c, 9, 51, 54
12, 1469440, Note_on_c, 9, 81, 54
12, 1470188, Note_on_c, 9, 33, 0
12, 1470188, Note_on_c, 9, 51, 0
12, 1470188, Note_on_c, 9, 81, 0
12, 1472512, Note_on_c, 9, 33, 47
12, 1472512, Note_on_c, 9, 51, 47
12, 1472512, Note_on_c, 9, 81, 47
12, 1473260, Note_on_c, 9, 33, 0
12, 1473260, Note_on_c, 9, 51, 0
12, 1473260, Note_on_c, 9, 81, 0
12, 1474048, Note_on_c, 9, 81, 56
12, 1474796, Note_on_c, 9, 81, 0
12, 1475584, Note_on_c, 9, 33, 57
12, 1475584, Note_on_c, 9, 51, 57
12, 1475584, Note_on_c, 9, 81, 57
12, 1476332, Note_on_c, 9, 33, 0
12, 1476332, Note_on_c, 9, 51, 0
12, 1476332, Note_on_c, 9, 81, 0
12, 1477120, Note_on_c, 9, 81, 59
12, 1477868, Note_on_c, 9, 81, 0
12, 1478656, Note_on_c, 9, 33, 61
12, 1478656, Note_on_c, 9, 51, 61
12, 1478656, Note_on_c, 9, 81, 61
12, 1479404, Note_on_c, 9, 33, 0
12, 1479404, Note_on_c, 9, 51, 0
12, 1479404, Note_on_c, 9, 81, 0
12, 1480192, Note_on_c, 9, 81, 62
12, 1480940, Note_on_c, 9, 81, 0
12, 1481728, Note_on_c, 9, 33, 64
12, 1481728, Note_on_c, 9, 51, 64
12, 1481728, Note_on_c, 9, 81, 64
12, 1482476, Note_on_c, 9, 33, 0
12, 1482476, Note_on_c, 9, 51, 0
12, 1482476, Note_on_c, 9, 81, 0
12, 1483264, Note_on_c, 9, 81, 66
12, 1484012, Note_on_c, 9, 81, 0
12, 1484800, Note_on_c, 9, 33, 67
12, 1484800, Note_on_c, 9, 51, 67
12, 1484800, Note_on_c, 9, 81, 67
12, 1485548, Note_on_c, 9, 33, 0
12, 1485548, Note_on_c, 9, 51, 0
12, 1485548, Note_on_c, 9, 81, 0
12, 1486336, Note_on_c, 9, 81, 69
12, 1487084, Note_on_c, 9, 81, 0
12, 1487872, Note_on_c, 9, 33, 71
12, 1487872, Note_on_c, 9, 51, 71
12, 1487872, Note_on_c, 9, 81, 71
12, 1488620, Note_on_c, 9, 33, 0
12, 1488620, Note_on_c, 9, 51, 0
12, 1488620, Note_on_c, 9, 81, 0
12, 1489408, Note_on_c, 9, 81, 72
12, 1490156, Note_on_c, 9, 81, 0
12, 1490944, Note_on_c, 9, 33, 71
12, 1490944, Note_on_c, 9, 51, 71
12, 1490944, Note_on_c, 9, 81, 71
12, 1491692, Note_on_c, 9, 33, 0
12, 1491692, Note_on_c, 9, 51, 0
12, 1491692, Note_on_c, 9, 81, 0
12, 1492480, Note_on_c, 9, 81, 70
12, 1493228, Note_on_c, 9, 81, 0
12, 1494016, Note_on_c, 9, 33, 68
12, 1494016, Note_on_c, 9, 51, 68
12, 1494016, Note_on_c, 9, 81, 68
12, 1494764, Note_on_c, 9, 33, 0
12, 1494764, Note_on_c, 9, 51, 0
12, 1494764, Note_on_c, 9, 81, 0
12, 1495552, Note_on_c, 9, 81, 69
12, 1496300, Note_on_c, 9, 81, 0
12, 1497088, Note_on_c, 9, 33, 71
12, 1497088, Note_on_c, 9, 51, 71
12, 1497088, Note_on_c, 9, 81, 71
12, 1497836, Note_on_c, 9, 33, 0
12, 1497836, Note_on_c, 9, 51, 0
12, 1497836, Note_on_c, 9, 81, 0
12, 1498624, Note_on_c, 9, 81, 72
12, 1499372, Note_on_c, 9, 81, 0
12, 1500160, Note_on_c, 9, 33, 74
12, 1500160, Note_on_c, 9, 51, 74
12, 1500160, Note_on_c, 9, 81, 74
12, 1500908, Note_on_c, 9, 33, 0
12, 1500908, Note_on_c, 9, 51, 0
12, 1500908, Note_on_c, 9, 81, 0
12, 1501696, Note_on_c, 9, 81, 75
12, 1502444, Note_on_c, 9, 81, 0
12, 1503232, Note_on_c, 9, 33, 77
12, 1503232, Note_on_c, 9, 51, 77
12, 1503232, Note_on_c, 9, 81, 77
12, 1503980, Note_on_c, 9, 33, 0
12, 1503980, Note_on_c, 9, 51, 0
12, 1503980, Note_on_c, 9, 81, 0
12, 1504768, Note_on_c, 9, 81, 78
12, 1505516, Note_on_c, 9, 81, 0
12, 1506304, Note_on_c, 9, 33, 80
12, 1506304, Note_on_c, 9, 51, 80
12, 1506304, Note_on_c, 9, 81, 80
12, 1507052, Note_on_c, 9, 33, 0
12, 1507052, Note_on_c, 9, 51, 0
12, 1507052, Note_on_c, 9, 81, 0
12, 1507840, Note_on_c, 9, 81, 81
12, 1508588, Note_on_c, 9, 81, 0
12, 1509376, Note_on_c, 9, 33, 82
12, 1509376, Note_on_c, 9, 51, 82
12, 1509376, Note_on_c, 9, 81, 82
12, 1510124, Note_on_c, 9, 33, 0
12, 1510124, Note_on_c, 9, 51, 0
12, 1510124, Note_on_c, 9, 81, 0
12, 1510912, Note_on_c, 9, 81, 73
12, 1511660, Note_on_c, 9, 81, 0
12, 1512448, Note_on_c, 9, 33, 77
12, 1512448, Note_on_c, 9, 51, 77
12, 1512448, Note_on_c, 9, 81, 77
12, 1513196, Note_on_c, 9, 33, 0
12, 1513196, Note_on_c, 9, 51, 0
12, 1513196, Note_on_c, 9, 81, 0
12, 1513984, Note_on_c, 9, 81, 80
12, 1514732, Note_on_c, 9, 81, 0
12, 1515520, Note_on_c, 9, 33, 83
12, 1515520, Note_on_c, 9, 51, 83
12, 1515520, Note_on_c, 9, 81, 83
12, 1516268, Note_on_c, 9, 33, 0
12, 1516268, Note_on_c, 9, 51, 0
12, 1516268, Note_on_c, 9, 81, 0
12, 1517056, Note_on_c, 9, 33, 86
12, 1517056, Note_on_c, 9, 51, 86
12, 1517056, Note_on_c, 9, 81, 86
12, 1517804, Note_on_c, 9, 33, 0
12, 1517804, Note_on_c, 9, 51, 0
12, 1517804, Note_on_c, 9, 81, 0
12, 1518592, Note_on_c, 9, 33, 89
12, 1518592, Note_on_c, 9, 51, 89
12, 1518592, Note_on_c, 9, 81, 89
12, 1519340, Note_on_c, 9, 33, 0
12, 1519340, Note_on_c, 9, 51, 0
12, 1519340, Note_on_c, 9, 81, 0
12, 1520128, Note_on_c, 9, 33, 92
12, 1520128, Note_on_c, 9, 51, 92
12, 1520128, Note_on_c, 9, 81, 92
12, 1520876, Note_on_c, 9, 33, 0
12, 1520876, Note_on_c, 9, 51, 0
12, 1520876, Note_on_c, 9, 81, 0
12, 1521664, Note_on_c, 9, 33, 91
12, 1521664, Note_on_c, 9, 51, 91
12, 1521664, Note_on_c, 9, 81, 91
12, 1522412, Note_on_c, 9, 33, 0
12, 1522412, Note_on_c, 9, 51, 0
12, 1522412, Note_on_c, 9, 81, 0
12, 1524736, Note_on_c, 9, 33, 85
12, 1524736, Note_on_c, 9, 51, 85
12, 1524736, Note_on_c, 9, 81, 85
12, 1525484, Note_on_c, 9, 33, 0
12, 1525484, Note_on_c, 9, 51, 0
12, 1525484, Note_on_c, 9, 81, 0
12, 1527808, Note_on_c, 9, 33, 78
12, 1527808, Note_on_c, 9, 51, 78
12, 1527808, Note_on_c, 9, 81, 78
12, 1528556, Note_on_c, 9, 33, 0
12, 1528556, Note_on_c, 9, 51, 0
12, 1528556, Note_on_c, 9, 81, 0
12, 1530880, Note_on_c, 9, 33, 77
12, 1530880, Note_on_c, 9, 51, 77
12, 1530880, Note_on_c, 9, 81, 77
12, 1531628, Note_on_c, 9, 33, 0
12, 1531628, Note_on_c, 9, 51, 0
12, 1531628, Note_on_c, 9, 81, 0
12, 1533952, Note_on_c, 9, 33, 83
12, 1533952, Note_on_c, 9, 51, 83
12, 1533952, Note_on_c, 9, 81, 83
12, 1534700, Note_on_c, 9, 33, 0
12, 1534700, Note_on_c, 9, 51, 0
12, 1534700, Note_on_c, 9, 81, 0
12, 1537024, Note_on_c, 9, 33, 88
12, 1537024, Note_on_c, 9, 51, 88
12, 1537024, Note_on_c, 9, 81, 88
12, 1537772, Note_on_c, 9, 33, 0
12, 1537772, Note_on_c, 9, 51, 0
12, 1537772, Note_on_c, 9, 81, 0
12, 1540096, Note_on_c, 9, 33, 93
12, 1540096, Note_on_c, 9, 51, 93
12, 1540096, Note_on_c, 9, 81, 93
12, 1540844, Note_on_c, 9, 33, 0
12, 1540844, Note_on_c, 9, 51, 0
12, 1540844, Note_on_c, 9, 81, 0
12, 1541632, Note_on_c, 9, 33, 96
12, 1541632, Note_on_c, 9, 51, 96
12, 1541632, Note_on_c, 9, 81, 96
12, 1542380, Note_on_c, 9, 33, 0
12, 1542380, Note_on_c, 9, 51, 0
12, 1542380, Note_on_c, 9, 81, 0
12, 1543168, Note_on_c, 9, 33, 98
12, 1543168, Note_on_c, 9, 51, 98
12, 1543168, Note_on_c, 9, 81, 98
12, 1543916, Note_on_c, 9, 33, 0
12, 1543916, Note_on_c, 9, 51, 0
12, 1543916, Note_on_c, 9, 81, 0
12, 1544704, Note_on_c, 9, 33, 99
12, 1544704, Note_on_c, 9, 51, 99
12, 1544704, Note_on_c, 9, 81, 99
12, 1545452, Note_on_c, 9, 33, 0
12, 1545452, Note_on_c, 9, 51, 0
12, 1545452, Note_on_c, 9, 81, 0
12, 1546240, Note_on_c, 9, 33, 108
12, 1546240, Note_on_c, 9, 51, 108
12, 1546240, Note_on_c, 9, 81, 108
12, 1546988, Note_on_c, 9, 33, 0
12, 1546988, Note_on_c, 9, 51, 0
12, 1546988, Note_on_c, 9, 81, 0
12, 2050048, Control_c, 9, 121, 127
12, 2050048, End_track
13, 0, Start_track
13, 0, Title_t, "Violin I"
13, 0, Program_c, 7, 48
13, 0, Control_c, 7, 121, 127
13, 0, Control_c, 7, 91, 127
13, 0, Control_c, 7, 1, 10
13, 0, Control_c, 7, 10, 20
13, 0, Control_c, 7, 11, 100
13, 96128, Note_on_c, 7, 76, 40
13, 96256, Note_on_c, 7, 76, 0
13, 96256, Note_on_c, 7, 69, 40
13, 97280, Note_on_c, 7, 69, 0
13, 98176, Note_on_c, 7, 69, 40
13, 98304, Note_on_c, 7, 69, 0
13, 98304, Note_on_c, 7, 64, 40
13, 99328, Note_on_c, 7, 64, 0
13, 100224, Note_on_c, 7, 64, 40
13, 100352, Note_on_c, 7, 64, 0
13, 100352, Note_on_c, 7, 57, 40
13, 101376, Note_on_c, 7, 57, 0
13, 104320, Note_on_c, 7, 81, 40
13, 104448, Note_on_c, 7, 81, 0
13, 104448, Note_on_c, 7, 76, 40
13, 105472, Note_on_c, 7, 76, 0
13, 106368, Note_on_c, 7, 76, 40
13, 106496, Note_on_c, 7, 76, 0
13, 106496, Note_on_c, 7, 69, 40
13, 107520, Note_on_c, 7, 69, 0
13, 108544, Note_on_c, 7, 60, 103
13, 108544, Note_on_c, 7, 63, 103
13, 108954, Note_on_c, 7, 60, 0
13, 108954, Note_on_c, 7, 63, 0
13, 139264, Program_c, 7, 45
13, 145408, Note_on_c, 7, 76, 44
13, 146432, Note_on_c, 7, 76, 0
13, 148480, Note_on_c, 7, 69, 44
13, 149504, Note_on_c, 7, 69, 0
13, 157696, Note_on_c, 7, 72, 44
13, 158720, Note_on_c, 7, 72, 0
13, 160768, Note_on_c, 7, 65, 42
13, 161792, Note_on_c, 7, 65, 0
13, 163840, Program_c, 7, 48
13, 479232, Note_on_c, 7, 78, 44
13, 481280, Note_on_c, 7, 78, 0
13, 481280, Note_on_c, 7, 79, 45
13, 482304, Note_on_c, 7, 79, 0
13, 482304, Note_on_c, 7, 81, 46
13, 483328, Note_on_c, 7, 81, 0
13, 483328, Note_on_c, 7, 81, 47
13, 484352, Note_on_c, 7, 81, 0
13, 484352, Note_on_c, 7, 79, 48
13, 485376, Note_on_c, 7, 79, 0
13, 485376, Note_on_c, 7, 78, 49
13, 486400, Note_on_c, 7, 78, 0
13, 486400, Note_on_c, 7, 76, 49
13, 487424, Note_on_c, 7, 76, 0
13, 487424, Note_on_c, 7, 74, 50
13, 489472, Note_on_c, 7, 74, 0
13, 489472, Note_on_c, 7, 76, 46
13, 490496, Note_on_c, 7, 76, 0
13, 490496, Note_on_c, 7, 78, 44
13, 491520, Note_on_c, 7, 78, 0
13, 491520, Note_on_c, 7, 78, 43
13, 493056, Note_on_c, 7, 78, 0
13, 493056, Note_on_c, 7, 76, 41
13, 493568, Note_on_c, 7, 76, 0
13, 493568, Note_on_c, 7, 76, 40
13, 495206, Note_on_c, 7, 76, 0
13, 495616, Note_on_c, 7, 78, 38
13, 497664, Note_on_c, 7, 78, 0
13, 497664, Note_on_c, 7, 79, 42
13, 498688, Note_on_c, 7, 79, 0
13, 498688, Note_on_c, 7, 81, 44
13, 499712, Note_on_c, 7, 81, 0
13, 499712, Note_on_c, 7, 81, 44
13, 500736, Note_on_c, 7, 81, 0
13, 500736, Note_on_c, 7, 79, 45
13, 501760, Note_on_c, 7, 79, 0
13, 501760, Note_on_c, 7, 78, 46
13, 502784, Note_on_c, 7, 78, 0
13, 502784, Note_on_c, 7, 76, 46
13, 503808, Note_on_c, 7, 76, 0
13, 503808, Note_on_c, 7, 74, 47
13, 505856, Note_on_c, 7, 74, 0
13, 505856, Note_on_c, 7, 76, 48
13, 506880, Note_on_c, 7, 76, 0
13, 506880, Note_on_c, 7, 78, 48
13, 507904, Note_on_c, 7, 78, 0
13, 507904, Note_on_c, 7, 76, 48
13, 509440, Note_on_c, 7, 76, 0
13, 509440, Note_on_c, 7, 74, 47
13, 509952, Note_on_c, 7, 74, 0
13, 509952, Note_on_c, 7, 74, 47
13, 511590, Note_on_c, 7, 74, 0
13, 512000, Note_on_c, 7, 76, 48
13, 514048, Note_on_c, 7, 76, 0
13, 514048, Note_on_c, 7, 78, 51
13, 515072, Note_on_c, 7, 78, 0
13, 515072, Note_on_c, 7, 74, 53
13, 516096, Note_on_c, 7, 74, 0
13, 516096, Note_on_c, 7, 76, 55
13, 517120, Note_on_c, 7, 76, 0
13, 517120, Note_on_c, 7, 78, 57
13, 517632, Note_on_c, 7, 78, 0
13, 517632, Note_on_c, 7, 79, 58
13, 518144, Note_on_c, 7, 79, 0
13, 518144, Note_on_c, 7, 78, 59
13, 519168, Note_on_c, 7, 78, 0
13, 519168, Note_on_c, 7, 74, 61
13, 520192, Note_on_c, 7, 74, 0
13, 520192, Note_on_c, 7, 76, 63
13, 521216, Note_on_c, 7, 76, 0
13, 521216, Note_on_c, 7, 78, 65
13, 521728, Note_on_c, 7, 78, 0
13, 521728, Note_on_c, 7, 79, 66
13, 522240, Note_on_c, 7, 79, 0
13, 522240, Note_on_c, 7, 78, 67
13, 523264, Note_on_c, 7, 78, 0
13, 523264, Note_on_c, 7, 76, 69
13, 524288, Note_on_c, 7, 76, 0
13, 524288, Note_on_c, 7, 74, 71
13, 525312, Note_on_c, 7, 74, 0
13, 525312, Note_on_c, 7, 76, 73
13, 526336, Note_on_c, 7, 76, 0
13, 526336, Note_on_c, 7, 69, 78
13, 527155, Note_on_c, 7, 69, 0
13, 527360, Note_on_c, 7, 78, 84
13, 529408, Note_on_c, 7, 78, 0
13, 529408, Note_on_c, 7, 78, 52
13, 530432, Note_on_c, 7, 78, 0
13, 530432, Note_on_c, 7, 79, 54
13, 531456, Note_on_c, 7, 79, 0
13, 531456, Note_on_c, 7, 81, 55
13, 532480, Note_on_c, 7, 81, 0
13, 532480, Note_on_c, 7, 81, 56
13, 533504, Note_on_c, 7, 81, 0
13, 533504, Note_on_c, 7, 79, 57
13, 534528, Note_on_c, 7, 79, 0
13, 534528, Note_on_c, 7, 78, 58
13, 535552, Note_on_c, 7, 78, 0
13, 535552, Note_on_c, 7, 76, 59
13, 536576, Note_on_c, 7, 76, 0
13, 536576, Note_on_c, 7, 74, 60
13, 538624, Note_on_c, 7, 74, 0
13, 538624, Note_on_c, 7, 76, 59
13, 539648, Note_on_c, 7, 76, 0
13, 539648, Note_on_c, 7, 78, 57
13, 540672, Note_on_c, 7, 78, 0
13, 540672, Note_on_c, 7, 76, 57
13, 542208, Note_on_c, 7, 76, 0
13, 542208, Note_on_c, 7, 74, 57
13, 542720, Note_on_c, 7, 74, 0
13, 542720, Note_on_c, 7, 74, 57
13, 544358, Note_on_c, 7, 74, 0
13, 544768, Note_on_c, 7, 76, 57
13, 546816, Note_on_c, 7, 76, 0
13, 546816, Note_on_c, 7, 78, 58
13, 547840, Note_on_c, 7, 78, 0
13, 547840, Note_on_c, 7, 74, 60
13, 548864, Note_on_c, 7, 74, 0
13, 548864, Note_on_c, 7, 76, 62
13, 549888, Note_on_c, 7, 76, 0
13, 549888, Note_on_c, 7, 78, 63
13, 550400, Note_on_c, 7, 78, 0
13, 550400, Note_on_c, 7, 79, 64
13, 550912, Note_on_c, 7, 79, 0
13, 550912, Note_on_c, 7, 78, 65
13, 551936, Note_on_c, 7, 78, 0
13, 551936, Note_on_c, 7, 74, 67
13, 552960, Note_on_c, 7, 74, 0
13, 552960, Note_on_c, 7, 76, 68
13, 553984, Note_on_c, 7, 76, 0
13, 553984, Note_on_c, 7, 78, 70
13, 554496, Note_on_c, 7, 78, 0
13, 554496, Note_on_c, 7, 79, 71
13, 555008, Note_on_c, 7, 79, 0
13, 555008, Note_on_c, 7, 78, 72
13, 556032, Note_on_c, 7, 78, 0
13, 556032, Note_on_c, 7, 76, 73
13, 557056, Note_on_c, 7, 76, 0
13, 557056, Note_on_c, 7, 74, 75
13, 558080, Note_on_c, 7, 74, 0
13, 558080, Note_on_c, 7, 76, 80
13, 559104, Note_on_c, 7, 76, 0
13, 559104, Note_on_c, 7, 69, 86
13, 559923, Note_on_c, 7, 69, 0
13, 560128, Note_on_c, 7, 78, 92
13, 562176, Note_on_c, 7, 78, 0
13, 562176, Note_on_c, 7, 78, 72
13, 563200, Note_on_c, 7, 78, 0
13, 563200, Note_on_c, 7, 79, 73
13, 564224, Note_on_c, 7, 79, 0
13, 564224, Note_on_c, 7, 81, 74
13, 565248, Note_on_c, 7, 81, 0
13, 565248, Note_on_c, 7, 81, 75
13, 566272, Note_on_c, 7, 81, 0
13, 566272, Note_on_c, 7, 79, 76
13, 567296, Note_on_c, 7, 79, 0
13, 567296, Note_on_c, 7, 78, 77
13, 568320, Note_on_c, 7, 78, 0
13, 568320, Note_on_c, 7, 76, 79
13, 569344, Note_on_c, 7, 76, 0
13, 569344, Note_on_c, 7, 74, 80
13, 571392, Note_on_c, 7, 74, 0
13, 571392, Note_on_c, 7, 76, 82
13, 572416, Note_on_c, 7, 76, 0
13, 572416, Note_on_c, 7, 78, 82
13, 573440, Note_on_c, 7, 78, 0
13, 573440, Note_on_c, 7, 76, 82
13, 574976, Note_on_c, 7, 76, 0
13, 574976, Note_on_c, 7, 74, 82
13, 575488, Note_on_c, 7, 74, 0
13, 575488, Note_on_c, 7, 74, 82
13, 577126, Note_on_c, 7, 74, 0
13, 577536, Note_on_c, 7, 62, 98
13, 577536, Note_on_c, 7, 69, 98
13, 577536, Note_on_c, 7, 78, 98
13, 578048, Note_on_c, 7, 62, 0
13, 578048, Note_on_c, 7, 69, 0
13, 578048, Note_on_c, 7, 78, 0
13, 579072, Note_on_c, 7, 62, 99
13, 579482, Note_on_c, 7, 62, 0
13, 579584, Note_on_c, 7, 74, 99
13, 580096, Note_on_c, 7, 74, 0
13, 581120, Note_on_c, 7, 62, 99
13, 581530, Note_on_c, 7, 62, 0
13, 581632, Note_on_c, 7, 69, 99
13, 581632, Note_on_c, 7, 81, 99
13, 582144, Note_on_c, 7, 69, 0
13, 582144, Note_on_c, 7, 81, 0
13, 583168, Note_on_c, 7, 57, 99
13, 583578, Note_on_c, 7, 57, 0
13, 583680, Note_on_c, 7, 69, 99
13, 584192, Note_on_c, 7, 69, 0
13, 585216, Note_on_c, 7, 57, 99
13, 585626, Note_on_c, 7, 57, 0
13, 585728, Note_on_c, 7, 62, 99
13, 585728, Note_on_c, 7, 69, 99
13, 585728, Note_on_c, 7, 78, 99
13, 586240, Note_on_c, 7, 62, 0
13, 586240, Note_on_c, 7, 69, 0
13, 586240, Note_on_c, 7, 78, 0
13, 588800, Note_on_c, 7, 62, 99
13, 588800, Note_on_c, 7, 69, 99
13, 588800, Note_on_c, 7, 78, 99
13, 589312, Note_on_c, 7, 62, 0
13, 589312, Note_on_c, 7, 69, 0
13, 589312, Note_on_c, 7, 78, 0
13, 589824, Note_on_c, 7, 62, 99
13, 589824, Note_on_c, 7, 69, 99
13, 589824, Note_on_c, 7, 78, 99
13, 590336, Note_on_c, 7, 62, 0
13, 590336, Note_on_c, 7, 69, 0
13, 590336, Note_on_c, 7, 78, 0
13, 591872, Note_on_c, 7, 69, 99
13, 591872, Note_on_c, 7, 73, 99
13, 591872, Note_on_c, 7, 76, 99
13, 592384, Note_on_c, 7, 69, 0
13, 592384, Note_on_c, 7, 73, 0
13, 592384, Note_on_c, 7, 76, 0
13, 593920, Note_on_c, 7, 62, 99
13, 593920, Note_on_c, 7, 74, 99
13, 593920, Note_on_c, 7, 86, 99
13, 594432, Note_on_c, 7, 62, 0
13, 594432, Note_on_c, 7, 74, 0
13, 594432, Note_on_c, 7, 86, 0
13, 595456, Note_on_c, 7, 62, 99
13, 595866, Note_on_c, 7, 62, 0
13, 595968, Note_on_c, 7, 74, 99
13, 596480, Note_on_c, 7, 74, 0
13, 597504, Note_on_c, 7, 62, 99
13, 597914, Note_on_c, 7, 62, 0
13, 598016, Note_on_c, 7, 69, 99
13, 598016, Note_on_c, 7, 81, 99
13, 598528, Note_on_c, 7, 69, 0
13, 598528, Note_on_c, 7, 81, 0
13, 599552, Note_on_c, 7, 57, 99
13, 599962, Note_on_c, 7, 57, 0
13, 600064, Note_on_c, 7, 69, 99
13, 600576, Note_on_c, 7, 69, 0
13, 601600, Note_on_c, 7, 57, 99
13, 602010, Note_on_c, 7, 57, 0
13, 602112, Note_on_c, 7, 62, 99
13, 602112, Note_on_c, 7, 69, 99
13, 602112, Note_on_c, 7, 78, 99
13, 602624, Note_on_c, 7, 62, 0
13, 602624, Note_on_c, 7, 69, 0
13, 602624, Note_on_c, 7, 78, 0
13, 605184, Note_on_c, 7, 62, 99
13, 605184, Note_on_c, 7, 69, 99
13, 605184, Note_on_c, 7, 78, 99
13, 605696, Note_on_c, 7, 62, 0
13, 605696, Note_on_c, 7, 69, 0
13, 605696, Note_on_c, 7, 78, 0
13, 606208, Note_on_c, 7, 69, 99
13, 606208, Note_on_c, 7, 73, 99
13, 606208, Note_on_c, 7, 76, 99
13, 606720, Note_on_c, 7, 69, 0
13, 606720, Note_on_c, 7, 73, 0
13, 606720, Note_on_c, 7, 76, 0
13, 608256, Note_on_c, 7, 57, 99
13, 608256, Note_on_c, 7, 66, 99
13, 608256, Note_on_c, 7, 74, 99
13, 608768, Note_on_c, 7, 57, 0
13, 608768, Note_on_c, 7, 66, 0
13, 608768, Note_on_c, 7, 74, 0
13, 610304, Note_on_c, 7, 57, 98
13, 610304, Note_on_c, 7, 64, 98
13, 610304, Note_on_c, 7, 69, 98
13, 610304, Note_on_c, 7, 76, 98
13, 610816, Note_on_c, 7, 57, 0
13, 610816, Note_on_c, 7, 64, 0
13, 610816, Note_on_c, 7, 69, 0
13, 610816, Note_on_c, 7, 76, 0
13, 611840, Note_on_c, 7, 57, 98
13, 612250, Note_on_c, 7, 57, 0
13, 612352, Note_on_c, 7, 69, 98
13, 612864, Note_on_c, 7, 69, 0
13, 613376, Note_on_c, 7, 57, 98
13, 613376, Note_on_c, 7, 66, 98
13, 613376, Note_on_c, 7, 74, 98
13, 613888, Note_on_c, 7, 57, 0
13, 613888, Note_on_c, 7, 66, 0
13, 613888, Note_on_c, 7, 74, 0
13, 614400, Note_on_c, 7, 57, 98
13, 614400, Note_on_c, 7, 64, 98
13, 614400, Note_on_c, 7, 69, 98
13, 614400, Note_on_c, 7, 76, 98
13, 614912, Note_on_c, 7, 57, 0
13, 614912, Note_on_c, 7, 64, 0
13, 614912, Note_on_c, 7, 69, 0
13, 614912, Note_on_c, 7, 76, 0
13, 615936, Note_on_c, 7, 57, 98
13, 616346, Note_on_c, 7, 57, 0
13, 616448, Note_on_c, 7, 69, 97
13, 616960, Note_on_c, 7, 69, 0
13, 617472, Note_on_c, 7, 57, 97
13, 617472, Note_on_c, 7, 66, 97
13, 617472, Note_on_c, 7, 74, 97
13, 617984, Note_on_c, 7, 57, 0
13, 617984, Note_on_c, 7, 66, 0
13, 617984, Note_on_c, 7, 74, 0
13, 618496, Note_on_c, 7, 73, 97
13, 618496, Note_on_c, 7, 76, 97
13, 619008, Note_on_c, 7, 73, 0
13, 619008, Note_on_c, 7, 76, 0
13, 620032, Note_on_c, 7, 57, 97
13, 620442, Note_on_c, 7, 57, 0
13, 620544, Note_on_c, 7, 73, 97
13, 620544, Note_on_c, 7, 78, 97
13, 620954, Note_on_c, 7, 73, 0
13, 620954, Note_on_c, 7, 78, 0
13, 621568, Note_on_c, 7, 73, 100
13, 621568, Note_on_c, 7, 76, 100
13, 621978, Note_on_c, 7, 73, 0
13, 621978, Note_on_c, 7, 76, 0
13, 622592, Note_on_c, 7, 62, 101
13, 622592, Note_on_c, 7, 74, 101
13, 623002, Note_on_c, 7, 62, 0
13, 623002, Note_on_c, 7, 74, 0
13, 623616, Note_on_c, 7, 64, 103
13, 623616, Note_on_c, 7, 76, 103
13, 624026, Note_on_c, 7, 64, 0
13, 624026, Note_on_c, 7, 76, 0
13, 624640, Note_on_c, 7, 69, 104
13, 625050, Note_on_c, 7, 69, 0
13, 625664, Note_on_c, 7, 62, 101
13, 625664, Note_on_c, 7, 69, 101
13, 625664, Note_on_c, 7, 78, 101
13, 626074, Note_on_c, 7, 62, 0
13, 626074, Note_on_c, 7, 69, 0
13, 626074, Note_on_c, 7, 78, 0
13, 626688, Note_on_c, 7, 62, 101
13, 626688, Note_on_c, 7, 69, 101
13, 626688, Note_on_c, 7, 78, 101
13, 627200, Note_on_c, 7, 62, 0
13, 627200, Note_on_c, 7, 69, 0
13, 627200, Note_on_c, 7, 78, 0
13, 628224, Note_on_c, 7, 62, 101
13, 628634, Note_on_c, 7, 62, 0
13, 628736, Note_on_c, 7, 74, 101
13, 629248, Note_on_c, 7, 74, 0
13, 630272, Note_on_c, 7, 62, 101
13, 630682, Note_on_c, 7, 62, 0
13, 630784, Note_on_c, 7, 69, 101
13, 630784, Note_on_c, 7, 81, 101
13, 631296, Note_on_c, 7, 69, 0
13, 631296, Note_on_c, 7, 81, 0
13, 632320, Note_on_c, 7, 57, 101
13, 632730, Note_on_c, 7, 57, 0
13, 632832, Note_on_c, 7, 69, 101
13, 633344, Note_on_c, 7, 69, 0
13, 634368, Note_on_c, 7, 57, 101
13, 634778, Note_on_c, 7, 57, 0
13, 634880, Note_on_c, 7, 57, 101
13, 634880, Note_on_c, 7, 66, 101
13, 634880, Note_on_c, 7, 74, 101
13, 635392, Note_on_c, 7, 57, 0
13, 635392, Note_on_c, 7, 66, 0
13, 635392, Note_on_c, 7, 74, 0
13, 637952, Note_on_c, 7, 62, 101
13, 637952, Note_on_c, 7, 69, 101
13, 637952, Note_on_c, 7, 78, 101
13, 638464, Note_on_c, 7, 62, 0
13, 638464, Note_on_c, 7, 69, 0
13, 638464, Note_on_c, 7, 78, 0
13, 638976, Note_on_c, 7, 57, 101
13, 638976, Note_on_c, 7, 64, 101
13, 638976, Note_on_c, 7, 69, 101
13, 638976, Note_on_c, 7, 76, 101
13, 639488, Note_on_c, 7, 57, 0
13, 639488, Note_on_c, 7, 64, 0
13, 639488, Note_on_c, 7, 69, 0
13, 639488, Note_on_c, 7, 76, 0
13, 641024, Note_on_c, 7, 57, 101
13, 641024, Note_on_c, 7, 66, 101
13, 641024, Note_on_c, 7, 74, 101
13, 641536, Note_on_c, 7, 57, 0
13, 641536, Note_on_c, 7, 66, 0
13, 641536, Note_on_c, 7, 74, 0
13, 643072, Note_on_c, 7, 57, 98
13, 643072, Note_on_c, 7, 64, 98
13, 643072, Note_on_c, 7, 69, 98
13, 643072, Note_on_c, 7, 76, 98
13, 643584, Note_on_c, 7, 57, 0
13, 643584, Note_on_c, 7, 64, 0
13, 643584, Note_on_c, 7, 69, 0
13, 643584, Note_on_c, 7, 76, 0
13, 644608, Note_on_c, 7, 57, 98
13, 645018, Note_on_c, 7, 57, 0
13, 645120, Note_on_c, 7, 69, 98
13, 645632, Note_on_c, 7, 69, 0
13, 646144, Note_on_c, 7, 57, 98
13, 646144, Note_on_c, 7, 66, 98
13, 646144, Note_on_c, 7, 74, 98
13, 646656, Note_on_c, 7, 57, 0
13, 646656, Note_on_c, 7, 66, 0
13, 646656, Note_on_c, 7, 74, 0
13, 647168, Note_on_c, 7, 57, 99
13, 647168, Note_on_c, 7, 64, 99
13, 647168, Note_on_c, 7, 69, 99
13, 647168, Note_on_c, 7, 76, 99
13, 647680, Note_on_c, 7, 57, 0
13, 647680, Note_on_c, 7, 64, 0
13, 647680, Note_on_c, 7, 69, 0
13, 647680, Note_on_c, 7, 76, 0
13, 648704, Note_on_c, 7, 57, 99
13, 649114, Note_on_c, 7, 57, 0
13, 649216, Note_on_c, 7, 69, 99
13, 649728, Note_on_c, 7, 69, 0
13, 650240, Note_on_c, 7, 57, 100
13, 650240, Note_on_c, 7, 66, 100
13, 650240, Note_on_c, 7, 74, 100
13, 650752, Note_on_c, 7, 57, 0
13, 650752, Note_on_c, 7, 66, 0
13, 650752, Note_on_c, 7, 74, 0
13, 651264, Note_on_c, 7, 73, 100
13, 651264, Note_on_c, 7, 76, 100
13, 651776, Note_on_c, 7, 73, 0
13, 651776, Note_on_c, 7, 76, 0
13, 652800, Note_on_c, 7, 57, 100
13, 653210, Note_on_c, 7, 57, 0
13, 653312, Note_on_c, 7, 73, 100
13, 653312, Note_on_c, 7, 78, 100
13, 653722, Note_on_c, 7, 73, 0
13, 653722, Note_on_c, 7, 78, 0
13, 654336, Note_on_c, 7, 73, 100
13, 654336, Note_on_c, 7, 76, 100
13, 654746, Note_on_c, 7, 73, 0
13, 654746, Note_on_c, 7, 76, 0
13, 655360, Note_on_c, 7, 62, 101
13, 655360, Note_on_c, 7, 74, 101
13, 655770, Note_on_c, 7, 62, 0
13, 655770, Note_on_c, 7, 74, 0
13, 656384, Note_on_c, 7, 64, 102
13, 656384, Note_on_c, 7, 76, 102
13, 656794, Note_on_c, 7, 64, 0
13, 656794, Note_on_c, 7, 76, 0
13, 657408, Note_on_c, 7, 69, 103
13, 657818, Note_on_c, 7, 69, 0
13, 658432, Note_on_c, 7, 62, 101
13, 658432, Note_on_c, 7, 69, 101
13, 658432, Note_on_c, 7, 78, 101
13, 658842, Note_on_c, 7, 62, 0
13, 658842, Note_on_c, 7, 69, 0
13, 658842, Note_on_c, 7, 78, 0
13, 659456, Note_on_c, 7, 62, 101
13, 659456, Note_on_c, 7, 69, 101
13, 659456, Note_on_c, 7, 78, 101
13, 659968, Note_on_c, 7, 62, 0
13, 659968, Note_on_c, 7, 69, 0
13, 659968, Note_on_c, 7, 78, 0
13, 660992, Note_on_c, 7, 62, 101
13, 661402, Note_on_c, 7, 62, 0
13, 661504, Note_on_c, 7, 74, 101
13, 662016, Note_on_c, 7, 74, 0
13, 663040, Note_on_c, 7, 62, 100
13, 663450, Note_on_c, 7, 62, 0
13, 663552, Note_on_c, 7, 69, 100
13, 663552, Note_on_c, 7, 81, 100
13, 664064, Note_on_c, 7, 69, 0
13, 664064, Note_on_c, 7, 81, 0
13, 665088, Note_on_c, 7, 57, 100
13, 665498, Note_on_c, 7, 57, 0
13, 665600, Note_on_c, 7, 69, 100
13, 666112, Note_on_c, 7, 69, 0
13, 667136, Note_on_c, 7, 57, 100
13, 667546, Note_on_c, 7, 57, 0
13, 667648, Note_on_c, 7, 57, 99
13, 667648, Note_on_c, 7, 66, 99
13, 667648, Note_on_c, 7, 74, 99
13, 668160, Note_on_c, 7, 57, 0
13, 668160, Note_on_c, 7, 66, 0
13, 668160, Note_on_c, 7, 74, 0
13, 670720, Note_on_c, 7, 62, 99
13, 670720, Note_on_c, 7, 69, 99
13, 670720, Note_on_c, 7, 78, 99
13, 671232, Note_on_c, 7, 62, 0
13, 671232, Note_on_c, 7, 69, 0
13, 671232, Note_on_c, 7, 78, 0
13, 671744, Note_on_c, 7, 57, 99
13, 671744, Note_on_c, 7, 64, 99
13, 671744, Note_on_c, 7, 69, 99
13, 671744, Note_on_c, 7, 76, 99
13, 672256, Note_on_c, 7, 57, 0
13, 672256, Note_on_c, 7, 64, 0
13, 672256, Note_on_c, 7, 69, 0
13, 672256, Note_on_c, 7, 76, 0
13, 673792, Note_on_c, 7, 57, 83
13, 673792, Note_on_c, 7, 66, 83
13, 673792, Note_on_c, 7, 74, 83
13, 674304, Note_on_c, 7, 57, 0
13, 674304, Note_on_c, 7, 66, 0
13, 674304, Note_on_c, 7, 74, 0
13, 674816, Note_on_c, 7, 81, 83
13, 675840, Note_on_c, 7, 81, 0
13, 675840, Note_on_c, 7, 79, 83
13, 677376, Note_on_c, 7, 79, 0
13, 677376, Note_on_c, 7, 78, 83
13, 677632, Note_on_c, 7, 78, 0
13, 677888, Note_on_c, 7, 78, 83
13, 678400, Note_on_c, 7, 78, 0
13, 678912, Note_on_c, 7, 86, 83
13, 679936, Note_on_c, 7, 86, 0
13, 679936, Note_on_c, 7, 84, 83
13, 681472, Note_on_c, 7, 84, 0
13, 681472, Note_on_c, 7, 83, 83
13, 681728, Note_on_c, 7, 83, 0
13, 681984, Note_on_c, 7, 83, 83
13, 682496, Note_on_c, 7, 83, 0
13, 683008, Note_on_c, 7, 86, 83
13, 683264, Note_on_c, 7, 86, 0
13, 683264, Note_on_c, 7, 83, 83
13, 683520, Note_on_c, 7, 83, 0
13, 684032, Note_on_c, 7, 81, 83
13, 684288, Note_on_c, 7, 81, 0
13, 684288, Note_on_c, 7, 79, 83
13, 684544, Note_on_c, 7, 79, 0
13, 685056, Note_on_c, 7, 83, 83
13, 685312, Note_on_c, 7, 83, 0
13, 685312, Note_on_c, 7, 76, 83
13, 685568, Note_on_c, 7, 76, 0
13, 686080, Note_on_c, 7, 79, 83
13, 686336, Note_on_c, 7, 79, 0
13, 686336, Note_on_c, 7, 73, 83
13, 686592, Note_on_c, 7, 73, 0
13, 687104, Note_on_c, 7, 76, 83
13, 687360, Note_on_c, 7, 76, 0
13, 687360, Note_on_c, 7, 67, 83
13, 687616, Note_on_c, 7, 67, 0
13, 688128, Note_on_c, 7, 67, 83
13, 688384, Note_on_c, 7, 67, 0
13, 688384, Note_on_c, 7, 66, 83
13, 688640, Note_on_c, 7, 66, 0
13, 689152, Note_on_c, 7, 74, 83
13, 689408, Note_on_c, 7, 74, 0
13, 689408, Note_on_c, 7, 69, 83
13, 689664, Note_on_c, 7, 69, 0
13, 690176, Note_on_c, 7, 81, 83
13, 690432, Note_on_c, 7, 81, 0
13, 690432, Note_on_c, 7, 78, 83
13, 690688, Note_on_c, 7, 78, 0
13, 691200, Note_on_c, 7, 86, 83
13, 691456, Note_on_c, 7, 86, 0
13, 691456, Note_on_c, 7, 81, 83
13, 691712, Note_on_c, 7, 81, 0
13, 692224, Note_on_c, 7, 81, 83
13, 692480, Note_on_c, 7, 81, 0
13, 692480, Note_on_c, 7, 79, 83
13, 692736, Note_on_c, 7, 79, 0
13, 693248, Note_on_c, 7, 83, 83
13, 693504, Note_on_c, 7, 83, 0
13, 693504, Note_on_c, 7, 76, 83
13, 693760, Note_on_c, 7, 76, 0
13, 694272, Note_on_c, 7, 79, 83
13, 694528, Note_on_c, 7, 79, 0
13, 694528, Note_on_c, 7, 73, 83
13, 694784, Note_on_c, 7, 73, 0
13, 695296, Note_on_c, 7, 76, 83
13, 695552, Note_on_c, 7, 76, 0
13, 695552, Note_on_c, 7, 67, 83
13, 695808, Note_on_c, 7, 67, 0
13, 696320, Note_on_c, 7, 76, 83
13, 696576, Note_on_c, 7, 76, 0
13, 696576, Note_on_c, 7, 73, 83
13, 696832, Note_on_c, 7, 73, 0
13, 697344, Note_on_c, 7, 76, 83
13, 697600, Note_on_c, 7, 76, 0
13, 697600, Note_on_c, 7, 66, 83
13, 697856, Note_on_c, 7, 66, 0
13, 698368, Note_on_c, 7, 74, 83
13, 698624, Note_on_c, 7, 74, 0
13, 698624, Note_on_c, 7, 71, 83
13, 698880, Note_on_c, 7, 71, 0
13, 699392, Note_on_c, 7, 74, 83
13, 699648, Note_on_c, 7, 74, 0
13, 699648, Note_on_c, 7, 66, 83
13, 699904, Note_on_c, 7, 66, 0
13, 700416, Note_on_c, 7, 78, 82
13, 700672, Note_on_c, 7, 78, 0
13, 700672, Note_on_c, 7, 75, 82
13, 700928, Note_on_c, 7, 75, 0
13, 701440, Note_on_c, 7, 78, 83
13, 701696, Note_on_c, 7, 78, 0
13, 701696, Note_on_c, 7, 69, 84
13, 701952, Note_on_c, 7, 69, 0
13, 702464, Note_on_c, 7, 77, 85
13, 702720, Note_on_c, 7, 77, 0
13, 702720, Note_on_c, 7, 73, 85
13, 702976, Note_on_c, 7, 73, 0
13, 703488, Note_on_c, 7, 77, 87
13, 703744, Note_on_c, 7, 77, 0
13, 703744, Note_on_c, 7, 68, 87
13, 704000, Note_on_c, 7, 68, 0
13, 704512, Note_on_c, 7, 79, 88
13, 704768, Note_on_c, 7, 79, 0
13, 704768, Note_on_c, 7, 76, 89
13, 705024, Note_on_c, 7, 76, 0
13, 705536, Note_on_c, 7, 79, 90
13, 705792, Note_on_c, 7, 79, 0
13, 705792, Note_on_c, 7, 70, 91
13, 706048, Note_on_c, 7, 70, 0
13, 706560, Note_on_c, 7, 78, 92
13, 706816, Note_on_c, 7, 78, 0
13, 706816, Note_on_c, 7, 71, 92
13, 707072, Note_on_c, 7, 71, 0
13, 707584, Note_on_c, 7, 83, 94
13, 707840, Note_on_c, 7, 83, 0
13, 707840, Note_on_c, 7, 78, 94
13, 708096, Note_on_c, 7, 78, 0
13, 708608, Note_on_c, 7, 83, 95
13, 708864, Note_on_c, 7, 83, 0
13, 708864, Note_on_c, 7, 80, 96
13, 709120, Note_on_c, 7, 80, 0
13, 709632, Note_on_c, 7, 85, 97
13, 709888, Note_on_c, 7, 85, 0
13, 709888, Note_on_c, 7, 80, 98
13, 710144, Note_on_c, 7, 80, 0
13, 710656, Note_on_c, 7, 85, 99
13, 710912, Note_on_c, 7, 85, 0
13, 710912, Note_on_c, 7, 81, 99
13, 711168, Note_on_c, 7, 81, 0
13, 711680, Note_on_c, 7, 86, 101
13, 711936, Note_on_c, 7, 86, 0
13, 711936, Note_on_c, 7, 81, 101
13, 712192, Note_on_c, 7, 81, 0
13, 712704, Note_on_c, 7, 86, 102
13, 712960, Note_on_c, 7, 86, 0
13, 712960, Note_on_c, 7, 83, 103
13, 713216, Note_on_c, 7, 83, 0
13, 713728, Note_on_c, 7, 86, 103
13, 713984, Note_on_c, 7, 86, 0
13, 713984, Note_on_c, 7, 83, 103
13, 714240, Note_on_c, 7, 83, 0
13, 714752, Note_on_c, 7, 86, 103
13, 715008, Note_on_c, 7, 86, 0
13, 715008, Note_on_c, 7, 83, 103
13, 715264, Note_on_c, 7, 83, 0
13, 715776, Note_on_c, 7, 86, 103
13, 716032, Note_on_c, 7, 86, 0
13, 716032, Note_on_c, 7, 83, 103
13, 716288, Note_on_c, 7, 83, 0
13, 716800, Note_on_c, 7, 88, 103
13, 717056, Note_on_c, 7, 88, 0
13, 717056, Note_on_c, 7, 83, 103
13, 717312, Note_on_c, 7, 83, 0
13, 717824, Note_on_c, 7, 88, 103
13, 718080, Note_on_c, 7, 88, 0
13, 718080, Note_on_c, 7, 83, 103
13, 718336, Note_on_c, 7, 83, 0
13, 718848, Note_on_c, 7, 88, 103
13, 719104, Note_on_c, 7, 88, 0
13, 719104, Note_on_c, 7, 83, 103
13, 719360, Note_on_c, 7, 83, 0
13, 719872, Note_on_c, 7, 88, 103
13, 720128, Note_on_c, 7, 88, 0
13, 720128, Note_on_c, 7, 83, 103
13, 720384, Note_on_c, 7, 83, 0
13, 720896, Note_on_c, 7, 88, 103
13, 721408, Note_on_c, 7, 88, 0
13, 721408, Note_on_c, 7, 86, 103
13, 721664, Note_on_c, 7, 86, 0
13, 721664, Note_on_c, 7, 85, 103
13, 721920, Note_on_c, 7, 85, 0
13, 721920, Note_on_c, 7, 83, 103
13, 722432, Note_on_c, 7, 83, 0
13, 722432, Note_on_c, 7, 81, 103
13, 722688, Note_on_c, 7, 81, 0
13, 722688, Note_on_c, 7, 79, 103
13, 722944, Note_on_c, 7, 79, 0
13, 722944, Note_on_c, 7, 78, 103
13, 723456, Note_on_c, 7, 78, 0
13, 723456, Note_on_c, 7, 79, 103
13, 723712, Note_on_c, 7, 79, 0
13, 723712, Note_on_c, 7, 81, 103
13, 723968, Note_on_c, 7, 81, 0
13, 723968, Note_on_c, 7, 83, 103
13, 724480, Note_on_c, 7, 83, 0
13, 724480, Note_on_c, 7, 85, 103
13, 724736, Note_on_c, 7, 85, 0
13, 724736, Note_on_c, 7, 86, 103
13, 724992, Note_on_c, 7, 86, 0
13, 724992, Note_on_c, 7, 76, 103
13, 725504, Note_on_c, 7, 76, 0
13, 725504, Note_on_c, 7, 78, 103
13, 725760, Note_on_c, 7, 78, 0
13, 725760, Note_on_c, 7, 80, 103
13, 726016, Note_on_c, 7, 80, 0
13, 726016, Note_on_c, 7, 81, 103
13, 726528, Note_on_c, 7, 81, 0
13, 726528, Note_on_c, 7, 83, 103
13, 726784, Note_on_c, 7, 83, 0
13, 726784, Note_on_c, 7, 85, 104
13, 727040, Note_on_c, 7, 85, 0
13, 727040, Note_on_c, 7, 86, 105
13, 727296, Note_on_c, 7, 86, 0
13, 727552, Note_on_c, 7, 87, 107
13, 727808, Note_on_c, 7, 87, 0
13, 728064, Note_on_c, 7, 88, 109
13, 728320, Note_on_c, 7, 88, 0
13, 728576, Note_on_c, 7, 80, 111
13, 728832, Note_on_c, 7, 80, 0
13, 729088, Note_on_c, 7, 81, 113
13, 730726, Note_on_c, 7, 81, 0
13, 731136, Note_on_c, 7, 76, 114
13, 731648, Note_on_c, 7, 76, 0
13, 732160, Note_on_c, 7, 76, 114
13, 732672, Note_on_c, 7, 76, 0
13, 733184, Note_on_c, 7, 69, 114
13, 733440, Note_on_c, 7, 69, 0
13, 733696, Note_on_c, 7, 69, 114
13, 733952, Note_on_c, 7, 69, 0
13, 733952, Note_on_c, 7, 71, 114
13, 734208, Note_on_c, 7, 71, 0
13, 734208, Note_on_c, 7, 73, 114
13, 734464, Note_on_c, 7, 73, 0
13, 734720, Note_on_c, 7, 73, 114
13, 734976, Note_on_c, 7, 73, 0
13, 734976, Note_on_c, 7, 74, 114
13, 735232, Note_on_c, 7, 74, 0
13, 735232, Note_on_c, 7, 76, 114
13, 735488, Note_on_c, 7, 76, 0
13, 735744, Note_on_c, 7, 76, 114
13, 736000, Note_on_c, 7, 76, 0
13, 736000, Note_on_c, 7, 78, 114
13, 736256, Note_on_c, 7, 78, 0
13, 736256, Note_on_c, 7, 80, 114
13, 736512, Note_on_c, 7, 80, 0
13, 736768, Note_on_c, 7, 76, 106
13, 736939, Note_on_c, 7, 76, 0
13, 736939, Note_on_c, 7, 78, 98
13, 737109, Note_on_c, 7, 78, 0
13, 737109, Note_on_c, 7, 80, 90
13, 737280, Note_on_c, 7, 80, 0
13, 737792, Note_on_c, 7, 76, 45
13, 738304, Note_on_c, 7, 76, 0
13, 738304, Note_on_c, 7, 73, 43
13, 738560, Note_on_c, 7, 73, 0
13, 738816, Note_on_c, 7, 69, 42
13, 739072, Note_on_c, 7, 69, 0
13, 739328, Note_on_c, 7, 71, 40
13, 739584, Note_on_c, 7, 71, 0
13, 739840, Note_on_c, 7, 73, 38
13, 740864, Note_on_c, 7, 73, 0
13, 740864, Note_on_c, 7, 71, 42
13, 741683, Note_on_c, 7, 71, 0
13, 741888, Note_on_c, 7, 78, 40
13, 742400, Note_on_c, 7, 78, 0
13, 742400, Note_on_c, 7, 74, 39
13, 742656, Note_on_c, 7, 74, 0
13, 742912, Note_on_c, 7, 71, 38
13, 743168, Note_on_c, 7, 71, 0
13, 743424, Note_on_c, 7, 73, 37
13, 743680, Note_on_c, 7, 73, 0
13, 743936, Note_on_c, 7, 74, 36
13, 744960, Note_on_c, 7, 74, 0
13, 744960, Note_on_c, 7, 73, 43
13, 745370, Note_on_c, 7, 73, 0
13, 745472, Note_on_c, 7, 70, 41
13, 746496, Note_on_c, 7, 70, 0
13, 746496, Note_on_c, 7, 66, 37
13, 746752, Note_on_c, 7, 66, 0
13, 747008, Note_on_c, 7, 63, 35
13, 747264, Note_on_c, 7, 63, 0
13, 747520, Note_on_c, 7, 65, 33
13, 747776, Note_on_c, 7, 65, 0
13, 748032, Note_on_c, 7, 66, 32
13, 749056, Note_on_c, 7, 66, 0
13, 749056, Note_on_c, 7, 65, 30
13, 749312, Note_on_c, 7, 65, 0
13, 749568, Note_on_c, 7, 64, 98
13, 749568, Note_on_c, 7, 76, 98
13, 750080, Note_on_c, 7, 64, 0
13, 750080, Note_on_c, 7, 76, 0
13, 750080, Note_on_c, 7, 88, 102
13, 750592, Note_on_c, 7, 88, 0
13, 750592, Note_on_c, 7, 85, 105
13, 750848, Note_on_c, 7, 85, 0
13, 751104, Note_on_c, 7, 81, 105
13, 751360, Note_on_c, 7, 81, 0
13, 751616, Note_on_c, 7, 83, 105
13, 751872, Note_on_c, 7, 83, 0
13, 752128, Note_on_c, 7, 85, 105
13, 753152, Note_on_c, 7, 85, 0
13, 753152, Note_on_c, 7, 83, 105
13, 753664, Note_on_c, 7, 83, 0
13, 755200, Note_on_c, 7, 64, 105
13, 755200, Note_on_c, 7, 74, 105
13, 755200, Note_on_c, 7, 83, 105
13, 755712, Note_on_c, 7, 64, 0
13, 755712, Note_on_c, 7, 74, 0
13, 755712, Note_on_c, 7, 83, 0
13, 757248, Note_on_c, 7, 64, 116
13, 757248, Note_on_c, 7, 73, 116
13, 757248, Note_on_c, 7, 81, 116
13, 757760, Note_on_c, 7, 64, 0
13, 757760, Note_on_c, 7, 73, 0
13, 757760, Note_on_c, 7, 81, 0
13, 760320, Note_on_c, 7, 70, 116
13, 760320, Note_on_c, 7, 82, 116
13, 762573, Note_on_c, 7, 70, 0
13, 762573, Note_on_c, 7, 82, 0
13, 762880, Note_on_c, 7, 69, 108
13, 762880, Note_on_c, 7, 81, 108
13, 763136, Note_on_c, 7, 69, 0
13, 763136, Note_on_c, 7, 81, 0
13, 763392, Note_on_c, 7, 69, 106
13, 763392, Note_on_c, 7, 81, 106
13, 763648, Note_on_c, 7, 69, 0
13, 763648, Note_on_c, 7, 81, 0
13, 763904, Note_on_c, 7, 86, 104
13, 764160, Note_on_c, 7, 86, 0
13, 764416, Note_on_c, 7, 86, 102
13, 764672, Note_on_c, 7, 86, 0
13, 764928, Note_on_c, 7, 77, 101
13, 765184, Note_on_c, 7, 77, 0
13, 765440, Note_on_c, 7, 77, 102
13, 765696, Note_on_c, 7, 77, 0
13, 765952, Note_on_c, 7, 81, 102
13, 766208, Note_on_c, 7, 81, 0
13, 766464, Note_on_c, 7, 81, 103
13, 766720, Note_on_c, 7, 81, 0
13, 766976, Note_on_c, 7, 74, 103
13, 767232, Note_on_c, 7, 74, 0
13, 767488, Note_on_c, 7, 74, 104
13, 767744, Note_on_c, 7, 74, 0
13, 768000, Note_on_c, 7, 77, 104
13, 768256, Note_on_c, 7, 77, 0
13, 768512, Note_on_c, 7, 77, 105
13, 768768, Note_on_c, 7, 77, 0
13, 769024, Note_on_c, 7, 69, 106
13, 769280, Note_on_c, 7, 69, 0
13, 769536, Note_on_c, 7, 69, 106
13, 769792, Note_on_c, 7, 69, 0
13, 770048, Note_on_c, 7, 74, 107
13, 770304, Note_on_c, 7, 74, 0
13, 770560, Note_on_c, 7, 74, 107
13, 770816, Note_on_c, 7, 74, 0
13, 771072, Note_on_c, 7, 65, 108
13, 771328, Note_on_c, 7, 65, 0
13, 771584, Note_on_c, 7, 65, 109
13, 771840, Note_on_c, 7, 65, 0
13, 772096, Note_on_c, 7, 69, 109
13, 772352, Note_on_c, 7, 69, 0
13, 772608, Note_on_c, 7, 69, 110
13, 772864, Note_on_c, 7, 69, 0
13, 773120, Note_on_c, 7, 62, 110
13, 773376, Note_on_c, 7, 62, 0
13, 773632, Note_on_c, 7, 62, 111
13, 773888, Note_on_c, 7, 62, 0
13, 774144, Note_on_c, 7, 77, 112
13, 774400, Note_on_c, 7, 77, 0
13, 774656, Note_on_c, 7, 77, 112
13, 774912, Note_on_c, 7, 77, 0
13, 775168, Note_on_c, 7, 78, 113
13, 775424, Note_on_c, 7, 78, 0
13, 775680, Note_on_c, 7, 78, 113
13, 775936, Note_on_c, 7, 78, 0
13, 776192, Note_on_c, 7, 79, 114
13, 776448, Note_on_c, 7, 79, 0
13, 776704, Note_on_c, 7, 79, 115
13, 776960, Note_on_c, 7, 79, 0
13, 777216, Note_on_c, 7, 80, 115
13, 777472, Note_on_c, 7, 80, 0
13, 777728, Note_on_c, 7, 80, 116
13, 777984, Note_on_c, 7, 80, 0
13, 778240, Note_on_c, 7, 74, 116
13, 778496, Note_on_c, 7, 74, 0
13, 778752, Note_on_c, 7, 74, 117
13, 779008, Note_on_c, 7, 74, 0
13, 779264, Note_on_c, 7, 77, 117
13, 779520, Note_on_c, 7, 77, 0
13, 779776, Note_on_c, 7, 77, 118
13, 780288, Note_on_c, 7, 77, 0
13, 780800, Note_on_c, 7, 69, 120
13, 780800, Note_on_c, 7, 81, 120
13, 781312, Note_on_c, 7, 69, 0
13, 781312, Note_on_c, 7, 81, 0
13, 800256, Note_on_c, 7, 65, 34
13, 801280, Note_on_c, 7, 65, 0
13, 801280, Note_on_c, 7, 66, 33
13, 803328, Note_on_c, 7, 66, 0
13, 803328, Note_on_c, 7, 67, 30
13, 804352, Note_on_c, 7, 67, 0
13, 804352, Note_on_c, 7, 68, 29
13, 806400, Note_on_c, 7, 68, 0
13, 806400, Note_on_c, 7, 74, 27
13, 823808, Note_on_c, 7, 74, 0
13, 825856, Note_on_c, 7, 73, 100
13, 825856, Note_on_c, 7, 76, 100
13, 826368, Note_on_c, 7, 73, 0
13, 826368, Note_on_c, 7, 76, 0
13, 826880, Note_on_c, 7, 69, 102
13, 826880, Note_on_c, 7, 81, 102
13, 827136, Note_on_c, 7, 69, 0
13, 827136, Note_on_c, 7, 81, 0
13, 827392, Note_on_c, 7, 69, 102
13, 827392, Note_on_c, 7, 81, 102
13, 827648, Note_on_c, 7, 69, 0
13, 827648, Note_on_c, 7, 81, 0
13, 827904, Note_on_c, 7, 69, 103
13, 827904, Note_on_c, 7, 86, 103
13, 828416, Note_on_c, 7, 69, 0
13, 828416, Note_on_c, 7, 86, 0
13, 840192, Note_on_c, 7, 62, 53
13, 840192, Note_on_c, 7, 71, 53
13, 840602, Note_on_c, 7, 62, 0
13, 840602, Note_on_c, 7, 71, 0
13, 841216, Note_on_c, 7, 71, 88
13, 841216, Note_on_c, 7, 83, 88
13, 841626, Note_on_c, 7, 71, 0
13, 841626, Note_on_c, 7, 83, 0
13, 847360, Note_on_c, 7, 69, 106
13, 847360, Note_on_c, 7, 85, 106
13, 847872, Note_on_c, 7, 69, 0
13, 847872, Note_on_c, 7, 85, 0
13, 848384, Program_c, 7, 45
13, 855040, Note_on_c, 7, 57, 48
13, 856064, Note_on_c, 7, 57, 0
13, 856064, Note_on_c, 7, 57, 45
13, 857088, Note_on_c, 7, 57, 0
13, 863232, Note_on_c, 7, 57, 49
13, 864256, Note_on_c, 7, 57, 0
13, 864256, Note_on_c, 7, 57, 43
13, 865280, Note_on_c, 7, 57, 0
13, 865280, Note_on_c, 7, 69, 37
13, 866304, Note_on_c, 7, 69, 0
13, 866304, Note_on_c, 7, 69, 34
13, 867328, Note_on_c, 7, 69, 0
13, 867328, Note_on_c, 7, 69, 34
13, 868352, Note_on_c, 7, 69, 0
13, 868352, Note_on_c, 7, 69, 34
13, 869376, Note_on_c, 7, 69, 0
13, 869376, Note_on_c, 7, 69, 34
13, 870400, Note_on_c, 7, 69, 0
13, 870400, Note_on_c, 7, 69, 34
13, 871424, Note_on_c, 7, 69, 0
13, 871424, Note_on_c, 7, 69, 34
13, 872448, Note_on_c, 7, 69, 0
13, 872448, Note_on_c, 7, 69, 34
13, 873472, Note_on_c, 7, 69, 0
13, 873472, Note_on_c, 7, 69, 34
13, 874496, Note_on_c, 7, 69, 0
13, 874496, Note_on_c, 7, 69, 34
13, 875520, Note_on_c, 7, 69, 0
13, 875520, Note_on_c, 7, 69, 34
13, 876544, Note_on_c, 7, 69, 0
13, 876544, Note_on_c, 7, 69, 34
13, 877568, Note_on_c, 7, 69, 0
13, 877568, Note_on_c, 7, 69, 34
13, 878592, Note_on_c, 7, 69, 0
13, 879616, Note_on_c, 7, 69, 34
13, 880640, Note_on_c, 7, 69, 0
13, 881664, Note_on_c, 7, 69, 34
13, 882688, Note_on_c, 7, 69, 0
13, 882688, Note_on_c, 7, 62, 34
13, 882688, Note_on_c, 7, 69, 34
13, 883712, Note_on_c, 7, 62, 0
13, 883712, Note_on_c, 7, 69, 0
13, 883712, Note_on_c, 7, 64, 34
13, 883712, Note_on_c, 7, 69, 34
13, 884736, Note_on_c, 7, 64, 0
13, 884736, Note_on_c, 7, 69, 0
13, 884736, Note_on_c, 7, 66, 34
13, 884736, Note_on_c, 7, 69, 34
13, 885760, Note_on_c, 7, 66, 0
13, 885760, Note_on_c, 7, 69, 0
13, 885760, Note_on_c, 7, 66, 34
13, 885760, Note_on_c, 7, 69, 34
13, 886784, Note_on_c, 7, 66, 0
13, 886784, Note_on_c, 7, 69, 0
13, 886784, Note_on_c, 7, 64, 34
13, 886784, Note_on_c, 7, 69, 34
13, 887808, Note_on_c, 7, 64, 0
13, 887808, Note_on_c, 7, 69, 0
13, 887808, Note_on_c, 7, 62, 34
13, 887808, Note_on_c, 7, 69, 34
13, 888832, Note_on_c, 7, 62, 0
13, 888832, Note_on_c, 7, 69, 0
13, 888832, Note_on_c, 7, 67, 34
13, 888832, Note_on_c, 7, 69, 34
13, 889856, Note_on_c, 7, 67, 0
13, 889856, Note_on_c, 7, 69, 0
13, 889856, Note_on_c, 7, 66, 34
13, 889856, Note_on_c, 7, 69, 34
13, 890880, Note_on_c, 7, 66, 0
13, 890880, Note_on_c, 7, 69, 0
13, 890880, Note_on_c, 7, 66, 34
13, 890880, Note_on_c, 7, 69, 34
13, 891904, Note_on_c, 7, 66, 0
13, 891904, Note_on_c, 7, 69, 0
13, 891904, Note_on_c, 7, 67, 34
13, 891904, Note_on_c, 7, 69, 34
13, 892928, Note_on_c, 7, 67, 0
13, 892928, Note_on_c, 7, 69, 0
13, 892928, Note_on_c, 7, 69, 34
13, 893952, Note_on_c, 7, 69, 0
13, 893952, Note_on_c, 7, 67, 34
13, 893952, Note_on_c, 7, 69, 34
13, 894976, Note_on_c, 7, 67, 0
13, 894976, Note_on_c, 7, 69, 0
13, 896000, Note_on_c, 7, 66, 34
13, 896000, Note_on_c, 7, 69, 34
13, 897024, Note_on_c, 7, 66, 0
13, 897024, Note_on_c, 7, 69, 0
13, 899072, Note_on_c, 7, 69, 35
13, 900096, Note_on_c, 7, 69, 0
13, 901120, Note_on_c, 7, 69, 37
13, 902144, Note_on_c, 7, 69, 0
13, 903168, Note_on_c, 7, 69, 38
13, 904192, Note_on_c, 7, 69, 0
13, 905216, Note_on_c, 7, 69, 40
13, 906240, Note_on_c, 7, 69, 0
13, 907264, Note_on_c, 7, 69, 41
13, 908288, Note_on_c, 7, 69, 0
13, 909312, Note_on_c, 7, 69, 43
13, 910336, Note_on_c, 7, 69, 0
13, 910336, Note_on_c, 7, 69, 43
13, 911360, Note_on_c, 7, 69, 0
13, 911360, Note_on_c, 7, 69, 44
13, 912384, Note_on_c, 7, 69, 0
13, 912384, Note_on_c, 7, 69, 45
13, 913408, Note_on_c, 7, 69, 0
13, 913408, Note_on_c, 7, 69, 46
13, 914432, Note_on_c, 7, 69, 0
13, 914432, Note_on_c, 7, 69, 47
13, 915456, Note_on_c, 7, 69, 0
13, 915456, Note_on_c, 7, 63, 47
13, 915456, Note_on_c, 7, 69, 47
13, 916480, Note_on_c, 7, 63, 0
13, 916480, Note_on_c, 7, 69, 0
13, 916480, Note_on_c, 7, 64, 48
13, 916480, Note_on_c, 7, 69, 48
13, 917504, Note_on_c, 7, 64, 0
13, 917504, Note_on_c, 7, 69, 0
13, 917504, Note_on_c, 7, 66, 49
13, 917504, Note_on_c, 7, 69, 49
13, 918528, Note_on_c, 7, 66, 0
13, 918528, Note_on_c, 7, 69, 0
13, 918528, Note_on_c, 7, 66, 50
13, 918528, Note_on_c, 7, 69, 50
13, 919552, Note_on_c, 7, 66, 0
13, 919552, Note_on_c, 7, 69, 0
13, 919552, Note_on_c, 7, 64, 50
13, 919552, Note_on_c, 7, 69, 50
13, 920576, Note_on_c, 7, 64, 0
13, 920576, Note_on_c, 7, 69, 0
13, 920576, Note_on_c, 7, 69, 51
13, 921600, Note_on_c, 7, 69, 0
13, 921600, Note_on_c, 7, 67, 46
13, 921600, Note_on_c, 7, 69, 46
13, 922624, Note_on_c, 7, 67, 0
13, 922624, Note_on_c, 7, 69, 0
13, 922624, Note_on_c, 7, 66, 41
13, 922624, Note_on_c, 7, 69, 41
13, 923648, Note_on_c, 7, 66, 0
13, 923648, Note_on_c, 7, 69, 0
13, 923648, Note_on_c, 7, 66, 41
13, 923648, Note_on_c, 7, 69, 41
13, 924672, Note_on_c, 7, 66, 0
13, 924672, Note_on_c, 7, 69, 0
13, 924672, Note_on_c, 7, 67, 41
13, 924672, Note_on_c, 7, 69, 41
13, 925696, Note_on_c, 7, 67, 0
13, 925696, Note_on_c, 7, 69, 0
13, 925696, Note_on_c, 7, 69, 41
13, 926720, Note_on_c, 7, 69, 0
13, 926720, Note_on_c, 7, 69, 41
13, 927744, Note_on_c, 7, 69, 0
13, 928768, Note_on_c, 7, 69, 47
13, 929792, Note_on_c, 7, 69, 0
13, 929987, Program_c, 7, 48
13, 930816, Note_on_c, 7, 64, 96
13, 931840, Note_on_c, 7, 64, 0
13, 931840, Note_on_c, 7, 64, 96
13, 932864, Note_on_c, 7, 64, 0
13, 932864, Note_on_c, 7, 66, 96
13, 933888, Note_on_c, 7, 66, 0
13, 933888, Note_on_c, 7, 62, 96
13, 934912, Note_on_c, 7, 62, 0
13, 934912, Note_on_c, 7, 64, 96
13, 935936, Note_on_c, 7, 64, 0
13, 935936, Note_on_c, 7, 66, 96
13, 936448, Note_on_c, 7, 66, 0
13, 936448, Note_on_c, 7, 67, 96
13, 936960, Note_on_c, 7, 67, 0
13, 936960, Note_on_c, 7, 66, 96
13, 937984, Note_on_c, 7, 66, 0
13, 937984, Note_on_c, 7, 62, 96
13, 939008, Note_on_c, 7, 62, 0
13, 939008, Note_on_c, 7, 64, 96
13, 940032, Note_on_c, 7, 64, 0
13, 940032, Note_on_c, 7, 66, 96
13, 940544, Note_on_c, 7, 66, 0
13, 940544, Note_on_c, 7, 67, 96
13, 941056, Note_on_c, 7, 67, 0
13, 941056, Note_on_c, 7, 66, 96
13, 942080, Note_on_c, 7, 66, 0
13, 942080, Note_on_c, 7, 64, 96
13, 943104, Note_on_c, 7, 64, 0
13, 943104, Note_on_c, 7, 62, 96
13, 944128, Note_on_c, 7, 62, 0
13, 944128, Note_on_c, 7, 64, 98
13, 945152, Note_on_c, 7, 64, 0
13, 945152, Note_on_c, 7, 57, 101
13, 945971, Note_on_c, 7, 57, 0
13, 946176, Note_on_c, 7, 66, 103
13, 948224, Note_on_c, 7, 66, 0
13, 948224, Note_on_c, 7, 66, 102
13, 949248, Note_on_c, 7, 66, 0
13, 949248, Note_on_c, 7, 67, 100
13, 950272, Note_on_c, 7, 67, 0
13, 950272, Note_on_c, 7, 69, 98
13, 951296, Note_on_c, 7, 69, 0
13, 951296, Note_on_c, 7, 69, 96
13, 952320, Note_on_c, 7, 69, 0
13, 952320, Note_on_c, 7, 67, 96
13, 953344, Note_on_c, 7, 67, 0
13, 953344, Note_on_c, 7, 66, 96
13, 954368, Note_on_c, 7, 66, 0
13, 954368, Note_on_c, 7, 67, 96
13, 954880, Note_on_c, 7, 67, 0
13, 954880, Note_on_c, 7, 64, 96
13, 955392, Note_on_c, 7, 64, 0
13, 955392, Note_on_c, 7, 62, 96
13, 956416, Note_on_c, 7, 62, 0
13, 956416, Note_on_c, 7, 62, 96
13, 957440, Note_on_c, 7, 62, 0
13, 957440, Note_on_c, 7, 64, 95
13, 958464, Note_on_c, 7, 64, 0
13, 958464, Note_on_c, 7, 66, 95
13, 959488, Note_on_c, 7, 66, 0
13, 959488, Note_on_c, 7, 64, 95
13, 961024, Note_on_c, 7, 64, 0
13, 961024, Note_on_c, 7, 62, 95
13, 961434, Note_on_c, 7, 62, 0
13, 961536, Note_on_c, 7, 62, 95
13, 962355, Note_on_c, 7, 62, 0
13, 962560, Note_on_c, 7, 69, 94
13, 963584, Note_on_c, 7, 69, 0
13, 963584, Note_on_c, 7, 67, 94
13, 965120, Note_on_c, 7, 67, 0
13, 965120, Note_on_c, 7, 66, 94
13, 965530, Note_on_c, 7, 66, 0
13, 965632, Note_on_c, 7, 66, 94
13, 966451, Note_on_c, 7, 66, 0
13, 966656, Note_on_c, 7, 74, 94
13, 967680, Note_on_c, 7, 74, 0
13, 967680, Note_on_c, 7, 72, 98
13, 969216, Note_on_c, 7, 72, 0
13, 969216, Note_on_c, 7, 71, 95
13, 969626, Note_on_c, 7, 71, 0
13, 969728, Note_on_c, 7, 71, 94
13, 970547, Note_on_c, 7, 71, 0
13, 970752, Note_on_c, 7, 79, 94
13, 971264, Note_on_c, 7, 79, 0
13, 971264, Note_on_c, 7, 76, 97
13, 971776, Note_on_c, 7, 76, 0
13, 971776, Note_on_c, 7, 74, 101
13, 972288, Note_on_c, 7, 74, 0
13, 972288, Note_on_c, 7, 73, 103
13, 972800, Note_on_c, 7, 73, 0
13, 972800, Note_on_c, 7, 76, 101
13, 973312, Note_on_c, 7, 76, 0
13, 973312, Note_on_c, 7, 73, 99
13, 973824, Note_on_c, 7, 73, 0
13, 973824, Note_on_c, 7, 71, 97
13, 974336, Note_on_c, 7, 71, 0
13, 974336, Note_on_c, 7, 69, 96
13, 974848, Note_on_c, 7, 69, 0
13, 974848, Note_on_c, 7, 71, 97
13, 975360, Note_on_c, 7, 71, 0
13, 975360, Note_on_c, 7, 73, 99
13, 975872, Note_on_c, 7, 73, 0
13, 975872, Note_on_c, 7, 74, 101
13, 976384, Note_on_c, 7, 74, 0
13, 976384, Note_on_c, 7, 78, 102
13, 976896, Note_on_c, 7, 78, 0
13, 976896, Note_on_c, 7, 76, 98
13, 977408, Note_on_c, 7, 76, 0
13, 977408, Note_on_c, 7, 73, 94
13, 977920, Note_on_c, 7, 73, 0
13, 977920, Note_on_c, 7, 74, 90
13, 978432, Note_on_c, 7, 74, 0
13, 1047552, Note_on_c, 7, 69, 93
13, 1047926, Note_on_c, 7, 69, 0
13, 1048064, Note_on_c, 7, 69, 93
13, 1048576, Note_on_c, 7, 69, 0
13, 1048576, Note_on_c, 7, 78, 93
13, 1048950, Note_on_c, 7, 78, 0
13, 1049088, Note_on_c, 7, 74, 93
13, 1049600, Note_on_c, 7, 74, 0
13, 1049600, Note_on_c, 7, 79, 93
13, 1050348, Note_on_c, 7, 79, 0
13, 1051648, Note_on_c, 7, 69, 93
13, 1052022, Note_on_c, 7, 69, 0
13, 1052160, Note_on_c, 7, 69, 94
13, 1052672, Note_on_c, 7, 69, 0
13, 1052672, Note_on_c, 7, 76, 94
13, 1053046, Note_on_c, 7, 76, 0
13, 1053184, Note_on_c, 7, 78, 94
13, 1053696, Note_on_c, 7, 78, 0
13, 1053696, Note_on_c, 7, 79, 94
13, 1054444, Note_on_c, 7, 79, 0
13, 1055232, Note_on_c, 7, 73, 94
13, 1055744, Note_on_c, 7, 73, 0
13, 1055744, Note_on_c, 7, 78, 94
13, 1056492, Note_on_c, 7, 78, 0
13, 1057280, Note_on_c, 7, 66, 94
13, 1057792, Note_on_c, 7, 66, 0
13, 1057792, Note_on_c, 7, 74, 94
13, 1058540, Note_on_c, 7, 74, 0
13, 1059328, Note_on_c, 7, 76, 98
13, 1059840, Note_on_c, 7, 76, 0
13, 1059840, Note_on_c, 7, 69, 100
13, 1060214, Note_on_c, 7, 69, 0
13, 1060352, Note_on_c, 7, 69, 101
13, 1060864, Note_on_c, 7, 69, 0
13, 1060864, Note_on_c, 7, 78, 103
13, 1061238, Note_on_c, 7, 78, 0
13, 1062400, Note_on_c, 7, 69, 105
13, 1062912, Note_on_c, 7, 69, 0
13, 1062912, Note_on_c, 7, 78, 106
13, 1063660, Note_on_c, 7, 78, 0
13, 1064448, Note_on_c, 7, 69, 109
13, 1064960, Note_on_c, 7, 69, 0
13, 1064960, Note_on_c, 7, 81, 107
13, 1065708, Note_on_c, 7, 81, 0
13, 1066496, Note_on_c, 7, 69, 99
13, 1067008, Note_on_c, 7, 69, 0
13, 1067008, Note_on_c, 7, 79, 91
13, 1067756, Note_on_c, 7, 79, 0
13, 1068544, Note_on_c, 7, 69, 69
13, 1069056, Note_on_c, 7, 69, 0
13, 1069056, Note_on_c, 7, 76, 61
13, 1069804, Note_on_c, 7, 76, 0
13, 1070592, Note_on_c, 7, 69, 42
13, 1071104, Note_on_c, 7, 69, 0
13, 1071104, Note_on_c, 7, 74, 42
13, 1071576, Note_on_c, 7, 74, 0
13, 1072640, Note_on_c, 7, 69, 40
13, 1073152, Note_on_c, 7, 69, 0
13, 1073152, Note_on_c, 7, 78, 40
13, 1073900, Note_on_c, 7, 78, 0
13, 1074688, Note_on_c, 7, 69, 38
13, 1075200, Note_on_c, 7, 69, 0
13, 1075200, Note_on_c, 7, 76, 38
13, 1075712, Note_on_c, 7, 76, 0
13, 1076736, Note_on_c, 7, 69, 37
13, 1077248, Note_on_c, 7, 69, 0
13, 1077248, Note_on_c, 7, 74, 41
13, 1077760, Note_on_c, 7, 74, 0
13, 1078784, Note_on_c, 7, 69, 49
13, 1079296, Note_on_c, 7, 69, 0
13, 1079296, Note_on_c, 7, 81, 47
13, 1079670, Note_on_c, 7, 81, 0
13, 1080832, Note_on_c, 7, 74, 40
13, 1081344, Note_on_c, 7, 74, 0
13, 1081344, Note_on_c, 7, 86, 41
13, 1081718, Note_on_c, 7, 86, 0
13, 1082880, Note_on_c, 7, 72, 52
13, 1083392, Note_on_c, 7, 72, 0
13, 1083392, Note_on_c, 7, 84, 50
13, 1083766, Note_on_c, 7, 84, 0
13, 1084928, Note_on_c, 7, 71, 43
13, 1085440, Note_on_c, 7, 71, 0
13, 1085440, Note_on_c, 7, 83, 41
13, 1085814, Note_on_c, 7, 83, 0
13, 1086976, Note_on_c, 7, 73, 44
13, 1086976, Note_on_c, 7, 76, 44
13, 1087488, Note_on_c, 7, 73, 0
13, 1087488, Note_on_c, 7, 76, 0
13, 1087488, Note_on_c, 7, 79, 46
13, 1087862, Note_on_c, 7, 79, 0
13, 1089024, Note_on_c, 7, 67, 45
13, 1089536, Note_on_c, 7, 67, 0
13, 1089536, Note_on_c, 7, 79, 44
13, 1089910, Note_on_c, 7, 79, 0
13, 1090560, Note_on_c, 7, 78, 42
13, 1090970, Note_on_c, 7, 78, 0
13, 1091584, Note_on_c, 7, 69, 40
13, 1091584, Note_on_c, 7, 85, 40
13, 1091994, Note_on_c, 7, 69, 0
13, 1091994, Note_on_c, 7, 85, 0
13, 1092608, Note_on_c, 7, 62, 38
13, 1092608, Note_on_c, 7, 69, 38
13, 1092608, Note_on_c, 7, 86, 38
13, 1093018, Note_on_c, 7, 62, 0
13, 1093018, Note_on_c, 7, 69, 0
13, 1093018, Note_on_c, 7, 86, 0
13, 1120256, Note_on_c, 7, 66, 36
13, 1120402, Note_on_c, 7, 66, 0
13, 1120402, Note_on_c, 7, 67, 35
13, 1120549, Note_on_c, 7, 67, 0
13, 1120549, Note_on_c, 7, 66, 35
13, 1120695, Note_on_c, 7, 66, 0
13, 1120695, Note_on_c, 7, 67, 35
13, 1120841, Note_on_c, 7, 67, 0
13, 1120841, Note_on_c, 7, 66, 35
13, 1120987, Note_on_c, 7, 66, 0
13, 1120987, Note_on_c, 7, 64, 35
13, 1121134, Note_on_c, 7, 64, 0
13, 1121134, Note_on_c, 7, 66, 35
13, 1121280, Note_on_c, 7, 66, 0
13, 1122304, Note_on_c, 7, 74, 35
13, 1122450, Note_on_c, 7, 74, 0
13, 1122450, Note_on_c, 7, 76, 35
13, 1122597, Note_on_c, 7, 76, 0
13, 1122597, Note_on_c, 7, 74, 35
13, 1122743, Note_on_c, 7, 74, 0
13, 1122743, Note_on_c, 7, 76, 35
13, 1122889, Note_on_c, 7, 76, 0
13, 1122889, Note_on_c, 7, 74, 35
13, 1123035, Note_on_c, 7, 74, 0
13, 1123035, Note_on_c, 7, 73, 35
13, 1123182, Note_on_c, 7, 73, 0
13, 1123182, Note_on_c, 7, 74, 35
13, 1123328, Note_on_c, 7, 74, 0
13, 1124352, Note_on_c, 7, 76, 35
13, 1124498, Note_on_c, 7, 76, 0
13, 1124498, Note_on_c, 7, 78, 35
13, 1124645, Note_on_c, 7, 78, 0
13, 1124645, Note_on_c, 7, 76, 35
13, 1124791, Note_on_c, 7, 76, 0
13, 1124791, Note_on_c, 7, 78, 35
13, 1124937, Note_on_c, 7, 78, 0
13, 1124937, Note_on_c, 7, 76, 35
13, 1125083, Note_on_c, 7, 76, 0
13, 1125083, Note_on_c, 7, 74, 35
13, 1125230, Note_on_c, 7, 74, 0
13, 1125230, Note_on_c, 7, 76, 35
13, 1125376, Note_on_c, 7, 76, 0
13, 1126400, Note_on_c, 7, 78, 35
13, 1126546, Note_on_c, 7, 78, 0
13, 1126546, Note_on_c, 7, 79, 35
13, 1126693, Note_on_c, 7, 79, 0
13, 1126693, Note_on_c, 7, 78, 35
13, 1126839, Note_on_c, 7, 78, 0
13, 1126839, Note_on_c, 7, 79, 35
13, 1126985, Note_on_c, 7, 79, 0
13, 1126985, Note_on_c, 7, 78, 35
13, 1127131, Note_on_c, 7, 78, 0
13, 1127131, Note_on_c, 7, 76, 35
13, 1127278, Note_on_c, 7, 76, 0
13, 1127278, Note_on_c, 7, 78, 35
13, 1127424, Note_on_c, 7, 78, 0
13, 1132544, Note_on_c, 7, 81, 35
13, 1132690, Note_on_c, 7, 81, 0
13, 1132690, Note_on_c, 7, 83, 35
13, 1132837, Note_on_c, 7, 83, 0
13, 1132837, Note_on_c, 7, 81, 35
13, 1132983, Note_on_c, 7, 81, 0
13, 1132983, Note_on_c, 7, 83, 35
13, 1133129, Note_on_c, 7, 83, 0
13, 1133129, Note_on_c, 7, 81, 35
13, 1133275, Note_on_c, 7, 81, 0
13, 1133275, Note_on_c, 7, 80, 35
13, 1133422, Note_on_c, 7, 80, 0
13, 1133422, Note_on_c, 7, 81, 35
13, 1133568, Note_on_c, 7, 81, 0
13, 1134592, Note_on_c, 7, 81, 35
13, 1134738, Note_on_c, 7, 81, 0
13, 1134738, Note_on_c, 7, 83, 35
13, 1134885, Note_on_c, 7, 83, 0
13, 1134885, Note_on_c, 7, 81, 35
13, 1135031, Note_on_c, 7, 81, 0
13, 1135031, Note_on_c, 7, 83, 35
13, 1135177, Note_on_c, 7, 83, 0
13, 1135177, Note_on_c, 7, 81, 35
13, 1135323, Note_on_c, 7, 81, 0
13, 1135323, Note_on_c, 7, 80, 35
13, 1135470, Note_on_c, 7, 80, 0
13, 1135470, Note_on_c, 7, 81, 35
13, 1135616, Note_on_c, 7, 81, 0
13, 1138688, Note_on_c, 7, 78, 35
13, 1138834, Note_on_c, 7, 78, 0
13, 1138834, Note_on_c, 7, 79, 35
13, 1138981, Note_on_c, 7, 79, 0
13, 1138981, Note_on_c, 7, 78, 35
13, 1139127, Note_on_c, 7, 78, 0
13, 1139127, Note_on_c, 7, 79, 35
13, 1139273, Note_on_c, 7, 79, 0
13, 1139273, Note_on_c, 7, 78, 35
13, 1139419, Note_on_c, 7, 78, 0
13, 1139419, Note_on_c, 7, 76, 35
13, 1139566, Note_on_c, 7, 76, 0
13, 1139566, Note_on_c, 7, 78, 35
13, 1139712, Note_on_c, 7, 78, 0
13, 1140736, Note_on_c, 7, 76, 36
13, 1140882, Note_on_c, 7, 76, 0
13, 1140882, Note_on_c, 7, 78, 36
13, 1141029, Note_on_c, 7, 78, 0
13, 1141029, Note_on_c, 7, 76, 36
13, 1141175, Note_on_c, 7, 76, 0
13, 1141175, Note_on_c, 7, 78, 36
13, 1141321, Note_on_c, 7, 78, 0
13, 1141321, Note_on_c, 7, 76, 36
13, 1141467, Note_on_c, 7, 76, 0
13, 1141467, Note_on_c, 7, 75, 36
13, 1141614, Note_on_c, 7, 75, 0
13, 1141614, Note_on_c, 7, 76, 36
13, 1141760, Note_on_c, 7, 76, 0
13, 1142784, Note_on_c, 7, 81, 36
13, 1142930, Note_on_c, 7, 81, 0
13, 1142930, Note_on_c, 7, 83, 36
13, 1143077, Note_on_c, 7, 83, 0
13, 1143077, Note_on_c, 7, 81, 36
13, 1143223, Note_on_c, 7, 81, 0
13, 1143223, Note_on_c, 7, 83, 36
13, 1143369, Note_on_c, 7, 83, 0
13, 1143369, Note_on_c, 7, 81, 36
13, 1143515, Note_on_c, 7, 81, 0
13, 1143515, Note_on_c, 7, 80, 36
13, 1143662, Note_on_c, 7, 80, 0
13, 1143662, Note_on_c, 7, 81, 37
13, 1143808, Note_on_c, 7, 81, 0
13, 1144832, Note_on_c, 7, 81, 42
13, 1144978, Note_on_c, 7, 81, 0
13, 1144978, Note_on_c, 7, 83, 42
13, 1145125, Note_on_c, 7, 83, 0
13, 1145125, Note_on_c, 7, 81, 43
13, 1145271, Note_on_c, 7, 81, 0
13, 1145271, Note_on_c, 7, 83, 44
13, 1145417, Note_on_c, 7, 83, 0
13, 1145417, Note_on_c, 7, 81, 44
13, 1145563, Note_on_c, 7, 81, 0
13, 1145563, Note_on_c, 7, 80, 45
13, 1145710, Note_on_c, 7, 80, 0
13, 1145710, Note_on_c, 7, 81, 45
13, 1145856, Note_on_c, 7, 81, 0
13, 1146880, Note_on_c, 7, 81, 50
13, 1147026, Note_on_c, 7, 81, 0
13, 1147026, Note_on_c, 7, 83, 51
13, 1147173, Note_on_c, 7, 83, 0
13, 1147173, Note_on_c, 7, 81, 52
13, 1147319, Note_on_c, 7, 81, 0
13, 1147319, Note_on_c, 7, 83, 52
13, 1147465, Note_on_c, 7, 83, 0
13, 1147465, Note_on_c, 7, 81, 53
13, 1147611, Note_on_c, 7, 81, 0
13, 1147611, Note_on_c, 7, 80, 53
13, 1147758, Note_on_c, 7, 80, 0
13, 1147758, Note_on_c, 7, 81, 54
13, 1147904, Note_on_c, 7, 81, 0
13, 1148928, Note_on_c, 7, 83, 59
13, 1149074, Note_on_c, 7, 83, 0
13, 1149074, Note_on_c, 7, 84, 60
13, 1149221, Note_on_c, 7, 84, 0
13, 1149221, Note_on_c, 7, 83, 60
13, 1149367, Note_on_c, 7, 83, 0
13, 1149367, Note_on_c, 7, 84, 61
13, 1149513, Note_on_c, 7, 84, 0
13, 1149513, Note_on_c, 7, 83, 61
13, 1149659, Note_on_c, 7, 83, 0
13, 1149659, Note_on_c, 7, 81, 62
13, 1149806, Note_on_c, 7, 81, 0
13, 1149806, Note_on_c, 7, 83, 63
13, 1149952, Note_on_c, 7, 83, 0
13, 1150976, Note_on_c, 7, 85, 67
13, 1151122, Note_on_c, 7, 85, 0
13, 1151122, Note_on_c, 7, 86, 68
13, 1151269, Note_on_c, 7, 86, 0
13, 1151269, Note_on_c, 7, 85, 69
13, 1151415, Note_on_c, 7, 85, 0
13, 1151415, Note_on_c, 7, 86, 69
13, 1151561, Note_on_c, 7, 86, 0
13, 1151561, Note_on_c, 7, 85, 70
13, 1151707, Note_on_c, 7, 85, 0
13, 1151707, Note_on_c, 7, 83, 71
13, 1151854, Note_on_c, 7, 83, 0
13, 1151854, Note_on_c, 7, 85, 71
13, 1152000, Note_on_c, 7, 85, 0
13, 1153024, Note_on_c, 7, 78, 76
13, 1153170, Note_on_c, 7, 78, 0
13, 1153170, Note_on_c, 7, 79, 77
13, 1153317, Note_on_c, 7, 79, 0
13, 1153317, Note_on_c, 7, 78, 77
13, 1153463, Note_on_c, 7, 78, 0
13, 1153463, Note_on_c, 7, 79, 78
13, 1153609, Note_on_c, 7, 79, 0
13, 1153609, Note_on_c, 7, 78, 79
13, 1153755, Note_on_c, 7, 78, 0
13, 1153755, Note_on_c, 7, 76, 80
13, 1153902, Note_on_c, 7, 76, 0
13, 1153902, Note_on_c, 7, 78, 81
13, 1154048, Note_on_c, 7, 78, 0
13, 1154048, Note_on_c, 7, 78, 81
13, 1154796, Note_on_c, 7, 78, 0
13, 1155584, Note_on_c, 7, 78, 87
13, 1155958, Note_on_c, 7, 78, 0
13, 1156096, Note_on_c, 7, 76, 87
13, 1156844, Note_on_c, 7, 76, 0
13, 1157632, Note_on_c, 7, 69, 87
13, 1158006, Note_on_c, 7, 69, 0
13, 1158144, Note_on_c, 7, 74, 87
13, 1158892, Note_on_c, 7, 74, 0
13, 1161216, Note_on_c, 7, 76, 89
13, 1161362, Note_on_c, 7, 76, 0
13, 1161362, Note_on_c, 7, 78, 89
13, 1161509, Note_on_c, 7, 78, 0
13, 1161509, Note_on_c, 7, 76, 89
13, 1161655, Note_on_c, 7, 76, 0
13, 1161655, Note_on_c, 7, 78, 89
13, 1161801, Note_on_c, 7, 78, 0
13, 1161801, Note_on_c, 7, 76, 89
13, 1161947, Note_on_c, 7, 76, 0
13, 1161947, Note_on_c, 7, 74, 89
13, 1162094, Note_on_c, 7, 74, 0
13, 1162094, Note_on_c, 7, 76, 89
13, 1162240, Note_on_c, 7, 76, 0
13, 1163264, Note_on_c, 7, 78, 90
13, 1163410, Note_on_c, 7, 78, 0
13, 1163410, Note_on_c, 7, 79, 90
13, 1163557, Note_on_c, 7, 79, 0
13, 1163557, Note_on_c, 7, 78, 90
13, 1163703, Note_on_c, 7, 78, 0
13, 1163703, Note_on_c, 7, 79, 90
13, 1163849, Note_on_c, 7, 79, 0
13, 1163849, Note_on_c, 7, 78, 90
13, 1163995, Note_on_c, 7, 78, 0
13, 1163995, Note_on_c, 7, 76, 90
13, 1164142, Note_on_c, 7, 76, 0
13, 1164142, Note_on_c, 7, 78, 90
13, 1164288, Note_on_c, 7, 78, 0
13, 1165312, Note_on_c, 7, 76, 91
13, 1165458, Note_on_c, 7, 76, 0
13, 1165458, Note_on_c, 7, 78, 91
13, 1165605, Note_on_c, 7, 78, 0
13, 1165605, Note_on_c, 7, 76, 91
13, 1165751, Note_on_c, 7, 76, 0
13, 1165751, Note_on_c, 7, 78, 91
13, 1165897, Note_on_c, 7, 78, 0
13, 1165897, Note_on_c, 7, 76, 91
13, 1166043, Note_on_c, 7, 76, 0
13, 1166043, Note_on_c, 7, 74, 91
13, 1166190, Note_on_c, 7, 74, 0
13, 1166190, Note_on_c, 7, 76, 91
13, 1166336, Note_on_c, 7, 76, 0
13, 1167360, Note_on_c, 7, 78, 91
13, 1167506, Note_on_c, 7, 78, 0
13, 1167506, Note_on_c, 7, 79, 91
13, 1167653, Note_on_c, 7, 79, 0
13, 1167653, Note_on_c, 7, 78, 91
13, 1167799, Note_on_c, 7, 78, 0
13, 1167799, Note_on_c, 7, 79, 91
13, 1167945, Note_on_c, 7, 79, 0
13, 1167945, Note_on_c, 7, 78, 91
13, 1168091, Note_on_c, 7, 78, 0
13, 1168091, Note_on_c, 7, 76, 91
13, 1168238, Note_on_c, 7, 76, 0
13, 1168238, Note_on_c, 7, 78, 91
13, 1168384, Note_on_c, 7, 78, 0
13, 1169408, Note_on_c, 7, 76, 92
13, 1169554, Note_on_c, 7, 76, 0
13, 1169554, Note_on_c, 7, 78, 93
13, 1169701, Note_on_c, 7, 78, 0
13, 1169701, Note_on_c, 7, 76, 93
13, 1169847, Note_on_c, 7, 76, 0
13, 1169847, Note_on_c, 7, 78, 93
13, 1169993, Note_on_c, 7, 78, 0
13, 1169993, Note_on_c, 7, 76, 93
13, 1170139, Note_on_c, 7, 76, 0
13, 1170139, Note_on_c, 7, 74, 93
13, 1170286, Note_on_c, 7, 74, 0
13, 1170286, Note_on_c, 7, 76, 93
13, 1170432, Note_on_c, 7, 76, 0
13, 1171456, Note_on_c, 7, 78, 95
13, 1171602, Note_on_c, 7, 78, 0
13, 1171602, Note_on_c, 7, 79, 95
13, 1171749, Note_on_c, 7, 79, 0
13, 1171749, Note_on_c, 7, 78, 95
13, 1171895, Note_on_c, 7, 78, 0
13, 1171895, Note_on_c, 7, 79, 95
13, 1172041, Note_on_c, 7, 79, 0
13, 1172041, Note_on_c, 7, 78, 95
13, 1172187, Note_on_c, 7, 78, 0
13, 1172187, Note_on_c, 7, 76, 95
13, 1172334, Note_on_c, 7, 76, 0
13, 1172334, Note_on_c, 7, 78, 96
13, 1172480, Note_on_c, 7, 78, 0
13, 1173504, Note_on_c, 7, 86, 97
13, 1173650, Note_on_c, 7, 86, 0
13, 1173650, Note_on_c, 7, 88, 97
13, 1173797, Note_on_c, 7, 88, 0
13, 1173797, Note_on_c, 7, 86, 97
13, 1173943, Note_on_c, 7, 86, 0
13, 1173943, Note_on_c, 7, 88, 97
13, 1174089, Note_on_c, 7, 88, 0
13, 1174089, Note_on_c, 7, 86, 97
13, 1174235, Note_on_c, 7, 86, 0
13, 1174235, Note_on_c, 7, 85, 98
13, 1174382, Note_on_c, 7, 85, 0
13, 1174382, Note_on_c, 7, 86, 98
13, 1174528, Note_on_c, 7, 86, 0
13, 1175552, Note_on_c, 7, 81, 99
13, 1175698, Note_on_c, 7, 81, 0
13, 1175698, Note_on_c, 7, 83, 99
13, 1175845, Note_on_c, 7, 83, 0
13, 1175845, Note_on_c, 7, 81, 99
13, 1175991, Note_on_c, 7, 81, 0
13, 1175991, Note_on_c, 7, 83, 99
13, 1176137, Note_on_c, 7, 83, 0
13, 1176137, Note_on_c, 7, 81, 99
13, 1176283, Note_on_c, 7, 81, 0
13, 1176283, Note_on_c, 7, 80, 99
13, 1176430, Note_on_c, 7, 80, 0
13, 1176430, Note_on_c, 7, 81, 99
13, 1176576, Note_on_c, 7, 81, 0
13, 1177600, Note_on_c, 7, 78, 99
13, 1177746, Note_on_c, 7, 78, 0
13, 1177746, Note_on_c, 7, 79, 99
13, 1177893, Note_on_c, 7, 79, 0
13, 1177893, Note_on_c, 7, 78, 99
13, 1178039, Note_on_c, 7, 78, 0
13, 1178039, Note_on_c, 7, 79, 99
13, 1178185, Note_on_c, 7, 79, 0
13, 1178185, Note_on_c, 7, 78, 99
13, 1178331, Note_on_c, 7, 78, 0
13, 1178331, Note_on_c, 7, 76, 99
13, 1178478, Note_on_c, 7, 76, 0
13, 1178478, Note_on_c, 7, 78, 99
13, 1178624, Note_on_c, 7, 78, 0
13, 1179648, Note_on_c, 7, 86, 99
13, 1179794, Note_on_c, 7, 86, 0
13, 1179794, Note_on_c, 7, 88, 99
13, 1179941, Note_on_c, 7, 88, 0
13, 1179941, Note_on_c, 7, 86, 99
13, 1180087, Note_on_c, 7, 86, 0
13, 1180087, Note_on_c, 7, 88, 99
13, 1180233, Note_on_c, 7, 88, 0
13, 1180233, Note_on_c, 7, 86, 99
13, 1180379, Note_on_c, 7, 86, 0
13, 1180379, Note_on_c, 7, 85, 99
13, 1180526, Note_on_c, 7, 85, 0
13, 1180526, Note_on_c, 7, 86, 99
13, 1180672, Note_on_c, 7, 86, 0
13, 1181696, Note_on_c, 7, 83, 99
13, 1181842, Note_on_c, 7, 83, 0
13, 1181842, Note_on_c, 7, 84, 99
13, 1181989, Note_on_c, 7, 84, 0
13, 1181989, Note_on_c, 7, 83, 99
13, 1182135, Note_on_c, 7, 83, 0
13, 1182135, Note_on_c, 7, 84, 99
13, 1182281, Note_on_c, 7, 84, 0
13, 1182281, Note_on_c, 7, 83, 99
13, 1182427, Note_on_c, 7, 83, 0
13, 1182427, Note_on_c, 7, 81, 99
13, 1182574, Note_on_c, 7, 81, 0
13, 1182574, Note_on_c, 7, 83, 99
13, 1182720, Note_on_c, 7, 83, 0
13, 1183744, Note_on_c, 7, 79, 99
13, 1183890, Note_on_c, 7, 79, 0
13, 1183890, Note_on_c, 7, 81, 99
13, 1184037, Note_on_c, 7, 81, 0
13, 1184037, Note_on_c, 7, 79, 99
13, 1184183, Note_on_c, 7, 79, 0
13, 1184183, Note_on_c, 7, 81, 99
13, 1184329, Note_on_c, 7, 81, 0
13, 1184329, Note_on_c, 7, 79, 99
13, 1184475, Note_on_c, 7, 79, 0
13, 1184475, Note_on_c, 7, 78, 99
13, 1184622, Note_on_c, 7, 78, 0
13, 1184622, Note_on_c, 7, 79, 99
13, 1184768, Note_on_c, 7, 79, 0
13, 1185792, Note_on_c, 7, 78, 103
13, 1185938, Note_on_c, 7, 78, 0
13, 1185938, Note_on_c, 7, 79, 103
13, 1186085, Note_on_c, 7, 79, 0
13, 1186085, Note_on_c, 7, 78, 104
13, 1186231, Note_on_c, 7, 78, 0
13, 1186231, Note_on_c, 7, 79, 104
13, 1186377, Note_on_c, 7, 79, 0
13, 1186377, Note_on_c, 7, 78, 105
13, 1186523, Note_on_c, 7, 78, 0
13, 1186523, Note_on_c, 7, 76, 105
13, 1186670, Note_on_c, 7, 76, 0
13, 1186670, Note_on_c, 7, 78, 106
13, 1186816, Note_on_c, 7, 78, 0
13, 1186816, Note_on_c, 7, 86, 111
13, 1187328, Note_on_c, 7, 86, 0
13, 1188864, Note_on_c, 7, 88, 108
13, 1189612, Note_on_c, 7, 88, 0
13, 1190400, Note_on_c, 7, 69, 107
13, 1190400, Note_on_c, 7, 81, 107
13, 1190774, Note_on_c, 7, 69, 0
13, 1190774, Note_on_c, 7, 81, 0
13, 1190912, Note_on_c, 7, 86, 107
13, 1191286, Note_on_c, 7, 86, 0
13, 1191424, Note_on_c, 7, 74, 103
13, 1191611, Note_on_c, 7, 74, 0
13, 1191680, Note_on_c, 7, 73, 103
13, 1191936, Note_on_c, 7, 73, 0
13, 1191936, Note_on_c, 7, 74, 103
13, 1192192, Note_on_c, 7, 74, 0
13, 1192192, Note_on_c, 7, 76, 103
13, 1192448, Note_on_c, 7, 76, 0
13, 1192448, Note_on_c, 7, 78, 103
13, 1192704, Note_on_c, 7, 78, 0
13, 1192704, Note_on_c, 7, 79, 103
13, 1192960, Note_on_c, 7, 79, 0
13, 1192960, Note_on_c, 7, 69, 103
13, 1192960, Note_on_c, 7, 81, 103
13, 1193984, Note_on_c, 7, 69, 0
13, 1193984, Note_on_c, 7, 81, 0
13, 1195008, Note_on_c, 7, 69, 103
13, 1195008, Note_on_c, 7, 81, 103
13, 1196032, Note_on_c, 7, 69, 0
13, 1196032, Note_on_c, 7, 81, 0
13, 1197056, Note_on_c, 7, 71, 103
13, 1197056, Note_on_c, 7, 83, 103
13, 1198080, Note_on_c, 7, 71, 0
13, 1198080, Note_on_c, 7, 83, 0
13, 1199104, Note_on_c, 7, 71, 103
13, 1199104, Note_on_c, 7, 83, 103
13, 1200128, Note_on_c, 7, 71, 0
13, 1200128, Note_on_c, 7, 83, 0
13, 1201152, Note_on_c, 7, 69, 103
13, 1201152, Note_on_c, 7, 85, 103
13, 1202176, Note_on_c, 7, 69, 0
13, 1202176, Note_on_c, 7, 85, 0
13, 1203200, Note_on_c, 7, 76, 103
13, 1203200, Note_on_c, 7, 85, 103
13, 1204224, Note_on_c, 7, 76, 0
13, 1204224, Note_on_c, 7, 85, 0
13, 1205248, Note_on_c, 7, 78, 103
13, 1205248, Note_on_c, 7, 86, 103
13, 1206272, Note_on_c, 7, 78, 0
13, 1206272, Note_on_c, 7, 86, 0
13, 1207296, Note_on_c, 7, 62, 103
13, 1207296, Note_on_c, 7, 74, 103
13, 1208320, Note_on_c, 7, 62, 0
13, 1208320, Note_on_c, 7, 74, 0
13, 1209344, Note_on_c, 7, 71, 103
13, 1209344, Note_on_c, 7, 80, 103
13, 1210368, Note_on_c, 7, 71, 0
13, 1210368, Note_on_c, 7, 80, 0
13, 1211392, Note_on_c, 7, 71, 106
13, 1211392, Note_on_c, 7, 80, 106
13, 1212416, Note_on_c, 7, 71, 0
13, 1212416, Note_on_c, 7, 80, 0
13, 1213440, Note_on_c, 7, 69, 109
13, 1213440, Note_on_c, 7, 81, 109
13, 1213696, Note_on_c, 7, 69, 0
13, 1213696, Note_on_c, 7, 81, 0
13, 1213696, Note_on_c, 7, 83, 109
13, 1213952, Note_on_c, 7, 83, 0
13, 1213952, Note_on_c, 7, 81, 109
13, 1214208, Note_on_c, 7, 81, 0
13, 1214208, Note_on_c, 7, 80, 109
13, 1214464, Note_on_c, 7, 80, 0
13, 1214464, Note_on_c, 7, 78, 108
13, 1214720, Note_on_c, 7, 78, 0
13, 1214720, Note_on_c, 7, 80, 108
13, 1214976, Note_on_c, 7, 80, 0
13, 1214976, Note_on_c, 7, 78, 107
13, 1215232, Note_on_c, 7, 78, 0
13, 1215232, Note_on_c, 7, 76, 107
13, 1215488, Note_on_c, 7, 76, 0
13, 1215488, Note_on_c, 7, 74, 107
13, 1215744, Note_on_c, 7, 74, 0
13, 1215744, Note_on_c, 7, 76, 106
13, 1216000, Note_on_c, 7, 76, 0
13, 1216000, Note_on_c, 7, 74, 106
13, 1216256, Note_on_c, 7, 74, 0
13, 1216256, Note_on_c, 7, 73, 106
13, 1216512, Note_on_c, 7, 73, 0
13, 1216512, Note_on_c, 7, 71, 105
13, 1216768, Note_on_c, 7, 71, 0
13, 1216768, Note_on_c, 7, 73, 105
13, 1217024, Note_on_c, 7, 73, 0
13, 1217024, Note_on_c, 7, 71, 104
13, 1217280, Note_on_c, 7, 71, 0
13, 1217280, Note_on_c, 7, 69, 104
13, 1217536, Note_on_c, 7, 69, 0
13, 1217536, Note_on_c, 7, 64, 104
13, 1218560, Note_on_c, 7, 64, 0
13, 1219584, Note_on_c, 7, 71, 107
13, 1219584, Note_on_c, 7, 80, 107
13, 1220608, Note_on_c, 7, 71, 0
13, 1220608, Note_on_c, 7, 80, 0
13, 1221632, Note_on_c, 7, 69, 113
13, 1221632, Note_on_c, 7, 81, 113
13, 1221888, Note_on_c, 7, 69, 0
13, 1221888, Note_on_c, 7, 81, 0
13, 1221888, Note_on_c, 7, 83, 113
13, 1222144, Note_on_c, 7, 83, 0
13, 1222144, Note_on_c, 7, 81, 114
13, 1222400, Note_on_c, 7, 81, 0
13, 1222400, Note_on_c, 7, 80, 114
13, 1222656, Note_on_c, 7, 80, 0
13, 1222656, Note_on_c, 7, 78, 114
13, 1222912, Note_on_c, 7, 78, 0
13, 1222912, Note_on_c, 7, 80, 114
13, 1223168, Note_on_c, 7, 80, 0
13, 1223168, Note_on_c, 7, 78, 114
13, 1223424, Note_on_c, 7, 78, 0
13, 1223424, Note_on_c, 7, 76, 114
13, 1223680, Note_on_c, 7, 76, 0
13, 1223680, Note_on_c, 7, 74, 114
13, 1223936, Note_on_c, 7, 74, 0
13, 1223936, Note_on_c, 7, 76, 114
13, 1224192, Note_on_c, 7, 76, 0
13, 1224192, Note_on_c, 7, 74, 114
13, 1224448, Note_on_c, 7, 74, 0
13, 1224448, Note_on_c, 7, 73, 114
13, 1224704, Note_on_c, 7, 73, 0
13, 1224704, Note_on_c, 7, 71, 114
13, 1224960, Note_on_c, 7, 71, 0
13, 1224960, Note_on_c, 7, 73, 114
13, 1225216, Note_on_c, 7, 73, 0
13, 1225216, Note_on_c, 7, 71, 114
13, 1225472, Note_on_c, 7, 71, 0
13, 1225472, Note_on_c, 7, 69, 114
13, 1225728, Note_on_c, 7, 69, 0
13, 1225728, Note_on_c, 7, 69, 114
13, 1226752, Note_on_c, 7, 69, 0
13, 1227776, Note_on_c, 7, 69, 117
13, 1227776, Note_on_c, 7, 81, 117
13, 1228800, Note_on_c, 7, 69, 0
13, 1228800, Note_on_c, 7, 81, 0
13, 1229824, Note_on_c, 7, 69, 122
13, 1229824, Note_on_c, 7, 81, 122
13, 1238016, Note_on_c, 7, 69, 0
13, 1238016, Note_on_c, 7, 81, 0
13, 1321984, Note_on_c, 7, 86, 32
13, 1322496, Note_on_c, 7, 86, 0
13, 1323008, Note_on_c, 7, 84, 31
13, 1323264, Note_on_c, 7, 84, 0
13, 1323520, Note_on_c, 7, 84, 31
13, 1324032, Note_on_c, 7, 84, 0
13, 1324544, Note_on_c, 7, 82, 31
13, 1324800, Note_on_c, 7, 82, 0
13, 1325056, Note_on_c, 7, 84, 31
13, 1325568, Note_on_c, 7, 84, 0
13, 1371136, Note_on_c, 7, 86, 32
13, 1371648, Note_on_c, 7, 86, 0
13, 1372160, Note_on_c, 7, 84, 31
13, 1372416, Note_on_c, 7, 84, 0
13, 1372672, Note_on_c, 7, 84, 31
13, 1373184, Note_on_c, 7, 84, 0
13, 1373696, Note_on_c, 7, 82, 31
13, 1373952, Note_on_c, 7, 82, 0
13, 1374208, Note_on_c, 7, 82, 31
13, 1374720, Note_on_c, 7, 82, 0
13, 1420288, Note_on_c, 7, 86, 30
13, 1420800, Note_on_c, 7, 86, 0
13, 1421312, Note_on_c, 7, 84, 30
13, 1421568, Note_on_c, 7, 84, 0
13, 1421824, Note_on_c, 7, 84, 30
13, 1422336, Note_on_c, 7, 84, 0
13, 1422848, Note_on_c, 7, 82, 30
13, 1423104, Note_on_c, 7, 82, 0
13, 1423360, Note_on_c, 7, 84, 30
13, 1423872, Note_on_c, 7, 84, 0
13, 1469440, Note_on_c, 7, 86, 54
13, 1469952, Note_on_c, 7, 86, 0
13, 1470464, Note_on_c, 7, 84, 46
13, 1470720, Note_on_c, 7, 84, 0
13, 1470976, Note_on_c, 7, 84, 46
13, 1471488, Note_on_c, 7, 84, 0
13, 1472000, Note_on_c, 7, 82, 47
13, 1472256, Note_on_c, 7, 82, 0
13, 1472512, Note_on_c, 7, 84, 47
13, 1473024, Note_on_c, 7, 84, 0
13, 1498624, Note_on_c, 7, 74, 72
13, 1499372, Note_on_c, 7, 74, 0
13, 1501696, Note_on_c, 7, 74, 75
13, 1502444, Note_on_c, 7, 74, 0
13, 1504768, Note_on_c, 7, 75, 78
13, 1505516, Note_on_c, 7, 75, 0
13, 1507840, Note_on_c, 7, 72, 81
13, 1508588, Note_on_c, 7, 72, 0
13, 1510912, Note_on_c, 7, 62, 73
13, 1510912, Note_on_c, 7, 70, 73
13, 1511660, Note_on_c, 7, 62, 0
13, 1511660, Note_on_c, 7, 70, 0
13, 1513984, Note_on_c, 7, 74, 80
13, 1513984, Note_on_c, 7, 82, 80
13, 1514732, Note_on_c, 7, 74, 0
13, 1514732, Note_on_c, 7, 82, 0
13, 1517056, Note_on_c, 7, 72, 86
13, 1517056, Note_on_c, 7, 81, 86
13, 1517804, Note_on_c, 7, 72, 0
13, 1517804, Note_on_c, 7, 81, 0
13, 1518592, Note_on_c, 7, 86, 89
13, 1519104, Note_on_c, 7, 86, 0
13, 1519616, Note_on_c, 7, 84, 91
13, 1519872, Note_on_c, 7, 84, 0
13, 1520128, Note_on_c, 7, 84, 92
13, 1520640, Note_on_c, 7, 84, 0
13, 1521152, Note_on_c, 7, 82, 92
13, 1521408, Note_on_c, 7, 82, 0
13, 1521664, Note_on_c, 7, 82, 91
13, 1522412, Note_on_c, 7, 82, 0
13, 1523200, Note_on_c, 7, 58, 88
13, 1523200, Note_on_c, 7, 65, 88
13, 1523200, Note_on_c, 7, 74, 88
13, 1523948, Note_on_c, 7, 58, 0
13, 1523948, Note_on_c, 7, 65, 0
13, 1523948, Note_on_c, 7, 74, 0
13, 1526272, Note_on_c, 7, 62, 82
13, 1526272, Note_on_c, 7, 70, 82
13, 1526272, Note_on_c, 7, 77, 82
13, 1527020, Note_on_c, 7, 62, 0
13, 1527020, Note_on_c, 7, 70, 0
13, 1527020, Note_on_c, 7, 77, 0
13, 1529344, Note_on_c, 7, 63, 75
13, 1529344, Note_on_c, 7, 70, 75
13, 1529344, Note_on_c, 7, 79, 75
13, 1530092, Note_on_c, 7, 63, 0
13, 1530092, Note_on_c, 7, 70, 0
13, 1530092, Note_on_c, 7, 79, 0
13, 1532416, Note_on_c, 7, 84, 80
13, 1533164, Note_on_c, 7, 84, 0
13, 1535488, Note_on_c, 7, 84, 85
13, 1536236, Note_on_c, 7, 84, 0
13, 1538560, Note_on_c, 7, 65, 91
13, 1538560, Note_on_c, 7, 72, 91
13, 1538560, Note_on_c, 7, 81, 91
13, 1539308, Note_on_c, 7, 65, 0
13, 1539308, Note_on_c, 7, 72, 0
13, 1539308, Note_on_c, 7, 81, 0
13, 1541632, Note_on_c, 7, 65, 96
13, 1541632, Note_on_c, 7, 72, 96
13, 1541632, Note_on_c, 7, 81, 96
13, 1542380, Note_on_c, 7, 65, 0
13, 1542380, Note_on_c, 7, 72, 0
13, 1542380, Note_on_c, 7, 81, 0
13, 1543168, Note_on_c, 7, 82, 98
13, 1543680, Note_on_c, 7, 82, 0
13, 1543680, Note_on_c, 7, 84, 99
13, 1544192, Note_on_c, 7, 84, 0
13, 1544192, Note_on_c, 7, 86, 99
13, 1545216, Note_on_c, 7, 86, 0
13, 1545216, Note_on_c, 7, 84, 99
13, 1545728, Note_on_c, 7, 84, 0
13, 1545728, Note_on_c, 7, 81, 99
13, 1546102, Note_on_c, 7, 81, 0
13, 1546240, Note_on_c, 7, 82, 108
13, 1546988, Note_on_c, 7, 82, 0
13, 1558528, Note_on_c, 7, 81, 106
13, 1558784, Note_on_c, 7, 81, 0
13, 1559040, Note_on_c, 7, 81, 100
13, 1559296, Note_on_c, 7, 81, 0
13, 1559552, Note_on_c, 7, 81, 100
13, 1559808, Note_on_c, 7, 81, 0
13, 1560064, Note_on_c, 7, 81, 100
13, 1560320, Note_on_c, 7, 81, 0
13, 1560576, Note_on_c, 7, 82, 100
13, 1560832, Note_on_c, 7, 82, 0
13, 1561088, Note_on_c, 7, 84, 100
13, 1561344, Note_on_c, 7, 84, 0
13, 1561600, Note_on_c, 7, 84, 106
13, 1561856, Note_on_c, 7, 84, 0
13, 1562112, Note_on_c, 7, 86, 100
13, 1562368, Note_on_c, 7, 86, 0
13, 1562624, Note_on_c, 7, 84, 100
13, 1562880, Note_on_c, 7, 84, 0
13, 1563136, Note_on_c, 7, 82, 100
13, 1563392, Note_on_c, 7, 82, 0
13, 1563648, Note_on_c, 7, 81, 100
13, 1563904, Note_on_c, 7, 81, 0
13, 1564160, Note_on_c, 7, 79, 100
13, 1564416, Note_on_c, 7, 79, 0
13, 1564672, Note_on_c, 7, 77, 105
13, 1564928, Note_on_c, 7, 77, 0
13, 1565184, Note_on_c, 7, 76, 100
13, 1565440, Note_on_c, 7, 76, 0
13, 1565696, Note_on_c, 7, 77, 100
13, 1565952, Note_on_c, 7, 77, 0
13, 1566208, Note_on_c, 7, 77, 100
13, 1566464, Note_on_c, 7, 77, 0
13, 1566720, Note_on_c, 7, 79, 100
13, 1566976, Note_on_c, 7, 79, 0
13, 1567232, Note_on_c, 7, 81, 100
13, 1567488, Note_on_c, 7, 81, 0
13, 1567744, Note_on_c, 7, 79, 106
13, 1568000, Note_on_c, 7, 79, 0
13, 1568256, Note_on_c, 7, 72, 100
13, 1568512, Note_on_c, 7, 72, 0
13, 1569280, Note_on_c, 7, 77, 100
13, 1569536, Note_on_c, 7, 77, 0
13, 1569792, Note_on_c, 7, 65, 100
13, 1570048, Note_on_c, 7, 65, 0
13, 1570304, Note_on_c, 7, 65, 100
13, 1570560, Note_on_c, 7, 65, 0
13, 1570816, Note_on_c, 7, 77, 106
13, 1571072, Note_on_c, 7, 77, 0
13, 1571328, Note_on_c, 7, 65, 100
13, 1571584, Note_on_c, 7, 65, 0
13, 1571840, Note_on_c, 7, 65, 100
13, 1572096, Note_on_c, 7, 65, 0
13, 1572352, Note_on_c, 7, 75, 100
13, 1572608, Note_on_c, 7, 75, 0
13, 1572864, Note_on_c, 7, 63, 100
13, 1573120, Note_on_c, 7, 63, 0
13, 1573376, Note_on_c, 7, 63, 100
13, 1573632, Note_on_c, 7, 63, 0
13, 1573888, Note_on_c, 7, 75, 106
13, 1574144, Note_on_c, 7, 75, 0
13, 1574400, Note_on_c, 7, 63, 100
13, 1574656, Note_on_c, 7, 63, 0
13, 1574912, Note_on_c, 7, 63, 100
13, 1575168, Note_on_c, 7, 63, 0
13, 1575424, Note_on_c, 7, 74, 100
13, 1575680, Note_on_c, 7, 74, 0
13, 1575936, Note_on_c, 7, 62, 100
13, 1576192, Note_on_c, 7, 62, 0
13, 1576448, Note_on_c, 7, 62, 100
13, 1576704, Note_on_c, 7, 62, 0
13, 1576960, Note_on_c, 7, 74, 106
13, 1577216, Note_on_c, 7, 74, 0
13, 1577472, Note_on_c, 7, 79, 100
13, 1577728, Note_on_c, 7, 79, 0
13, 1577984, Note_on_c, 7, 81, 100
13, 1578240, Note_on_c, 7, 81, 0
13, 1578496, Note_on_c, 7, 83, 100
13, 1578752, Note_on_c, 7, 83, 0
13, 1579008, Note_on_c, 7, 83, 100
13, 1579264, Note_on_c, 7, 83, 0
13, 1579520, Note_on_c, 7, 83, 100
13, 1579776, Note_on_c, 7, 83, 0
13, 1580032, Note_on_c, 7, 83, 107
13, 1580288, Note_on_c, 7, 83, 0
13, 1580544, Note_on_c, 7, 84, 100
13, 1580800, Note_on_c, 7, 84, 0
13, 1581056, Note_on_c, 7, 84, 100
13, 1581312, Note_on_c, 7, 84, 0
13, 1581568, Note_on_c, 7, 84, 100
13, 1581824, Note_on_c, 7, 84, 0
13, 1582080, Note_on_c, 7, 84, 100
13, 1582336, Note_on_c, 7, 84, 0
13, 1582592, Note_on_c, 7, 84, 100
13, 1582848, Note_on_c, 7, 84, 0
13, 1583104, Note_on_c, 7, 84, 106
13, 1583360, Note_on_c, 7, 84, 0
13, 1583616, Note_on_c, 7, 84, 100
13, 1583872, Note_on_c, 7, 84, 0
13, 1584128, Note_on_c, 7, 86, 100
13, 1584384, Note_on_c, 7, 86, 0
13, 1584640, Note_on_c, 7, 86, 100
13, 1584896, Note_on_c, 7, 86, 0
13, 1585152, Note_on_c, 7, 84, 100
13, 1585408, Note_on_c, 7, 84, 0
13, 1585664, Note_on_c, 7, 83, 100
13, 1585920, Note_on_c, 7, 83, 0
13, 1586176, Note_on_c, 7, 74, 106
13, 1586432, Note_on_c, 7, 74, 0
13, 1586688, Note_on_c, 7, 76, 100
13, 1586944, Note_on_c, 7, 76, 0
13, 1587200, Note_on_c, 7, 78, 100
13, 1587456, Note_on_c, 7, 78, 0
13, 1587712, Note_on_c, 7, 79, 100
13, 1587968, Note_on_c, 7, 79, 0
13, 1588224, Note_on_c, 7, 79, 100
13, 1588480, Note_on_c, 7, 79, 0
13, 1588736, Note_on_c, 7, 79, 100
13, 1588992, Note_on_c, 7, 79, 0
13, 1589248, Note_on_c, 7, 79, 108
13, 1589504, Note_on_c, 7, 79, 0
13, 1589760, Note_on_c, 7, 79, 100
13, 1590016, Note_on_c, 7, 79, 0
13, 1590272, Note_on_c, 7, 79, 100
13, 1590528, Note_on_c, 7, 79, 0
13, 1590784, Note_on_c, 7, 86, 100
13, 1591040, Note_on_c, 7, 86, 0
13, 1591296, Note_on_c, 7, 86, 100
13, 1591552, Note_on_c, 7, 86, 0
13, 1591808, Note_on_c, 7, 86, 100
13, 1592064, Note_on_c, 7, 86, 0
13, 1592320, Note_on_c, 7, 84, 108
13, 1592576, Note_on_c, 7, 84, 0
13, 1592832, Note_on_c, 7, 84, 100
13, 1593088, Note_on_c, 7, 84, 0
13, 1593344, Note_on_c, 7, 84, 100
13, 1593600, Note_on_c, 7, 84, 0
13, 1593856, Note_on_c, 7, 83, 100
13, 1594112, Note_on_c, 7, 83, 0
13, 1594368, Note_on_c, 7, 83, 100
13, 1594624, Note_on_c, 7, 83, 0
13, 1594880, Note_on_c, 7, 83, 100
13, 1595136, Note_on_c, 7, 83, 0
13, 1595392, Note_on_c, 7, 83, 108
13, 1595648, Note_on_c, 7, 83, 0
13, 1595904, Note_on_c, 7, 83, 100
13, 1596160, Note_on_c, 7, 83, 0
13, 1596416, Note_on_c, 7, 84, 100
13, 1596672, Note_on_c, 7, 84, 0
13, 1596928, Note_on_c, 7, 84, 100
13, 1597184, Note_on_c, 7, 84, 0
13, 1597440, Note_on_c, 7, 84, 100
13, 1597696, Note_on_c, 7, 84, 0
13, 1597952, Note_on_c, 7, 84, 100
13, 1598208, Note_on_c, 7, 84, 0
13, 1598464, Note_on_c, 7, 84, 108
13, 1598720, Note_on_c, 7, 84, 0
13, 1598976, Note_on_c, 7, 84, 100
13, 1599232, Note_on_c, 7, 84, 0
13, 1599488, Note_on_c, 7, 84, 100
13, 1599744, Note_on_c, 7, 84, 0
13, 1600000, Note_on_c, 7, 83, 100
13, 1600256, Note_on_c, 7, 83, 0
13, 1600512, Note_on_c, 7, 83, 100
13, 1600768, Note_on_c, 7, 83, 0
13, 1601024, Note_on_c, 7, 83, 100
13, 1601280, Note_on_c, 7, 83, 0
13, 1602560, Note_on_c, 7, 72, 100
13, 1602934, Note_on_c, 7, 72, 0
13, 1603072, Note_on_c, 7, 72, 115
13, 1605356, Note_on_c, 7, 72, 0
13, 1605632, Note_on_c, 7, 74, 100
13, 1606006, Note_on_c, 7, 74, 0
13, 1606144, Note_on_c, 7, 74, 116
13, 1608428, Note_on_c, 7, 74, 0
13, 1608704, Note_on_c, 7, 75, 100
13, 1609078, Note_on_c, 7, 75, 0
13, 1609216, Note_on_c, 7, 80, 100
13, 1609964, Note_on_c, 7, 80, 0
13, 1610240, Note_on_c, 7, 79, 100
13, 1610614, Note_on_c, 7, 79, 0
13, 1610752, Note_on_c, 7, 77, 100
13, 1611500, Note_on_c, 7, 77, 0
13, 1612288, Note_on_c, 7, 75, 100
13, 1613036, Note_on_c, 7, 75, 0
13, 1614848, Note_on_c, 7, 77, 100
13, 1615222, Note_on_c, 7, 77, 0
13, 1615360, Note_on_c, 7, 82, 100
13, 1616108, Note_on_c, 7, 82, 0
13, 1616384, Note_on_c, 7, 80, 100
13, 1616758, Note_on_c, 7, 80, 0
13, 1616896, Note_on_c, 7, 79, 108
13, 1617644, Note_on_c, 7, 79, 0
13, 1618432, Note_on_c, 7, 77, 100
13, 1619180, Note_on_c, 7, 77, 0
13, 1619968, Note_on_c, 7, 82, 108
13, 1620716, Note_on_c, 7, 82, 0
13, 1620992, Note_on_c, 7, 75, 100
13, 1621366, Note_on_c, 7, 75, 0
13, 1621504, Note_on_c, 7, 75, 114
13, 1623788, Note_on_c, 7, 75, 0
13, 1624064, Note_on_c, 7, 77, 100
13, 1624438, Note_on_c, 7, 77, 0
13, 1624576, Note_on_c, 7, 77, 118
13, 1626860, Note_on_c, 7, 77, 0
13, 1627136, Note_on_c, 7, 79, 100
13, 1627510, Note_on_c, 7, 79, 0
13, 1627648, Note_on_c, 7, 84, 100
13, 1628396, Note_on_c, 7, 84, 0
13, 1628672, Note_on_c, 7, 82, 100
13, 1629046, Note_on_c, 7, 82, 0
13, 1629184, Note_on_c, 7, 80, 108
13, 1629932, Note_on_c, 7, 80, 0
13, 1630720, Note_on_c, 7, 79, 101
13, 1631468, Note_on_c, 7, 79, 0
13, 1633280, Note_on_c, 7, 80, 101
13, 1633654, Note_on_c, 7, 80, 0
13, 1633792, Note_on_c, 7, 85, 101
13, 1634540, Note_on_c, 7, 85, 0
13, 1634816, Note_on_c, 7, 84, 101
13, 1635190, Note_on_c, 7, 84, 0
13, 1635328, Note_on_c, 7, 82, 108
13, 1636076, Note_on_c, 7, 82, 0
13, 1636864, Note_on_c, 7, 80, 101
13, 1637612, Note_on_c, 7, 80, 0
13, 1639424, Note_on_c, 7, 82, 101
13, 1639798, Note_on_c, 7, 82, 0
13, 1639936, Note_on_c, 7, 87, 101
13, 1640684, Note_on_c, 7, 87, 0
13, 1640960, Note_on_c, 7, 85, 101
13, 1641334, Note_on_c, 7, 85, 0
13, 1641472, Note_on_c, 7, 84, 108
13, 1642220, Note_on_c, 7, 84, 0
13, 1643008, Note_on_c, 7, 82, 101
13, 1643756, Note_on_c, 7, 82, 0
13, 1644544, Note_on_c, 7, 81, 109
13, 1645292, Note_on_c, 7, 81, 0
13, 1645568, Note_on_c, 7, 81, 101
13, 1645942, Note_on_c, 7, 81, 0
13, 1646080, Note_on_c, 7, 81, 111
13, 1648364, Note_on_c, 7, 81, 0
13, 1648640, Note_on_c, 7, 81, 101
13, 1649014, Note_on_c, 7, 81, 0
13, 1649152, Note_on_c, 7, 81, 116
13, 1651436, Note_on_c, 7, 81, 0
13, 1651712, Note_on_c, 7, 82, 101
13, 1652086, Note_on_c, 7, 82, 0
13, 1652224, Note_on_c, 7, 82, 116
13, 1654508, Note_on_c, 7, 82, 0
13, 1654784, Note_on_c, 7, 82, 101
13, 1655158, Note_on_c, 7, 82, 0
13, 1655296, Note_on_c, 7, 82, 115
13, 1657580, Note_on_c, 7, 82, 0
13, 1657856, Note_on_c, 7, 82, 101
13, 1658230, Note_on_c, 7, 82, 0
13, 1658368, Note_on_c, 7, 82, 116
13, 1660652, Note_on_c, 7, 82, 0
13, 1660928, Note_on_c, 7, 82, 101
13, 1661302, Note_on_c, 7, 82, 0
13, 1661440, Note_on_c, 7, 82, 101
13, 1662188, Note_on_c, 7, 82, 0
13, 1662464, Note_on_c, 7, 81, 101
13, 1662838, Note_on_c, 7, 81, 0
13, 1662976, Note_on_c, 7, 82, 107
13, 1663232, Note_on_c, 7, 82, 0
13, 1663488, Note_on_c, 7, 82, 101
13, 1663744, Note_on_c, 7, 82, 0
13, 1664000, Note_on_c, 7, 82, 101
13, 1664256, Note_on_c, 7, 82, 0
13, 1664512, Note_on_c, 7, 82, 101
13, 1664768, Note_on_c, 7, 82, 0
13, 1665024, Note_on_c, 7, 84, 101
13, 1665280, Note_on_c, 7, 84, 0
13, 1665536, Note_on_c, 7, 85, 101
13, 1665792, Note_on_c, 7, 85, 0
13, 1666048, Note_on_c, 7, 85, 106
13, 1666304, Note_on_c, 7, 85, 0
13, 1666560, Note_on_c, 7, 87, 101
13, 1666816, Note_on_c, 7, 87, 0
13, 1667072, Note_on_c, 7, 85, 101
13, 1667328, Note_on_c, 7, 85, 0
13, 1667584, Note_on_c, 7, 84, 101
13, 1667840, Note_on_c, 7, 84, 0
13, 1668096, Note_on_c, 7, 82, 101
13, 1668352, Note_on_c, 7, 82, 0
13, 1668608, Note_on_c, 7, 81, 101
13, 1668864, Note_on_c, 7, 81, 0
13, 1669120, Note_on_c, 7, 82, 108
13, 1669632, Note_on_c, 7, 82, 0
13, 1672192, Note_on_c, 7, 71, 108
13, 1672448, Note_on_c, 7, 71, 0
13, 1672704, Note_on_c, 7, 73, 101
13, 1672960, Note_on_c, 7, 73, 0
13, 1673216, Note_on_c, 7, 71, 101
13, 1673472, Note_on_c, 7, 71, 0
13, 1673728, Note_on_c, 7, 71, 101
13, 1673984, Note_on_c, 7, 71, 0
13, 1674240, Note_on_c, 7, 73, 101
13, 1674496, Note_on_c, 7, 73, 0
13, 1674752, Note_on_c, 7, 75, 101
13, 1675008, Note_on_c, 7, 75, 0
13, 1675264, Note_on_c, 7, 77, 109
13, 1675776, Note_on_c, 7, 77, 0
13, 1676800, Note_on_c, 7, 77, 101
13, 1677056, Note_on_c, 7, 77, 0
13, 1677312, Note_on_c, 7, 78, 101
13, 1677568, Note_on_c, 7, 78, 0
13, 1677824, Note_on_c, 7, 80, 101
13, 1678080, Note_on_c, 7, 80, 0
13, 1678336, Note_on_c, 7, 82, 108
13, 1678592, Note_on_c, 7, 82, 0
13, 1678848, Note_on_c, 7, 77, 101
13, 1679104, Note_on_c, 7, 77, 0
13, 1679360, Note_on_c, 7, 74, 101
13, 1679616, Note_on_c, 7, 74, 0
13, 1679872, Note_on_c, 7, 75, 101
13, 1680128, Note_on_c, 7, 75, 0
13, 1680384, Note_on_c, 7, 77, 101
13, 1680640, Note_on_c, 7, 77, 0
13, 1680896, Note_on_c, 7, 78, 101
13, 1681152, Note_on_c, 7, 78, 0
13, 1681408, Note_on_c, 7, 83, 108
13, 1681664, Note_on_c, 7, 83, 0
13, 1681920, Note_on_c, 7, 82, 101
13, 1682176, Note_on_c, 7, 82, 0
13, 1682432, Note_on_c, 7, 78, 101
13, 1682688, Note_on_c, 7, 78, 0
13, 1682944, Note_on_c, 7, 80, 101
13, 1683200, Note_on_c, 7, 80, 0
13, 1683456, Note_on_c, 7, 82, 101
13, 1683712, Note_on_c, 7, 82, 0
13, 1683968, Note_on_c, 7, 83, 101
13, 1684224, Note_on_c, 7, 83, 0
13, 1684480, Note_on_c, 7, 85, 109
13, 1684736, Note_on_c, 7, 85, 0
13, 1684992, Note_on_c, 7, 83, 102
13, 1685248, Note_on_c, 7, 83, 0
13, 1685504, Note_on_c, 7, 82, 103
13, 1685760, Note_on_c, 7, 82, 0
13, 1686016, Note_on_c, 7, 70, 104
13, 1686272, Note_on_c, 7, 70, 0
13, 1686528, Note_on_c, 7, 70, 106
13, 1686784, Note_on_c, 7, 70, 0
13, 1687040, Note_on_c, 7, 70, 107
13, 1687296, Note_on_c, 7, 70, 0
13, 1687552, Note_on_c, 7, 70, 114
13, 1687808, Note_on_c, 7, 70, 0
13, 1688064, Note_on_c, 7, 71, 109
13, 1688320, Note_on_c, 7, 71, 0
13, 1688576, Note_on_c, 7, 73, 108
13, 1688832, Note_on_c, 7, 73, 0
13, 1689088, Note_on_c, 7, 73, 107
13, 1689344, Note_on_c, 7, 73, 0
13, 1689600, Note_on_c, 7, 75, 106
13, 1689856, Note_on_c, 7, 75, 0
13, 1690112, Note_on_c, 7, 73, 105
13, 1690368, Note_on_c, 7, 73, 0
13, 1690624, Note_on_c, 7, 71, 110
13, 1690880, Note_on_c, 7, 71, 0
13, 1691136, Note_on_c, 7, 70, 104
13, 1691392, Note_on_c, 7, 70, 0
13, 1691648, Note_on_c, 7, 68, 103
13, 1691904, Note_on_c, 7, 68, 0
13, 1692160, Note_on_c, 7, 66, 102
13, 1692416, Note_on_c, 7, 66, 0
13, 1692672, Note_on_c, 7, 66, 101
13, 1692928, Note_on_c, 7, 66, 0
13, 1693184, Note_on_c, 7, 66, 101
13, 1693440, Note_on_c, 7, 66, 0
13, 1693696, Note_on_c, 7, 66, 109
13, 1693952, Note_on_c, 7, 66, 0
13, 1694208, Note_on_c, 7, 68, 99
13, 1694464, Note_on_c, 7, 68, 0
13, 1694720, Note_on_c, 7, 70, 98
13, 1694976, Note_on_c, 7, 70, 0
13, 1695232, Note_on_c, 7, 70, 97
13, 1695488, Note_on_c, 7, 70, 0
13, 1695744, Note_on_c, 7, 71, 96
13, 1696000, Note_on_c, 7, 71, 0
13, 1696256, Note_on_c, 7, 70, 96
13, 1696512, Note_on_c, 7, 70, 0
13, 1696768, Note_on_c, 7, 68, 104
13, 1697024, Note_on_c, 7, 68, 0
13, 1697280, Note_on_c, 7, 66, 94
13, 1697536, Note_on_c, 7, 66, 0
13, 1697792, Note_on_c, 7, 65, 93
13, 1698048, Note_on_c, 7, 65, 0
13, 1698304, Note_on_c, 7, 63, 92
13, 1698560, Note_on_c, 7, 63, 0
13, 1698816, Note_on_c, 7, 66, 92
13, 1699072, Note_on_c, 7, 66, 0
13, 1699328, Note_on_c, 7, 66, 92
13, 1699584, Note_on_c, 7, 66, 0
13, 1699840, Note_on_c, 7, 66, 100
13, 1700096, Note_on_c, 7, 66, 0
13, 1700352, Note_on_c, 7, 68, 92
13, 1700608, Note_on_c, 7, 68, 0
13, 1700864, Note_on_c, 7, 70, 92
13, 1701120, Note_on_c, 7, 70, 0
13, 1701376, Note_on_c, 7, 70, 92
13, 1701632, Note_on_c, 7, 70, 0
13, 1701888, Note_on_c, 7, 71, 92
13, 1702144, Note_on_c, 7, 71, 0
13, 1702400, Note_on_c, 7, 70, 92
13, 1702656, Note_on_c, 7, 70, 0
13, 1702912, Note_on_c, 7, 68, 101
13, 1703168, Note_on_c, 7, 68, 0
13, 1703424, Note_on_c, 7, 66, 92
13, 1703680, Note_on_c, 7, 66, 0
13, 1703936, Note_on_c, 7, 65, 92
13, 1704192, Note_on_c, 7, 65, 0
13, 1704448, Note_on_c, 7, 63, 92
13, 1704704, Note_on_c, 7, 63, 0
13, 1704960, Note_on_c, 7, 70, 92
13, 1705216, Note_on_c, 7, 70, 0
13, 1705472, Note_on_c, 7, 68, 92
13, 1705728, Note_on_c, 7, 68, 0
13, 1705984, Note_on_c, 7, 66, 103
13, 1706240, Note_on_c, 7, 66, 0
13, 1706496, Note_on_c, 7, 65, 92
13, 1706752, Note_on_c, 7, 65, 0
13, 1707008, Note_on_c, 7, 63, 92
13, 1707264, Note_on_c, 7, 63, 0
13, 1707520, Note_on_c, 7, 61, 92
13, 1707776, Note_on_c, 7, 61, 0
13, 1708032, Note_on_c, 7, 68, 92
13, 1708288, Note_on_c, 7, 68, 0
13, 1708544, Note_on_c, 7, 66, 92
13, 1708800, Note_on_c, 7, 66, 0
13, 1709056, Note_on_c, 7, 65, 102
13, 1709312, Note_on_c, 7, 65, 0
13, 1709568, Note_on_c, 7, 63, 92
13, 1709824, Note_on_c, 7, 63, 0
13, 1710080, Note_on_c, 7, 61, 92
13, 1710336, Note_on_c, 7, 61, 0
13, 1710592, Note_on_c, 7, 60, 92
13, 1710848, Note_on_c, 7, 60, 0
13, 1711104, Note_on_c, 7, 65, 92
13, 1711360, Note_on_c, 7, 65, 0
13, 1711616, Note_on_c, 7, 63, 92
13, 1711872, Note_on_c, 7, 63, 0
13, 1712128, Note_on_c, 7, 61, 100
13, 1712640, Note_on_c, 7, 61, 0
13, 1713664, Note_on_c, 7, 82, 92
13, 1713920, Note_on_c, 7, 82, 0
13, 1714176, Note_on_c, 7, 82, 92
13, 1714432, Note_on_c, 7, 82, 0
13, 1714688, Note_on_c, 7, 82, 92
13, 1714944, Note_on_c, 7, 82, 0
13, 1715200, Note_on_c, 7, 82, 100
13, 1715456, Note_on_c, 7, 82, 0
13, 1715712, Note_on_c, 7, 84, 92
13, 1715968, Note_on_c, 7, 84, 0
13, 1716224, Note_on_c, 7, 85, 92
13, 1716480, Note_on_c, 7, 85, 0
13, 1716736, Note_on_c, 7, 85, 94
13, 1716992, Note_on_c, 7, 85, 0
13, 1717248, Note_on_c, 7, 84, 94
13, 1717504, Note_on_c, 7, 84, 0
13, 1717760, Note_on_c, 7, 82, 94
13, 1718016, Note_on_c, 7, 82, 0
13, 1719808, Note_on_c, 7, 82, 96
13, 1720064, Note_on_c, 7, 82, 0
13, 1720320, Note_on_c, 7, 82, 96
13, 1720576, Note_on_c, 7, 82, 0
13, 1720832, Note_on_c, 7, 82, 96
13, 1721088, Note_on_c, 7, 82, 0
13, 1721344, Note_on_c, 7, 82, 104
13, 1721600, Note_on_c, 7, 82, 0
13, 1721856, Note_on_c, 7, 83, 97
13, 1722112, Note_on_c, 7, 83, 0
13, 1722368, Note_on_c, 7, 85, 97
13, 1722624, Note_on_c, 7, 85, 0
13, 1722880, Note_on_c, 7, 85, 98
13, 1723136, Note_on_c, 7, 85, 0
13, 1723392, Note_on_c, 7, 83, 98
13, 1723648, Note_on_c, 7, 83, 0
13, 1723904, Note_on_c, 7, 82, 98
13, 1724160, Note_on_c, 7, 82, 0
13, 1725952, Note_on_c, 7, 82, 100
13, 1726208, Note_on_c, 7, 82, 0
13, 1726464, Note_on_c, 7, 82, 100
13, 1726720, Note_on_c, 7, 82, 0
13, 1726976, Note_on_c, 7, 82, 100
13, 1727232, Note_on_c, 7, 82, 0
13, 1727488, Note_on_c, 7, 82, 109
13, 1727744, Note_on_c, 7, 82, 0
13, 1728000, Note_on_c, 7, 83, 101
13, 1728256, Note_on_c, 7, 83, 0
13, 1728512, Note_on_c, 7, 85, 101
13, 1728768, Note_on_c, 7, 85, 0
13, 1729024, Note_on_c, 7, 76, 102
13, 1729280, Note_on_c, 7, 76, 0
13, 1729536, Note_on_c, 7, 74, 102
13, 1729792, Note_on_c, 7, 74, 0
13, 1730048, Note_on_c, 7, 73, 102
13, 1730304, Note_on_c, 7, 73, 0
13, 1730560, Note_on_c, 7, 71, 112
13, 1731308, Note_on_c, 7, 71, 0
13, 1731584, Note_on_c, 7, 83, 103
13, 1731958, Note_on_c, 7, 83, 0
13, 1732096, Note_on_c, 7, 83, 117
13, 1734380, Note_on_c, 7, 83, 0
13, 1734656, Note_on_c, 7, 85, 103
13, 1735030, Note_on_c, 7, 85, 0
13, 1735168, Note_on_c, 7, 85, 119
13, 1736289, Note_on_c, 7, 85, 0
13, 1736704, Note_on_c, 7, 75, 112
13, 1736960, Note_on_c, 7, 75, 0
13, 1737216, Note_on_c, 7, 76, 103
13, 1737472, Note_on_c, 7, 76, 0
13, 1737728, Note_on_c, 7, 78, 103
13, 1737856, Note_on_c, 7, 78, 0
13, 1737984, Note_on_c, 7, 79, 103
13, 1738112, Note_on_c, 7, 79, 0
13, 1738240, Note_on_c, 7, 79, 103
13, 1738496, Note_on_c, 7, 79, 0
13, 1738752, Note_on_c, 7, 79, 103
13, 1739008, Note_on_c, 7, 79, 0
13, 1739264, Note_on_c, 7, 79, 103
13, 1739520, Note_on_c, 7, 79, 0
13, 1739776, Note_on_c, 7, 79, 111
13, 1740032, Note_on_c, 7, 79, 0
13, 1740288, Note_on_c, 7, 81, 103
13, 1740544, Note_on_c, 7, 81, 0
13, 1740800, Note_on_c, 7, 79, 103
13, 1741056, Note_on_c, 7, 79, 0
13, 1741312, Note_on_c, 7, 78, 103
13, 1741568, Note_on_c, 7, 78, 0
13, 1741824, Note_on_c, 7, 76, 103
13, 1742080, Note_on_c, 7, 76, 0
13, 1742336, Note_on_c, 7, 75, 103
13, 1742592, Note_on_c, 7, 75, 0
13, 1742848, Note_on_c, 7, 84, 112
13, 1743104, Note_on_c, 7, 84, 0
13, 1743360, Note_on_c, 7, 84, 103
13, 1743616, Note_on_c, 7, 84, 0
13, 1743872, Note_on_c, 7, 84, 103
13, 1744128, Note_on_c, 7, 84, 0
13, 1744384, Note_on_c, 7, 84, 103
13, 1744640, Note_on_c, 7, 84, 0
13, 1744896, Note_on_c, 7, 83, 103
13, 1745152, Note_on_c, 7, 83, 0
13, 1745408, Note_on_c, 7, 81, 103
13, 1745664, Note_on_c, 7, 81, 0
13, 1745920, Note_on_c, 7, 78, 113
13, 1746176, Note_on_c, 7, 78, 0
13, 1746432, Note_on_c, 7, 79, 103
13, 1746688, Note_on_c, 7, 79, 0
13, 1746944, Note_on_c, 7, 79, 103
13, 1747200, Note_on_c, 7, 79, 0
13, 1747456, Note_on_c, 7, 79, 103
13, 1747712, Note_on_c, 7, 79, 0
13, 1747968, Note_on_c, 7, 81, 103
13, 1748224, Note_on_c, 7, 81, 0
13, 1748480, Note_on_c, 7, 83, 103
13, 1748736, Note_on_c, 7, 83, 0
13, 1748992, Note_on_c, 7, 83, 110
13, 1749248, Note_on_c, 7, 83, 0
13, 1749504, Note_on_c, 7, 84, 103
13, 1749760, Note_on_c, 7, 84, 0
13, 1750016, Note_on_c, 7, 83, 103
13, 1750272, Note_on_c, 7, 83, 0
13, 1750528, Note_on_c, 7, 81, 103
13, 1750784, Note_on_c, 7, 81, 0
13, 1751040, Note_on_c, 7, 79, 103
13, 1751296, Note_on_c, 7, 79, 0
13, 1751552, Note_on_c, 7, 78, 103
13, 1751808, Note_on_c, 7, 78, 0
13, 1752064, Note_on_c, 7, 81, 110
13, 1752320, Note_on_c, 7, 81, 0
13, 1752576, Note_on_c, 7, 83, 103
13, 1752832, Note_on_c, 7, 83, 0
13, 1753088, Note_on_c, 7, 81, 103
13, 1753344, Note_on_c, 7, 81, 0
13, 1753600, Note_on_c, 7, 79, 103
13, 1753856, Note_on_c, 7, 79, 0
13, 1754112, Note_on_c, 7, 78, 103
13, 1754368, Note_on_c, 7, 78, 0
13, 1754624, Note_on_c, 7, 76, 103
13, 1754880, Note_on_c, 7, 76, 0
13, 1755136, Note_on_c, 7, 79, 111
13, 1755392, Note_on_c, 7, 79, 0
13, 1755648, Note_on_c, 7, 81, 103
13, 1755904, Note_on_c, 7, 81, 0
13, 1756160, Note_on_c, 7, 79, 103
13, 1756416, Note_on_c, 7, 79, 0
13, 1756672, Note_on_c, 7, 78, 103
13, 1756928, Note_on_c, 7, 78, 0
13, 1757184, Note_on_c, 7, 76, 103
13, 1757440, Note_on_c, 7, 76, 0
13, 1757696, Note_on_c, 7, 74, 103
13, 1757952, Note_on_c, 7, 74, 0
13, 1758208, Note_on_c, 7, 78, 111
13, 1758464, Note_on_c, 7, 78, 0
13, 1758720, Note_on_c, 7, 79, 103
13, 1758976, Note_on_c, 7, 79, 0
13, 1759232, Note_on_c, 7, 78, 103
13, 1759488, Note_on_c, 7, 78, 0
13, 1759744, Note_on_c, 7, 76, 103
13, 1760000, Note_on_c, 7, 76, 0
13, 1760256, Note_on_c, 7, 74, 103
13, 1760512, Note_on_c, 7, 74, 0
13, 1760768, Note_on_c, 7, 73, 103
13, 1761024, Note_on_c, 7, 73, 0
13, 1761280, Note_on_c, 7, 76, 111
13, 1761536, Note_on_c, 7, 76, 0
13, 1761792, Note_on_c, 7, 78, 103
13, 1762048, Note_on_c, 7, 78, 0
13, 1762304, Note_on_c, 7, 76, 103
13, 1762560, Note_on_c, 7, 76, 0
13, 1762816, Note_on_c, 7, 74, 103
13, 1763072, Note_on_c, 7, 74, 0
13, 1763328, Note_on_c, 7, 73, 103
13, 1763584, Note_on_c, 7, 73, 0
13, 1763840, Note_on_c, 7, 71, 103
13, 1764096, Note_on_c, 7, 71, 0
13, 1764352, Note_on_c, 7, 70, 111
13, 1764608, Note_on_c, 7, 70, 0
13, 1764864, Note_on_c, 7, 82, 103
13, 1765120, Note_on_c, 7, 82, 0
13, 1765376, Note_on_c, 7, 82, 103
13, 1765632, Note_on_c, 7, 82, 0
13, 1765888, Note_on_c, 7, 83, 103
13, 1766144, Note_on_c, 7, 83, 0
13, 1766400, Note_on_c, 7, 83, 103
13, 1766656, Note_on_c, 7, 83, 0
13, 1766912, Note_on_c, 7, 83, 103
13, 1767168, Note_on_c, 7, 83, 0
13, 1767424, Note_on_c, 7, 85, 111
13, 1768172, Note_on_c, 7, 85, 0
13, 1768448, Note_on_c, 7, 78, 103
13, 1768822, Note_on_c, 7, 78, 0
13, 1768960, Note_on_c, 7, 78, 119
13, 1771244, Note_on_c, 7, 78, 0
13, 1771520, Note_on_c, 7, 78, 103
13, 1771894, Note_on_c, 7, 78, 0
13, 1772032, Note_on_c, 7, 80, 118
13, 1772780, Note_on_c, 7, 80, 0
13, 1773568, Note_on_c, 7, 71, 111
13, 1773824, Note_on_c, 7, 71, 0
13, 1774080, Note_on_c, 7, 73, 103
13, 1774336, Note_on_c, 7, 73, 0
13, 1774592, Note_on_c, 7, 74, 103
13, 1774848, Note_on_c, 7, 74, 0
13, 1775104, Note_on_c, 7, 74, 103
13, 1775360, Note_on_c, 7, 74, 0
13, 1775616, Note_on_c, 7, 74, 103
13, 1775872, Note_on_c, 7, 74, 0
13, 1776128, Note_on_c, 7, 74, 103
13, 1776384, Note_on_c, 7, 74, 0
13, 1776640, Note_on_c, 7, 74, 110
13, 1776896, Note_on_c, 7, 74, 0
13, 1777152, Note_on_c, 7, 76, 103
13, 1777408, Note_on_c, 7, 76, 0
13, 1777664, Note_on_c, 7, 74, 103
13, 1777920, Note_on_c, 7, 74, 0
13, 1778176, Note_on_c, 7, 73, 103
13, 1778432, Note_on_c, 7, 73, 0
13, 1778688, Note_on_c, 7, 71, 103
13, 1778944, Note_on_c, 7, 71, 0
13, 1779200, Note_on_c, 7, 70, 103
13, 1779456, Note_on_c, 7, 70, 0
13, 1779712, Note_on_c, 7, 85, 111
13, 1780460, Note_on_c, 7, 85, 0
13, 1780736, Note_on_c, 7, 82, 103
13, 1781110, Note_on_c, 7, 82, 0
13, 1781248, Note_on_c, 7, 82, 114
13, 1783532, Note_on_c, 7, 82, 0
13, 1783808, Note_on_c, 7, 82, 103
13, 1784182, Note_on_c, 7, 82, 0
13, 1784320, Note_on_c, 7, 83, 116
13, 1785068, Note_on_c, 7, 83, 0
13, 1785856, Note_on_c, 7, 80, 112
13, 1786604, Note_on_c, 7, 80, 0
13, 1786880, Note_on_c, 7, 68, 95
13, 1787254, Note_on_c, 7, 68, 0
13, 1787392, Note_on_c, 7, 68, 95
13, 1789676, Note_on_c, 7, 68, 0
13, 1789952, Note_on_c, 7, 68, 97
13, 1790326, Note_on_c, 7, 68, 0
13, 1790464, Note_on_c, 7, 70, 97
13, 1791212, Note_on_c, 7, 70, 0
13, 1791488, Note_on_c, 7, 70, 98
13, 1791862, Note_on_c, 7, 70, 0
13, 1792000, Note_on_c, 7, 70, 105
13, 1792748, Note_on_c, 7, 70, 0
13, 1793024, Note_on_c, 7, 70, 99
13, 1793398, Note_on_c, 7, 70, 0
13, 1793536, Note_on_c, 7, 71, 99
13, 1794284, Note_on_c, 7, 71, 0
13, 1794560, Note_on_c, 7, 71, 100
13, 1794934, Note_on_c, 7, 71, 0
13, 1795072, Note_on_c, 7, 71, 106
13, 1795820, Note_on_c, 7, 71, 0
13, 1796096, Note_on_c, 7, 71, 101
13, 1796470, Note_on_c, 7, 71, 0
13, 1796608, Note_on_c, 7, 73, 101
13, 1797356, Note_on_c, 7, 73, 0
13, 1797632, Note_on_c, 7, 73, 102
13, 1798006, Note_on_c, 7, 73, 0
13, 1798144, Note_on_c, 7, 73, 108
13, 1798892, Note_on_c, 7, 73, 0
13, 1799168, Note_on_c, 7, 73, 103
13, 1799542, Note_on_c, 7, 73, 0
13, 1799680, Note_on_c, 7, 74, 103
13, 1800428, Note_on_c, 7, 74, 0
13, 1800704, Note_on_c, 7, 74, 103
13, 1801078, Note_on_c, 7, 74, 0
13, 1801216, Note_on_c, 7, 75, 111
13, 1801964, Note_on_c, 7, 75, 0
13, 1802240, Note_on_c, 7, 75, 104
13, 1802614, Note_on_c, 7, 75, 0
13, 1802752, Note_on_c, 7, 76, 105
13, 1803500, Note_on_c, 7, 76, 0
13, 1803776, Note_on_c, 7, 76, 105
13, 1804150, Note_on_c, 7, 76, 0
13, 1804288, Note_on_c, 7, 76, 114
13, 1805036, Note_on_c, 7, 76, 0
13, 1805312, Note_on_c, 7, 76, 106
13, 1805686, Note_on_c, 7, 76, 0
13, 1805824, Note_on_c, 7, 77, 107
13, 1806572, Note_on_c, 7, 77, 0
13, 1806848, Note_on_c, 7, 77, 107
13, 1807222, Note_on_c, 7, 77, 0
13, 1807360, Note_on_c, 7, 77, 115
13, 1808108, Note_on_c, 7, 77, 0
13, 1808384, Note_on_c, 7, 77, 108
13, 1808758, Note_on_c, 7, 77, 0
13, 1808896, Note_on_c, 7, 78, 108
13, 1809644, Note_on_c, 7, 78, 0
13, 1809920, Note_on_c, 7, 78, 109
13, 1810294, Note_on_c, 7, 78, 0
13, 1810432, Note_on_c, 7, 78, 121
13, 1811180, Note_on_c, 7, 78, 0
13, 1811456, Note_on_c, 7, 78, 109
13, 1811830, Note_on_c, 7, 78, 0
13, 1811968, Note_on_c, 7, 90, 122
13, 1814252, Note_on_c, 7, 90, 0
13, 1814528, Note_on_c, 7, 90, 109
13, 1814902, Note_on_c, 7, 90, 0
13, 1815040, Note_on_c, 7, 78, 124
13, 1817324, Note_on_c, 7, 78, 0
13, 1817600, Note_on_c, 7, 78, 109
13, 1817974, Note_on_c, 7, 78, 0
13, 1818112, Note_on_c, 7, 66, 124
13, 1820396, Note_on_c, 7, 66, 0
13, 1820672, Note_on_c, 7, 66, 108
13, 1821046, Note_on_c, 7, 66, 0
13, 1821184, Note_on_c, 7, 78, 124
13, 1823468, Note_on_c, 7, 78, 0
13, 1823744, Note_on_c, 7, 78, 108
13, 1824118, Note_on_c, 7, 78, 0
13, 1824256, Note_on_c, 7, 90, 123
13, 1826540, Note_on_c, 7, 90, 0
13, 1826816, Note_on_c, 7, 90, 107
13, 1827190, Note_on_c, 7, 90, 0
13, 1827328, Note_on_c, 7, 78, 123
13, 1829612, Note_on_c, 7, 78, 0
13, 1829888, Note_on_c, 7, 78, 107
13, 1830262, Note_on_c, 7, 78, 0
13, 1830400, Note_on_c, 7, 66, 123
13, 1832684, Note_on_c, 7, 66, 0
13, 1832960, Note_on_c, 7, 66, 107
13, 1833334, Note_on_c, 7, 66, 0
13, 1833472, Note_on_c, 7, 78, 123
13, 1835756, Note_on_c, 7, 78, 0
13, 1847296, Note_on_c, 7, 59, 35
13, 1852826, Note_on_c, 7, 59, 0
13, 1865728, Note_on_c, 7, 59, 28
13, 1871258, Note_on_c, 7, 59, 0
13, 1884160, Note_on_c, 7, 57, 103
13, 1889280, Note_on_c, 7, 57, 0
13, 1889280, Note_on_c, 7, 59, 103
13, 1889792, Note_on_c, 7, 59, 0
13, 1889792, Note_on_c, 7, 61, 103
13, 1890304, Note_on_c, 7, 61, 0
13, 1890304, Note_on_c, 7, 62, 105
13, 1890560, Note_on_c, 7, 62, 0
13, 1890816, Note_on_c, 7, 86, 105
13, 1891072, Note_on_c, 7, 86, 0
13, 1891328, Note_on_c, 7, 85, 105
13, 1891584, Note_on_c, 7, 85, 0
13, 1891840, Note_on_c, 7, 83, 105
13, 1892096, Note_on_c, 7, 83, 0
13, 1892352, Note_on_c, 7, 81, 105
13, 1892608, Note_on_c, 7, 81, 0
13, 1892864, Note_on_c, 7, 79, 105
13, 1893120, Note_on_c, 7, 79, 0
13, 1893376, Note_on_c, 7, 78, 105
13, 1893632, Note_on_c, 7, 78, 0
13, 1893888, Note_on_c, 7, 76, 105
13, 1894144, Note_on_c, 7, 76, 0
13, 1894400, Note_on_c, 7, 74, 105
13, 1894656, Note_on_c, 7, 74, 0
13, 1894912, Note_on_c, 7, 73, 105
13, 1895168, Note_on_c, 7, 73, 0
13, 1895424, Note_on_c, 7, 71, 105
13, 1895680, Note_on_c, 7, 71, 0
13, 1895936, Note_on_c, 7, 69, 105
13, 1896192, Note_on_c, 7, 69, 0
13, 1896448, Note_on_c, 7, 57, 105
13, 1896704, Note_on_c, 7, 57, 0
13, 1896960, Note_on_c, 7, 69, 105
13, 1897216, Note_on_c, 7, 69, 0
13, 1897472, Note_on_c, 7, 71, 105
13, 1897728, Note_on_c, 7, 71, 0
13, 1897984, Note_on_c, 7, 73, 105
13, 1898240, Note_on_c, 7, 73, 0
13, 1898496, Note_on_c, 7, 74, 105
13, 1898752, Note_on_c, 7, 74, 0
13, 1899008, Note_on_c, 7, 76, 105
13, 1899264, Note_on_c, 7, 76, 0
13, 1899520, Note_on_c, 7, 78, 105
13, 1899776, Note_on_c, 7, 78, 0
13, 1900032, Note_on_c, 7, 79, 105
13, 1900288, Note_on_c, 7, 79, 0
13, 1900544, Note_on_c, 7, 81, 105
13, 1900800, Note_on_c, 7, 81, 0
13, 1901056, Note_on_c, 7, 83, 105
13, 1901312, Note_on_c, 7, 83, 0
13, 1901568, Note_on_c, 7, 81, 105
13, 1901824, Note_on_c, 7, 81, 0
13, 1902080, Note_on_c, 7, 85, 105
13, 1902336, Note_on_c, 7, 85, 0
13, 1902592, Note_on_c, 7, 86, 105
13, 1902848, Note_on_c, 7, 86, 0
13, 1903104, Note_on_c, 7, 81, 105
13, 1903360, Note_on_c, 7, 81, 0
13, 1903616, Note_on_c, 7, 79, 105
13, 1903872, Note_on_c, 7, 79, 0
13, 1904128, Note_on_c, 7, 78, 105
13, 1904384, Note_on_c, 7, 78, 0
13, 1904640, Note_on_c, 7, 76, 105
13, 1904896, Note_on_c, 7, 76, 0
13, 1905152, Note_on_c, 7, 74, 105
13, 1905408, Note_on_c, 7, 74, 0
13, 1905664, Note_on_c, 7, 73, 105
13, 1905920, Note_on_c, 7, 73, 0
13, 1906176, Note_on_c, 7, 74, 105
13, 1906432, Note_on_c, 7, 74, 0
13, 1906688, Note_on_c, 7, 71, 105
13, 1906944, Note_on_c, 7, 71, 0
13, 1907200, Note_on_c, 7, 69, 105
13, 1907456, Note_on_c, 7, 69, 0
13, 1907712, Note_on_c, 7, 71, 105
13, 1907968, Note_on_c, 7, 71, 0
13, 1908224, Note_on_c, 7, 68, 105
13, 1908480, Note_on_c, 7, 68, 0
13, 1908736, Note_on_c, 7, 57, 105
13, 1908992, Note_on_c, 7, 57, 0
13, 1909248, Note_on_c, 7, 69, 105
13, 1909504, Note_on_c, 7, 69, 0
13, 1909760, Note_on_c, 7, 71, 105
13, 1910016, Note_on_c, 7, 71, 0
13, 1910272, Note_on_c, 7, 73, 105
13, 1910528, Note_on_c, 7, 73, 0
13, 1910784, Note_on_c, 7, 74, 105
13, 1911040, Note_on_c, 7, 74, 0
13, 1911296, Note_on_c, 7, 76, 105
13, 1911552, Note_on_c, 7, 76, 0
13, 1911808, Note_on_c, 7, 78, 105
13, 1912064, Note_on_c, 7, 78, 0
13, 1912320, Note_on_c, 7, 79, 105
13, 1912576, Note_on_c, 7, 79, 0
13, 1912832, Note_on_c, 7, 81, 105
13, 1913088, Note_on_c, 7, 81, 0
13, 1913344, Note_on_c, 7, 83, 105
13, 1913600, Note_on_c, 7, 83, 0
13, 1913856, Note_on_c, 7, 81, 105
13, 1914112, Note_on_c, 7, 81, 0
13, 1914368, Note_on_c, 7, 85, 105
13, 1914624, Note_on_c, 7, 85, 0
13, 1914880, Note_on_c, 7, 86, 105
13, 1915136, Note_on_c, 7, 86, 0
13, 1915392, Note_on_c, 7, 83, 105
13, 1915648, Note_on_c, 7, 83, 0
13, 1915904, Note_on_c, 7, 81, 105
13, 1916160, Note_on_c, 7, 81, 0
13, 1916416, Note_on_c, 7, 79, 105
13, 1916672, Note_on_c, 7, 79, 0
13, 1916928, Note_on_c, 7, 78, 105
13, 1917184, Note_on_c, 7, 78, 0
13, 1917440, Note_on_c, 7, 76, 105
13, 1917696, Note_on_c, 7, 76, 0
13, 1917952, Note_on_c, 7, 74, 105
13, 1918208, Note_on_c, 7, 74, 0
13, 1918464, Note_on_c, 7, 76, 105
13, 1918720, Note_on_c, 7, 76, 0
13, 1918976, Note_on_c, 7, 74, 105
13, 1919232, Note_on_c, 7, 74, 0
13, 1919488, Note_on_c, 7, 72, 105
13, 1919744, Note_on_c, 7, 72, 0
13, 1920000, Note_on_c, 7, 71, 105
13, 1920256, Note_on_c, 7, 71, 0
13, 1920512, Note_on_c, 7, 69, 105
13, 1920768, Note_on_c, 7, 69, 0
13, 1921024, Note_on_c, 7, 55, 105
13, 1921280, Note_on_c, 7, 55, 0
13, 1921536, Note_on_c, 7, 69, 105
13, 1921792, Note_on_c, 7, 69, 0
13, 1922048, Note_on_c, 7, 71, 105
13, 1922304, Note_on_c, 7, 71, 0
13, 1922560, Note_on_c, 7, 72, 105
13, 1922816, Note_on_c, 7, 72, 0
13, 1923072, Note_on_c, 7, 74, 105
13, 1923328, Note_on_c, 7, 74, 0
13, 1923584, Note_on_c, 7, 76, 105
13, 1923840, Note_on_c, 7, 76, 0
13, 1924096, Note_on_c, 7, 78, 105
13, 1924352, Note_on_c, 7, 78, 0
13, 1924608, Note_on_c, 7, 79, 105
13, 1924864, Note_on_c, 7, 79, 0
13, 1925120, Note_on_c, 7, 81, 105
13, 1925376, Note_on_c, 7, 81, 0
13, 1925632, Note_on_c, 7, 83, 105
13, 1925888, Note_on_c, 7, 83, 0
13, 1926144, Note_on_c, 7, 67, 105
13, 1926400, Note_on_c, 7, 67, 0
13, 1926656, Note_on_c, 7, 67, 105
13, 1926912, Note_on_c, 7, 67, 0
13, 1927168, Note_on_c, 7, 57, 105
13, 1927424, Note_on_c, 7, 57, 0
13, 1927680, Note_on_c, 7, 79, 105
13, 1927936, Note_on_c, 7, 79, 0
13, 1928192, Note_on_c, 7, 78, 105
13, 1928448, Note_on_c, 7, 78, 0
13, 1928704, Note_on_c, 7, 76, 105
13, 1928960, Note_on_c, 7, 76, 0
13, 1929216, Note_on_c, 7, 74, 105
13, 1929472, Note_on_c, 7, 74, 0
13, 1929728, Note_on_c, 7, 73, 105
13, 1929984, Note_on_c, 7, 73, 0
13, 1930240, Note_on_c, 7, 71, 105
13, 1930496, Note_on_c, 7, 71, 0
13, 1930752, Note_on_c, 7, 69, 105
13, 1931008, Note_on_c, 7, 69, 0
13, 1931264, Note_on_c, 7, 74, 105
13, 1931520, Note_on_c, 7, 74, 0
13, 1931776, Note_on_c, 7, 69, 105
13, 1932032, Note_on_c, 7, 69, 0
13, 1932288, Note_on_c, 7, 66, 105
13, 1932544, Note_on_c, 7, 66, 0
13, 1932800, Note_on_c, 7, 62, 105
13, 1933056, Note_on_c, 7, 62, 0
13, 1933312, Note_on_c, 7, 59, 105
13, 1933568, Note_on_c, 7, 59, 0
13, 1933824, Note_on_c, 7, 57, 105
13, 1934080, Note_on_c, 7, 57, 0
13, 1934336, Note_on_c, 7, 56, 105
13, 1934592, Note_on_c, 7, 56, 0
13, 1934848, Note_on_c, 7, 57, 105
13, 1935104, Note_on_c, 7, 57, 0
13, 1935360, Note_on_c, 7, 69, 105
13, 1935616, Note_on_c, 7, 69, 0
13, 1935872, Note_on_c, 7, 69, 105
13, 1936128, Note_on_c, 7, 69, 0
13, 1936384, Note_on_c, 7, 62, 105
13, 1936640, Note_on_c, 7, 62, 0
13, 1936896, Note_on_c, 7, 69, 105
13, 1937152, Note_on_c, 7, 69, 0
13, 1937408, Note_on_c, 7, 68, 105
13, 1937664, Note_on_c, 7, 68, 0
13, 1937920, Note_on_c, 7, 69, 105
13, 1938176, Note_on_c, 7, 69, 0
13, 1938432, Note_on_c, 7, 78, 105
13, 1938688, Note_on_c, 7, 78, 0
13, 1938944, Note_on_c, 7, 74, 105
13, 1939200, Note_on_c, 7, 74, 0
13, 1939456, Note_on_c, 7, 69, 99
13, 1939712, Note_on_c, 7, 69, 0
13, 1939968, Note_on_c, 7, 81, 99
13, 1940224, Note_on_c, 7, 81, 0
13, 1940480, Note_on_c, 7, 80, 99
13, 1940736, Note_on_c, 7, 80, 0
13, 1940992, Note_on_c, 7, 81, 99
13, 1941248, Note_on_c, 7, 81, 0
13, 1941504, Note_on_c, 7, 76, 100
13, 1941760, Note_on_c, 7, 76, 0
13, 1942016, Note_on_c, 7, 73, 100
13, 1942272, Note_on_c, 7, 73, 0
13, 1942528, Note_on_c, 7, 69, 100
13, 1942784, Note_on_c, 7, 69, 0
13, 1943040, Note_on_c, 7, 81, 100
13, 1943296, Note_on_c, 7, 81, 0
13, 1943552, Note_on_c, 7, 80, 101
13, 1943808, Note_on_c, 7, 80, 0
13, 1944064, Note_on_c, 7, 81, 101
13, 1944320, Note_on_c, 7, 81, 0
13, 1944576, Note_on_c, 7, 78, 101
13, 1944832, Note_on_c, 7, 78, 0
13, 1945088, Note_on_c, 7, 74, 101
13, 1945344, Note_on_c, 7, 74, 0
13, 1945600, Note_on_c, 7, 69, 102
13, 1945856, Note_on_c, 7, 69, 0
13, 1946112, Note_on_c, 7, 81, 102
13, 1946368, Note_on_c, 7, 81, 0
13, 1946624, Note_on_c, 7, 83, 102
13, 1946880, Note_on_c, 7, 83, 0
13, 1947136, Note_on_c, 7, 81, 102
13, 1947392, Note_on_c, 7, 81, 0
13, 1947648, Note_on_c, 7, 69, 103
13, 1947904, Note_on_c, 7, 69, 0
13, 1948160, Note_on_c, 7, 69, 103
13, 1948416, Note_on_c, 7, 69, 0
13, 1948672, Note_on_c, 7, 69, 103
13, 1948928, Note_on_c, 7, 69, 0
13, 1949184, Note_on_c, 7, 81, 103
13, 1949440, Note_on_c, 7, 81, 0
13, 1949696, Note_on_c, 7, 80, 104
13, 1949952, Note_on_c, 7, 80, 0
13, 1950208, Note_on_c, 7, 81, 104
13, 1950464, Note_on_c, 7, 81, 0
13, 1950720, Note_on_c, 7, 78, 104
13, 1950976, Note_on_c, 7, 78, 0
13, 1951232, Note_on_c, 7, 74, 105
13, 1951488, Note_on_c, 7, 74, 0
13, 1951744, Note_on_c, 7, 69, 105
13, 1952000, Note_on_c, 7, 69, 0
13, 1952256, Note_on_c, 7, 81, 105
13, 1952512, Note_on_c, 7, 81, 0
13, 1952768, Note_on_c, 7, 83, 105
13, 1953024, Note_on_c, 7, 83, 0
13, 1953280, Note_on_c, 7, 81, 106
13, 1953536, Note_on_c, 7, 81, 0
13, 1953792, Note_on_c, 7, 69, 106
13, 1954048, Note_on_c, 7, 69, 0
13, 1954304, Note_on_c, 7, 69, 106
13, 1954560, Note_on_c, 7, 69, 0
13, 1954816, Note_on_c, 7, 58, 106
13, 1955072, Note_on_c, 7, 58, 0
13, 1955328, Note_on_c, 7, 70, 107
13, 1955584, Note_on_c, 7, 70, 0
13, 1955840, Note_on_c, 7, 70, 107
13, 1956096, Note_on_c, 7, 70, 0
13, 1956352, Note_on_c, 7, 66, 107
13, 1956608, Note_on_c, 7, 66, 0
13, 1956864, Note_on_c, 7, 78, 107
13, 1957120, Note_on_c, 7, 78, 0
13, 1957376, Note_on_c, 7, 78, 108
13, 1957632, Note_on_c, 7, 78, 0
13, 1957888, Note_on_c, 7, 59, 108
13, 1958144, Note_on_c, 7, 59, 0
13, 1958400, Note_on_c, 7, 71, 108
13, 1958656, Note_on_c, 7, 71, 0
13, 1958912, Note_on_c, 7, 71, 108
13, 1959168, Note_on_c, 7, 71, 0
13, 1959424, Note_on_c, 7, 64, 109
13, 1959680, Note_on_c, 7, 64, 0
13, 1959936, Note_on_c, 7, 76, 109
13, 1960192, Note_on_c, 7, 76, 0
13, 1960448, Note_on_c, 7, 76, 109
13, 1960704, Note_on_c, 7, 76, 0
13, 1960960, Note_on_c, 7, 69, 109
13, 1961216, Note_on_c, 7, 69, 0
13, 1961472, Note_on_c, 7, 81, 110
13, 1961728, Note_on_c, 7, 81, 0
13, 1961984, Note_on_c, 7, 81, 110
13, 1962240, Note_on_c, 7, 81, 0
13, 1962496, Note_on_c, 7, 57, 110
13, 1962752, Note_on_c, 7, 57, 0
13, 1963008, Note_on_c, 7, 69, 110
13, 1963264, Note_on_c, 7, 69, 0
13, 1963520, Note_on_c, 7, 69, 111
13, 1963776, Note_on_c, 7, 69, 0
13, 1964032, Note_on_c, 7, 74, 111
13, 1964288, Note_on_c, 7, 74, 0
13, 1964544, Note_on_c, 7, 86, 111
13, 1964800, Note_on_c, 7, 86, 0
13, 1965056, Note_on_c, 7, 84, 111
13, 1965312, Note_on_c, 7, 84, 0
13, 1965568, Note_on_c, 7, 83, 111
13, 1965824, Note_on_c, 7, 83, 0
13, 1966080, Note_on_c, 7, 81, 111
13, 1966336, Note_on_c, 7, 81, 0
13, 1966592, Note_on_c, 7, 79, 111
13, 1966848, Note_on_c, 7, 79, 0
13, 1967104, Note_on_c, 7, 78, 111
13, 1967360, Note_on_c, 7, 78, 0
13, 1967616, Note_on_c, 7, 76, 111
13, 1967872, Note_on_c, 7, 76, 0
13, 1968128, Note_on_c, 7, 74, 111
13, 1968384, Note_on_c, 7, 74, 0
13, 1968640, Note_on_c, 7, 72, 111
13, 1968896, Note_on_c, 7, 72, 0
13, 1969152, Note_on_c, 7, 71, 111
13, 1969408, Note_on_c, 7, 71, 0
13, 1969664, Note_on_c, 7, 69, 111
13, 1969920, Note_on_c, 7, 69, 0
13, 1970176, Note_on_c, 7, 55, 111
13, 1970432, Note_on_c, 7, 55, 0
13, 1970688, Note_on_c, 7, 69, 111
13, 1970944, Note_on_c, 7, 69, 0
13, 1971200, Note_on_c, 7, 71, 111
13, 1971456, Note_on_c, 7, 71, 0
13, 1971712, Note_on_c, 7, 72, 111
13, 1971968, Note_on_c, 7, 72, 0
13, 1972224, Note_on_c, 7, 74, 111
13, 1972480, Note_on_c, 7, 74, 0
13, 1972736, Note_on_c, 7, 76, 111
13, 1972992, Note_on_c, 7, 76, 0
13, 1973248, Note_on_c, 7, 78, 111
13, 1973504, Note_on_c, 7, 78, 0
13, 1973760, Note_on_c, 7, 79, 111
13, 1974016, Note_on_c, 7, 79, 0
13, 1974272, Note_on_c, 7, 81, 111
13, 1974528, Note_on_c, 7, 81, 0
13, 1974784, Note_on_c, 7, 83, 111
13, 1975040, Note_on_c, 7, 83, 0
13, 1975296, Note_on_c, 7, 67, 111
13, 1975552, Note_on_c, 7, 67, 0
13, 1975808, Note_on_c, 7, 67, 111
13, 1976064, Note_on_c, 7, 67, 0
13, 1976320, Note_on_c, 7, 57, 111
13, 1976576, Note_on_c, 7, 57, 0
13, 1976832, Note_on_c, 7, 79, 111
13, 1977088, Note_on_c, 7, 79, 0
13, 1977344, Note_on_c, 7, 78, 111
13, 1977600, Note_on_c, 7, 78, 0
13, 1977856, Note_on_c, 7, 76, 111
13, 1978112, Note_on_c, 7, 76, 0
13, 1978368, Note_on_c, 7, 74, 111
13, 1978624, Note_on_c, 7, 74, 0
13, 1978880, Note_on_c, 7, 73, 111
13, 1979136, Note_on_c, 7, 73, 0
13, 1979392, Note_on_c, 7, 71, 111
13, 1979648, Note_on_c, 7, 71, 0
13, 1979904, Note_on_c, 7, 69, 111
13, 1980160, Note_on_c, 7, 69, 0
13, 1980416, Note_on_c, 7, 74, 111
13, 1980672, Note_on_c, 7, 74, 0
13, 1980928, Note_on_c, 7, 69, 111
13, 1981184, Note_on_c, 7, 69, 0
13, 1981440, Note_on_c, 7, 66, 111
13, 1981696, Note_on_c, 7, 66, 0
13, 1981952, Note_on_c, 7, 62, 111
13, 1982208, Note_on_c, 7, 62, 0
13, 1982464, Note_on_c, 7, 59, 111
13, 1982720, Note_on_c, 7, 59, 0
13, 1982976, Note_on_c, 7, 57, 111
13, 1983232, Note_on_c, 7, 57, 0
13, 1983488, Note_on_c, 7, 56, 111
13, 1983744, Note_on_c, 7, 56, 0
13, 1984000, Note_on_c, 7, 57, 111
13, 1984256, Note_on_c, 7, 57, 0
13, 1984512, Note_on_c, 7, 69, 111
13, 1984768, Note_on_c, 7, 69, 0
13, 1985024, Note_on_c, 7, 69, 111
13, 1985280, Note_on_c, 7, 69, 0
13, 1985536, Note_on_c, 7, 62, 111
13, 1985792, Note_on_c, 7, 62, 0
13, 1986048, Note_on_c, 7, 69, 110
13, 1986304, Note_on_c, 7, 69, 0
13, 1986560, Note_on_c, 7, 68, 109
13, 1986816, Note_on_c, 7, 68, 0
13, 1987072, Note_on_c, 7, 69, 108
13, 1987328, Note_on_c, 7, 69, 0
13, 1987584, Note_on_c, 7, 78, 107
13, 1987840, Note_on_c, 7, 78, 0
13, 1988096, Note_on_c, 7, 74, 106
13, 1988352, Note_on_c, 7, 74, 0
13, 1988608, Note_on_c, 7, 69, 105
13, 1988864, Note_on_c, 7, 69, 0
13, 1989120, Note_on_c, 7, 81, 104
13, 1989376, Note_on_c, 7, 81, 0
13, 1989632, Note_on_c, 7, 80, 104
13, 1989888, Note_on_c, 7, 80, 0
13, 1990144, Note_on_c, 7, 81, 104
13, 1990400, Note_on_c, 7, 81, 0
13, 1990656, Note_on_c, 7, 76, 104
13, 1990912, Note_on_c, 7, 76, 0
13, 1991168, Note_on_c, 7, 73, 105
13, 1991424, Note_on_c, 7, 73, 0
13, 1991680, Note_on_c, 7, 69, 105
13, 1991936, Note_on_c, 7, 69, 0
13, 1992192, Note_on_c, 7, 81, 105
13, 1992448, Note_on_c, 7, 81, 0
13, 1992704, Note_on_c, 7, 80, 105
13, 1992960, Note_on_c, 7, 80, 0
13, 1993216, Note_on_c, 7, 81, 106
13, 1993472, Note_on_c, 7, 81, 0
13, 1993728, Note_on_c, 7, 78, 106
13, 1993984, Note_on_c, 7, 78, 0
13, 1994240, Note_on_c, 7, 74, 106
13, 1994496, Note_on_c, 7, 74, 0
13, 1994752, Note_on_c, 7, 69, 106
13, 1995008, Note_on_c, 7, 69, 0
13, 1995264, Note_on_c, 7, 81, 107
13, 1995520, Note_on_c, 7, 81, 0
13, 1995776, Note_on_c, 7, 83, 107
13, 1996032, Note_on_c, 7, 83, 0
13, 1996288, Note_on_c, 7, 81, 107
13, 1996544, Note_on_c, 7, 81, 0
13, 1996800, Note_on_c, 7, 69, 107
13, 1997056, Note_on_c, 7, 69, 0
13, 1997312, Note_on_c, 7, 69, 108
13, 1997568, Note_on_c, 7, 69, 0
13, 1997824, Note_on_c, 7, 69, 108
13, 1998080, Note_on_c, 7, 69, 0
13, 1998336, Note_on_c, 7, 81, 108
13, 1998592, Note_on_c, 7, 81, 0
13, 1998848, Note_on_c, 7, 80, 108
13, 1999104, Note_on_c, 7, 80, 0
13, 1999360, Note_on_c, 7, 81, 109
13, 1999616, Note_on_c, 7, 81, 0
13, 1999872, Note_on_c, 7, 78, 109
13, 2000128, Note_on_c, 7, 78, 0
13, 2000384, Note_on_c, 7, 74, 109
13, 2000640, Note_on_c, 7, 74, 0
13, 2000896, Note_on_c, 7, 69, 109
13, 2001152, Note_on_c, 7, 69, 0
13, 2001408, Note_on_c, 7, 81, 109
13, 2001664, Note_on_c, 7, 81, 0
13, 2001920, Note_on_c, 7, 83, 110
13, 2002176, Note_on_c, 7, 83, 0
13, 2002432, Note_on_c, 7, 81, 110
13, 2002688, Note_on_c, 7, 81, 0
13, 2002944, Note_on_c, 7, 69, 110
13, 2003200, Note_on_c, 7, 69, 0
13, 2003456, Note_on_c, 7, 69, 110
13, 2003712, Note_on_c, 7, 69, 0
13, 2003968, Note_on_c, 7, 58, 111
13, 2004224, Note_on_c, 7, 58, 0
13, 2004480, Note_on_c, 7, 70, 111
13, 2004736, Note_on_c, 7, 70, 0
13, 2004992, Note_on_c, 7, 70, 111
13, 2005248, Note_on_c, 7, 70, 0
13, 2005504, Note_on_c, 7, 66, 111
13, 2005760, Note_on_c, 7, 66, 0
13, 2006016, Note_on_c, 7, 78, 112
13, 2006272, Note_on_c, 7, 78, 0
13, 2006528, Note_on_c, 7, 78, 112
13, 2006784, Note_on_c, 7, 78, 0
13, 2007040, Note_on_c, 7, 59, 112
13, 2007296, Note_on_c, 7, 59, 0
13, 2007552, Note_on_c, 7, 71, 112
13, 2007808, Note_on_c, 7, 71, 0
13, 2008064, Note_on_c, 7, 71, 113
13, 2008320, Note_on_c, 7, 71, 0
13, 2008576, Note_on_c, 7, 64, 113
13, 2008832, Note_on_c, 7, 64, 0
13, 2009088, Note_on_c, 7, 76, 113
13, 2009344, Note_on_c, 7, 76, 0
13, 2009600, Note_on_c, 7, 76, 113
13, 2009856, Note_on_c, 7, 76, 0
13, 2010112, Note_on_c, 7, 69, 114
13, 2010368, Note_on_c, 7, 69, 0
13, 2010624, Note_on_c, 7, 81, 114
13, 2010880, Note_on_c, 7, 81, 0
13, 2011136, Note_on_c, 7, 81, 114
13, 2011392, Note_on_c, 7, 81, 0
13, 2011648, Note_on_c, 7, 57, 114
13, 2011904, Note_on_c, 7, 57, 0
13, 2012160, Note_on_c, 7, 69, 114
13, 2012416, Note_on_c, 7, 69, 0
13, 2012672, Note_on_c, 7, 69, 114
13, 2012928, Note_on_c, 7, 69, 0
13, 2013184, Note_on_c, 7, 62, 114
13, 2013440, Note_on_c, 7, 62, 0
13, 2013696, Note_on_c, 7, 86, 113
13, 2013952, Note_on_c, 7, 86, 0
13, 2014208, Note_on_c, 7, 84, 113
13, 2014464, Note_on_c, 7, 84, 0
13, 2014720, Note_on_c, 7, 83, 113
13, 2014976, Note_on_c, 7, 83, 0
13, 2015232, Note_on_c, 7, 81, 113
13, 2015488, Note_on_c, 7, 81, 0
13, 2015744, Note_on_c, 7, 79, 112
13, 2016000, Note_on_c, 7, 79, 0
13, 2016256, Note_on_c, 7, 78, 112
13, 2016512, Note_on_c, 7, 78, 0
13, 2016768, Note_on_c, 7, 76, 112
13, 2017024, Note_on_c, 7, 76, 0
13, 2017280, Note_on_c, 7, 74, 112
13, 2017536, Note_on_c, 7, 74, 0
13, 2017792, Note_on_c, 7, 72, 112
13, 2018048, Note_on_c, 7, 72, 0
13, 2018304, Note_on_c, 7, 71, 111
13, 2018560, Note_on_c, 7, 71, 0
13, 2018816, Note_on_c, 7, 69, 111
13, 2019072, Note_on_c, 7, 69, 0
13, 2019328, Note_on_c, 7, 55, 111
13, 2019584, Note_on_c, 7, 55, 0
13, 2019840, Note_on_c, 7, 69, 111
13, 2020096, Note_on_c, 7, 69, 0
13, 2020352, Note_on_c, 7, 71, 110
13, 2020608, Note_on_c, 7, 71, 0
13, 2020864, Note_on_c, 7, 72, 110
13, 2021120, Note_on_c, 7, 72, 0
13, 2021376, Note_on_c, 7, 74, 110
13, 2021632, Note_on_c, 7, 74, 0
13, 2021888, Note_on_c, 7, 76, 110
13, 2022144, Note_on_c, 7, 76, 0
13, 2022400, Note_on_c, 7, 78, 109
13, 2022656, Note_on_c, 7, 78, 0
13, 2022912, Note_on_c, 7, 79, 109
13, 2023168, Note_on_c, 7, 79, 0
13, 2023424, Note_on_c, 7, 81, 109
13, 2023680, Note_on_c, 7, 81, 0
13, 2023936, Note_on_c, 7, 83, 109
13, 2024192, Note_on_c, 7, 83, 0
13, 2024448, Note_on_c, 7, 67, 108
13, 2024704, Note_on_c, 7, 67, 0
13, 2024960, Note_on_c, 7, 67, 108
13, 2025216, Note_on_c, 7, 67, 0
13, 2025472, Note_on_c, 7, 57, 108
13, 2025728, Note_on_c, 7, 57, 0
13, 2025984, Note_on_c, 7, 79, 108
13, 2026240, Note_on_c, 7, 79, 0
13, 2026496, Note_on_c, 7, 78, 107
13, 2026752, Note_on_c, 7, 78, 0
13, 2027008, Note_on_c, 7, 76, 107
13, 2027264, Note_on_c, 7, 76, 0
13, 2027520, Note_on_c, 7, 74, 107
13, 2027776, Note_on_c, 7, 74, 0
13, 2028032, Note_on_c, 7, 73, 107
13, 2028288, Note_on_c, 7, 73, 0
13, 2028544, Note_on_c, 7, 71, 106
13, 2028800, Note_on_c, 7, 71, 0
13, 2029056, Note_on_c, 7, 69, 106
13, 2029312, Note_on_c, 7, 69, 0
13, 2029568, Note_on_c, 7, 74, 106
13, 2029824, Note_on_c, 7, 74, 0
13, 2030080, Note_on_c, 7, 69, 106
13, 2030336, Note_on_c, 7, 69, 0
13, 2030592, Note_on_c, 7, 66, 105
13, 2030848, Note_on_c, 7, 66, 0
13, 2031104, Note_on_c, 7, 62, 105
13, 2031360, Note_on_c, 7, 62, 0
13, 2031616, Note_on_c, 7, 59, 105
13, 2031872, Note_on_c, 7, 59, 0
13, 2032128, Note_on_c, 7, 57, 105
13, 2032384, Note_on_c, 7, 57, 0
13, 2032640, Note_on_c, 7, 56, 105
13, 2032896, Note_on_c, 7, 56, 0
13, 2033152, Note_on_c, 7, 57, 104
13, 2033408, Note_on_c, 7, 57, 0
13, 2033664, Note_on_c, 7, 69, 104
13, 2033920, Note_on_c, 7, 69, 0
13, 2034176, Note_on_c, 7, 69, 104
13, 2034432, Note_on_c, 7, 69, 0
13, 2034688, Note_on_c, 7, 62, 104
13, 2034944, Note_on_c, 7, 62, 0
13, 2035200, Note_on_c, 7, 74, 104
13, 2035456, Note_on_c, 7, 74, 0
13, 2035712, Note_on_c, 7, 73, 104
13, 2035968, Note_on_c, 7, 73, 0
13, 2036224, Note_on_c, 7, 74, 104
13, 2036480, Note_on_c, 7, 74, 0
13, 2036736, Note_on_c, 7, 78, 104
13, 2036992, Note_on_c, 7, 78, 0
13, 2037248, Note_on_c, 7, 81, 104
13, 2037504, Note_on_c, 7, 81, 0
13, 2037760, Note_on_c, 7, 86, 118
13, 2038016, Note_on_c, 7, 86, 0
13, 2038272, Note_on_c, 7, 62, 104
13, 2038528, Note_on_c, 7, 62, 0
13, 2038784, Note_on_c, 7, 61, 104
13, 2039040, Note_on_c, 7, 61, 0
13, 2039296, Note_on_c, 7, 62, 104
13, 2039552, Note_on_c, 7, 62, 0
13, 2039808, Note_on_c, 7, 66, 104
13, 2040064, Note_on_c, 7, 66, 0
13, 2040320, Note_on_c, 7, 69, 104
13, 2040576, Note_on_c, 7, 69, 0
13, 2040832, Note_on_c, 7, 72, 104
13, 2041088, Note_on_c, 7, 72, 0
13, 2041344, Note_on_c, 7, 64, 104
13, 2041600, Note_on_c, 7, 64, 0
13, 2041856, Note_on_c, 7, 62, 104
13, 2042112, Note_on_c, 7, 62, 0
13, 2042368, Note_on_c, 7, 60, 104
13, 2042624, Note_on_c, 7, 60, 0
13, 2042880, Note_on_c, 7, 59, 104
13, 2043136, Note_on_c, 7, 59, 0
13, 2043392, Note_on_c, 7, 57, 104
13, 2043648, Note_on_c, 7, 57, 0
13, 2043904, Note_on_c, 7, 55, 118
13, 2044160, Note_on_c, 7, 55, 0
13, 2044416, Note_on_c, 7, 59, 105
13, 2044672, Note_on_c, 7, 59, 0
13, 2044928, Note_on_c, 7, 62, 107
13, 2045184, Note_on_c, 7, 62, 0
13, 2045440, Note_on_c, 7, 67, 108
13, 2045696, Note_on_c, 7, 67, 0
13, 2045952, Note_on_c, 7, 71, 110
13, 2046208, Note_on_c, 7, 71, 0
13, 2046464, Note_on_c, 7, 74, 111
13, 2046720, Note_on_c, 7, 74, 0
13, 2046976, Note_on_c, 7, 79, 113
13, 2047724, Note_on_c, 7, 79, 0
13, 2050048, Control_c, 7, 121, 127
13, 2050048, End_track
14, 0, Start_track
14, 0, Title_t, "Violin II"
14, 0, Program_c, 7, 48
14, 0, Control_c, 7, 121, 127
14, 0, Control_c, 7, 91, 127
14, 0, Control_c, 7, 1, 10
14, 0, Control_c, 7, 10, 50
14, 0, Control_c, 7, 11, 100
14, 92160, Note_on_c, 7, 57, 28
14, 92160, Note_on_c, 7, 64, 28
14, 92331, Note_on_c, 7, 57, 0
14, 92331, Note_on_c, 7, 64, 0
14, 92331, Note_on_c, 7, 57, 28
14, 92331, Note_on_c, 7, 64, 28
14, 92501, Note_on_c, 7, 57, 0
14, 92501, Note_on_c, 7, 64, 0
14, 92501, Note_on_c, 7, 57, 28
14, 92501, Note_on_c, 7, 64, 28
14, 92672, Note_on_c, 7, 57, 0
14, 92672, Note_on_c, 7, 64, 0
14, 92672, Note_on_c, 7, 57, 28
14, 92672, Note_on_c, 7, 64, 28
14, 92843, Note_on_c, 7, 57, 0
14, 92843, Note_on_c, 7, 64, 0
14, 92843, Note_on_c, 7, 57, 28
14, 92843, Note_on_c, 7, 64, 28
14, 93013, Note_on_c, 7, 57, 0
14, 93013, Note_on_c, 7, 64, 0
14, 93013, Note_on_c, 7, 57, 28
14, 93013, Note_on_c, 7, 64, 28
14, 93184, Note_on_c, 7, 57, 0
14, 93184, Note_on_c, 7, 64, 0
14, 93184, Note_on_c, 7, 57, 28
14, 93184, Note_on_c, 7, 64, 28
14, 93355, Note_on_c, 7, 57, 0
14, 93355, Note_on_c, 7, 64, 0
14, 93355, Note_on_c, 7, 57, 28
14, 93355, Note_on_c, 7, 64, 28
14, 93525, Note_on_c, 7, 57, 0
14, 93525, Note_on_c, 7, 64, 0
14, 93525, Note_on_c, 7, 57, 28
14, 93525, Note_on_c, 7, 64, 28
14, 93696, Note_on_c, 7, 57, 0
14, 93696, Note_on_c, 7, 64, 0
14, 93696, Note_on_c, 7, 57, 28
14, 93696, Note_on_c, 7, 64, 28
14, 93867, Note_on_c, 7, 57, 0
14, 93867, Note_on_c, 7, 64, 0
14, 93867, Note_on_c, 7, 57, 28
14, 93867, Note_on_c, 7, 64, 28
14, 94037, Note_on_c, 7, 57, 0
14, 94037, Note_on_c, 7, 64, 0
14, 94037, Note_on_c, 7, 57, 28
14, 94037, Note_on_c, 7, 64, 28
14, 94208, Note_on_c, 7, 57, 0
14, 94208, Note_on_c, 7, 64, 0
14, 94208, Note_on_c, 7, 57, 28
14, 94208, Note_on_c, 7, 64, 28
14, 94379, Note_on_c, 7, 57, 0
14, 94379, Note_on_c, 7, 64, 0
14, 94379, Note_on_c, 7, 57, 28
14, 94379, Note_on_c, 7, 64, 28
14, 94549, Note_on_c, 7, 57, 0
14, 94549, Note_on_c, 7, 64, 0
14, 94549, Note_on_c, 7, 57, 28
14, 94549, Note_on_c, 7, 64, 28
14, 94720, Note_on_c, 7, 57, 0
14, 94720, Note_on_c, 7, 64, 0
14, 94720, Note_on_c, 7, 57, 28
14, 94720, Note_on_c, 7, 64, 28
14, 94891, Note_on_c, 7, 57, 0
14, 94891, Note_on_c, 7, 64, 0
14, 94891, Note_on_c, 7, 57, 28
14, 94891, Note_on_c, 7, 64, 28
14, 95061, Note_on_c, 7, 57, 0
14, 95061, Note_on_c, 7, 64, 0
14, 95061, Note_on_c, 7, 57, 28
14, 95061, Note_on_c, 7, 64, 28
14, 95232, Note_on_c, 7, 57, 0
14, 95232, Note_on_c, 7, 64, 0
14, 95232, Note_on_c, 7, 57, 28
14, 95232, Note_on_c, 7, 64, 28
14, 95403, Note_on_c, 7, 57, 0
14, 95403, Note_on_c, 7, 64, 0
14, 95403, Note_on_c, 7, 57, 28
14, 95403, Note_on_c, 7, 64, 28
14, 95573, Note_on_c, 7, 57, 0
14, 95573, Note_on_c, 7, 64, 0
14, 95573, Note_on_c, 7, 57, 28
14, 95573, Note_on_c, 7, 64, 28
14, 95744, Note_on_c, 7, 57, 0
14, 95744, Note_on_c, 7, 64, 0
14, 95744, Note_on_c, 7, 57, 28
14, 95744, Note_on_c, 7, 64, 28
14, 95915, Note_on_c, 7, 57, 0
14, 95915, Note_on_c, 7, 64, 0
14, 95915, Note_on_c, 7, 57, 28
14, 95915, Note_on_c, 7, 64, 28
14, 96085, Note_on_c, 7, 57, 0
14, 96085, Note_on_c, 7, 64, 0
14, 96085, Note_on_c, 7, 57, 28
14, 96085, Note_on_c, 7, 64, 28
14, 96256, Note_on_c, 7, 57, 0
14, 96256, Note_on_c, 7, 64, 0
14, 96256, Note_on_c, 7, 57, 28
14, 96256, Note_on_c, 7, 64, 28
14, 96427, Note_on_c, 7, 57, 0
14, 96427, Note_on_c, 7, 64, 0
14, 96427, Note_on_c, 7, 57, 28
14, 96427, Note_on_c, 7, 64, 28
14, 96597, Note_on_c, 7, 57, 0
14, 96597, Note_on_c, 7, 64, 0
14, 96597, Note_on_c, 7, 57, 28
14, 96597, Note_on_c, 7, 64, 28
14, 96768, Note_on_c, 7, 57, 0
14, 96768, Note_on_c, 7, 64, 0
14, 96768, Note_on_c, 7, 57, 28
14, 96768, Note_on_c, 7, 64, 28
14, 96939, Note_on_c, 7, 57, 0
14, 96939, Note_on_c, 7, 64, 0
14, 96939, Note_on_c, 7, 57, 28
14, 96939, Note_on_c, 7, 64, 28
14, 97109, Note_on_c, 7, 57, 0
14, 97109, Note_on_c, 7, 64, 0
14, 97109, Note_on_c, 7, 57, 28
14, 97109, Note_on_c, 7, 64, 28
14, 97280, Note_on_c, 7, 57, 0
14, 97280, Note_on_c, 7, 64, 0
14, 97280, Note_on_c, 7, 57, 28
14, 97280, Note_on_c, 7, 64, 28
14, 97451, Note_on_c, 7, 57, 0
14, 97451, Note_on_c, 7, 64, 0
14, 97451, Note_on_c, 7, 57, 28
14, 97451, Note_on_c, 7, 64, 28
14, 97621, Note_on_c, 7, 57, 0
14, 97621, Note_on_c, 7, 64, 0
14, 97621, Note_on_c, 7, 57, 28
14, 97621, Note_on_c, 7, 64, 28
14, 97792, Note_on_c, 7, 57, 0
14, 97792, Note_on_c, 7, 64, 0
14, 97792, Note_on_c, 7, 57, 28
14, 97792, Note_on_c, 7, 64, 28
14, 97963, Note_on_c, 7, 57, 0
14, 97963, Note_on_c, 7, 64, 0
14, 97963, Note_on_c, 7, 57, 28
14, 97963, Note_on_c, 7, 64, 28
14, 98133, Note_on_c, 7, 57, 0
14, 98133, Note_on_c, 7, 64, 0
14, 98133, Note_on_c, 7, 57, 28
14, 98133, Note_on_c, 7, 64, 28
14, 98304, Note_on_c, 7, 57, 0
14, 98304, Note_on_c, 7, 64, 0
14, 98304, Note_on_c, 7, 57, 28
14, 98304, Note_on_c, 7, 64, 28
14, 98475, Note_on_c, 7, 57, 0
14, 98475, Note_on_c, 7, 64, 0
14, 98475, Note_on_c, 7, 57, 28
14, 98475, Note_on_c, 7, 64, 28
14, 98645, Note_on_c, 7, 57, 0
14, 98645, Note_on_c, 7, 64, 0
14, 98645, Note_on_c, 7, 57, 28
14, 98645, Note_on_c, 7, 64, 28
14, 98816, Note_on_c, 7, 57, 0
14, 98816, Note_on_c, 7, 64, 0
14, 98816, Note_on_c, 7, 57, 28
14, 98816, Note_on_c, 7, 64, 28
14, 98987, Note_on_c, 7, 57, 0
14, 98987, Note_on_c, 7, 64, 0
14, 98987, Note_on_c, 7, 57, 28
14, 98987, Note_on_c, 7, 64, 28
14, 99157, Note_on_c, 7, 57, 0
14, 99157, Note_on_c, 7, 64, 0
14, 99157, Note_on_c, 7, 57, 28
14, 99157, Note_on_c, 7, 64, 28
14, 99328, Note_on_c, 7, 57, 0
14, 99328, Note_on_c, 7, 64, 0
14, 99328, Note_on_c, 7, 57, 28
14, 99328, Note_on_c, 7, 64, 28
14, 99499, Note_on_c, 7, 57, 0
14, 99499, Note_on_c, 7, 64, 0
14, 99499, Note_on_c, 7, 57, 28
14, 99499, Note_on_c, 7, 64, 28
14, 99669, Note_on_c, 7, 57, 0
14, 99669, Note_on_c, 7, 64, 0
14, 99669, Note_on_c, 7, 57, 28
14, 99669, Note_on_c, 7, 64, 28
14, 99840, Note_on_c, 7, 57, 0
14, 99840, Note_on_c, 7, 64, 0
14, 99840, Note_on_c, 7, 57, 28
14, 99840, Note_on_c, 7, 64, 28
14, 100011, Note_on_c, 7, 57, 0
14, 100011, Note_on_c, 7, 64, 0
14, 100011, Note_on_c, 7, 57, 28
14, 100011, Note_on_c, 7, 64, 28
14, 100181, Note_on_c, 7, 57, 0
14, 100181, Note_on_c, 7, 64, 0
14, 100181, Note_on_c, 7, 57, 28
14, 100181, Note_on_c, 7, 64, 28
14, 100352, Note_on_c, 7, 57, 0
14, 100352, Note_on_c, 7, 64, 0
14, 100352, Note_on_c, 7, 57, 28
14, 100352, Note_on_c, 7, 64, 28
14, 100523, Note_on_c, 7, 57, 0
14, 100523, Note_on_c, 7, 64, 0
14, 100523, Note_on_c, 7, 57, 28
14, 100523, Note_on_c, 7, 64, 28
14, 100693, Note_on_c, 7, 57, 0
14, 100693, Note_on_c, 7, 64, 0
14, 100693, Note_on_c, 7, 57, 28
14, 100693, Note_on_c, 7, 64, 28
14, 100864, Note_on_c, 7, 57, 0
14, 100864, Note_on_c, 7, 64, 0
14, 100864, Note_on_c, 7, 57, 28
14, 100864, Note_on_c, 7, 64, 28
14, 101035, Note_on_c, 7, 57, 0
14, 101035, Note_on_c, 7, 64, 0
14, 101035, Note_on_c, 7, 57, 28
14, 101035, Note_on_c, 7, 64, 28
14, 101205, Note_on_c, 7, 57, 0
14, 101205, Note_on_c, 7, 64, 0
14, 101205, Note_on_c, 7, 57, 28
14, 101205, Note_on_c, 7, 64, 28
14, 101376, Note_on_c, 7, 57, 0
14, 101376, Note_on_c, 7, 64, 0
14, 101376, Note_on_c, 7, 57, 28
14, 101376, Note_on_c, 7, 64, 28
14, 101547, Note_on_c, 7, 57, 0
14, 101547, Note_on_c, 7, 64, 0
14, 101547, Note_on_c, 7, 57, 28
14, 101547, Note_on_c, 7, 64, 28
14, 101717, Note_on_c, 7, 57, 0
14, 101717, Note_on_c, 7, 64, 0
14, 101717, Note_on_c, 7, 57, 28
14, 101717, Note_on_c, 7, 64, 28
14, 101888, Note_on_c, 7, 57, 0
14, 101888, Note_on_c, 7, 64, 0
14, 101888, Note_on_c, 7, 57, 28
14, 101888, Note_on_c, 7, 64, 28
14, 102059, Note_on_c, 7, 57, 0
14, 102059, Note_on_c, 7, 64, 0
14, 102059, Note_on_c, 7, 57, 28
14, 102059, Note_on_c, 7, 64, 28
14, 102229, Note_on_c, 7, 57, 0
14, 102229, Note_on_c, 7, 64, 0
14, 102229, Note_on_c, 7, 57, 28
14, 102229, Note_on_c, 7, 64, 28
14, 102400, Note_on_c, 7, 57, 0
14, 102400, Note_on_c, 7, 64, 0
14, 102400, Note_on_c, 7, 57, 28
14, 102400, Note_on_c, 7, 64, 28
14, 102571, Note_on_c, 7, 57, 0
14, 102571, Note_on_c, 7, 64, 0
14, 102571, Note_on_c, 7, 57, 28
14, 102571, Note_on_c, 7, 64, 28
14, 102741, Note_on_c, 7, 57, 0
14, 102741, Note_on_c, 7, 64, 0
14, 102741, Note_on_c, 7, 57, 28
14, 102741, Note_on_c, 7, 64, 28
14, 102912, Note_on_c, 7, 57, 0
14, 102912, Note_on_c, 7, 64, 0
14, 102912, Note_on_c, 7, 57, 28
14, 102912, Note_on_c, 7, 64, 28
14, 103083, Note_on_c, 7, 57, 0
14, 103083, Note_on_c, 7, 64, 0
14, 103083, Note_on_c, 7, 57, 28
14, 103083, Note_on_c, 7, 64, 28
14, 103253, Note_on_c, 7, 57, 0
14, 103253, Note_on_c, 7, 64, 0
14, 103253, Note_on_c, 7, 57, 28
14, 103253, Note_on_c, 7, 64, 28
14, 103424, Note_on_c, 7, 57, 0
14, 103424, Note_on_c, 7, 64, 0
14, 103424, Note_on_c, 7, 57, 28
14, 103424, Note_on_c, 7, 64, 28
14, 103595, Note_on_c, 7, 57, 0
14, 103595, Note_on_c, 7, 64, 0
14, 103595, Note_on_c, 7, 57, 28
14, 103595, Note_on_c, 7, 64, 28
14, 103765, Note_on_c, 7, 57, 0
14, 103765, Note_on_c, 7, 64, 0
14, 103765, Note_on_c, 7, 57, 28
14, 103765, Note_on_c, 7, 64, 28
14, 103936, Note_on_c, 7, 57, 0
14, 103936, Note_on_c, 7, 64, 0
14, 103936, Note_on_c, 7, 57, 28
14, 103936, Note_on_c, 7, 64, 28
14, 104107, Note_on_c, 7, 57, 0
14, 104107, Note_on_c, 7, 64, 0
14, 104107, Note_on_c, 7, 57, 28
14, 104107, Note_on_c, 7, 64, 28
14, 104277, Note_on_c, 7, 57, 0
14, 104277, Note_on_c, 7, 64, 0
14, 104277, Note_on_c, 7, 57, 28
14, 104277, Note_on_c, 7, 64, 28
14, 104448, Note_on_c, 7, 57, 0
14, 104448, Note_on_c, 7, 64, 0
14, 104448, Note_on_c, 7, 57, 28
14, 104448, Note_on_c, 7, 64, 28
14, 104619, Note_on_c, 7, 57, 0
14, 104619, Note_on_c, 7, 64, 0
14, 104619, Note_on_c, 7, 57, 28
14, 104619, Note_on_c, 7, 64, 28
14, 104789, Note_on_c, 7, 57, 0
14, 104789, Note_on_c, 7, 64, 0
14, 104789, Note_on_c, 7, 57, 28
14, 104789, Note_on_c, 7, 64, 28
14, 104960, Note_on_c, 7, 57, 0
14, 104960, Note_on_c, 7, 64, 0
14, 104960, Note_on_c, 7, 57, 28
14, 104960, Note_on_c, 7, 64, 28
14, 105131, Note_on_c, 7, 57, 0
14, 105131, Note_on_c, 7, 64, 0
14, 105131, Note_on_c, 7, 57, 28
14, 105131, Note_on_c, 7, 64, 28
14, 105301, Note_on_c, 7, 57, 0
14, 105301, Note_on_c, 7, 64, 0
14, 105301, Note_on_c, 7, 57, 28
14, 105301, Note_on_c, 7, 64, 28
14, 105472, Note_on_c, 7, 57, 0
14, 105472, Note_on_c, 7, 64, 0
14, 105472, Note_on_c, 7, 57, 28
14, 105472, Note_on_c, 7, 64, 28
14, 105643, Note_on_c, 7, 57, 0
14, 105643, Note_on_c, 7, 64, 0
14, 105643, Note_on_c, 7, 57, 28
14, 105643, Note_on_c, 7, 64, 28
14, 105813, Note_on_c, 7, 57, 0
14, 105813, Note_on_c, 7, 64, 0
14, 105813, Note_on_c, 7, 57, 28
14, 105813, Note_on_c, 7, 64, 28
14, 105984, Note_on_c, 7, 57, 0
14, 105984, Note_on_c, 7, 64, 0
14, 105984, Note_on_c, 7, 57, 28
14, 105984, Note_on_c, 7, 64, 28
14, 106155, Note_on_c, 7, 57, 0
14, 106155, Note_on_c, 7, 64, 0
14, 106155, Note_on_c, 7, 57, 28
14, 106155, Note_on_c, 7, 64, 28
14, 106325, Note_on_c, 7, 57, 0
14, 106325, Note_on_c, 7, 64, 0
14, 106325, Note_on_c, 7, 57, 28
14, 106325, Note_on_c, 7, 64, 28
14, 106496, Note_on_c, 7, 57, 0
14, 106496, Note_on_c, 7, 64, 0
14, 106496, Note_on_c, 7, 57, 28
14, 106496, Note_on_c, 7, 64, 28
14, 106667, Note_on_c, 7, 57, 0
14, 106667, Note_on_c, 7, 64, 0
14, 106667, Note_on_c, 7, 57, 28
14, 106667, Note_on_c, 7, 64, 28
14, 106837, Note_on_c, 7, 57, 0
14, 106837, Note_on_c, 7, 64, 0
14, 106837, Note_on_c, 7, 57, 28
14, 106837, Note_on_c, 7, 64, 28
14, 107008, Note_on_c, 7, 57, 0
14, 107008, Note_on_c, 7, 64, 0
14, 107008, Note_on_c, 7, 57, 28
14, 107008, Note_on_c, 7, 64, 28
14, 107179, Note_on_c, 7, 57, 0
14, 107179, Note_on_c, 7, 64, 0
14, 107179, Note_on_c, 7, 57, 28
14, 107179, Note_on_c, 7, 64, 28
14, 107349, Note_on_c, 7, 57, 0
14, 107349, Note_on_c, 7, 64, 0
14, 107349, Note_on_c, 7, 57, 28
14, 107349, Note_on_c, 7, 64, 28
14, 107520, Note_on_c, 7, 57, 0
14, 107520, Note_on_c, 7, 64, 0
14, 107520, Note_on_c, 7, 57, 28
14, 107520, Note_on_c, 7, 64, 28
14, 107691, Note_on_c, 7, 57, 0
14, 107691, Note_on_c, 7, 64, 0
14, 107691, Note_on_c, 7, 57, 28
14, 107691, Note_on_c, 7, 64, 28
14, 107861, Note_on_c, 7, 57, 0
14, 107861, Note_on_c, 7, 64, 0
14, 107861, Note_on_c, 7, 57, 28
14, 107861, Note_on_c, 7, 64, 28
14, 108032, Note_on_c, 7, 57, 0
14, 108032, Note_on_c, 7, 64, 0
14, 108032, Note_on_c, 7, 57, 28
14, 108032, Note_on_c, 7, 64, 28
14, 108203, Note_on_c, 7, 57, 0
14, 108203, Note_on_c, 7, 64, 0
14, 108203, Note_on_c, 7, 57, 28
14, 108203, Note_on_c, 7, 64, 28
14, 108373, Note_on_c, 7, 57, 0
14, 108373, Note_on_c, 7, 64, 0
14, 108373, Note_on_c, 7, 57, 28
14, 108373, Note_on_c, 7, 64, 28
14, 108544, Note_on_c, 7, 57, 0
14, 108544, Note_on_c, 7, 64, 0
14, 108544, Note_on_c, 7, 60, 103
14, 108544, Note_on_c, 7, 63, 103
14, 108954, Note_on_c, 7, 60, 0
14, 108954, Note_on_c, 7, 63, 0
14, 139264, Program_c, 7, 45
14, 139264, Note_on_c, 7, 76, 45
14, 140288, Note_on_c, 7, 76, 0
14, 142336, Note_on_c, 7, 69, 45
14, 143360, Note_on_c, 7, 69, 0
14, 145408, Note_on_c, 7, 64, 44
14, 146432, Note_on_c, 7, 64, 0
14, 148480, Note_on_c, 7, 57, 44
14, 149504, Note_on_c, 7, 57, 0
14, 151552, Note_on_c, 7, 72, 44
14, 152576, Note_on_c, 7, 72, 0
14, 154624, Note_on_c, 7, 65, 44
14, 155648, Note_on_c, 7, 65, 0
14, 157696, Note_on_c, 7, 60, 44
14, 158720, Note_on_c, 7, 60, 0
14, 160768, Note_on_c, 7, 60, 42
14, 161792, Note_on_c, 7, 60, 0
14, 163840, Program_c, 7, 48
14, 477696, Note_on_c, 7, 71, 43
14, 478208, Note_on_c, 7, 71, 0
14, 478208, Note_on_c, 7, 69, 48
14, 478720, Note_on_c, 7, 69, 0
14, 478720, Note_on_c, 7, 67, 52
14, 479232, Note_on_c, 7, 67, 0
14, 479232, Note_on_c, 7, 66, 44
14, 480256, Note_on_c, 7, 66, 0
14, 480256, Note_on_c, 7, 62, 44
14, 481280, Note_on_c, 7, 62, 0
14, 481280, Note_on_c, 7, 64, 45
14, 482304, Note_on_c, 7, 64, 0
14, 482304, Note_on_c, 7, 66, 46
14, 483328, Note_on_c, 7, 66, 0
14, 483328, Note_on_c, 7, 62, 47
14, 484864, Note_on_c, 7, 62, 0
14, 484864, Note_on_c, 7, 64, 48
14, 485376, Note_on_c, 7, 64, 0
14, 485376, Note_on_c, 7, 66, 49
14, 485888, Note_on_c, 7, 66, 0
14, 485888, Note_on_c, 7, 62, 49
14, 486400, Note_on_c, 7, 62, 0
14, 486400, Note_on_c, 7, 59, 49
14, 486912, Note_on_c, 7, 59, 0
14, 486912, Note_on_c, 7, 61, 50
14, 487424, Note_on_c, 7, 61, 0
14, 487424, Note_on_c, 7, 57, 50
14, 488448, Note_on_c, 7, 57, 0
14, 488448, Note_on_c, 7, 69, 47
14, 490496, Note_on_c, 7, 69, 0
14, 490496, Note_on_c, 7, 69, 44
14, 492544, Note_on_c, 7, 69, 0
14, 492544, Note_on_c, 7, 64, 41
14, 493568, Note_on_c, 7, 64, 0
14, 493568, Note_on_c, 7, 61, 40
14, 494080, Note_on_c, 7, 61, 0
14, 494080, Note_on_c, 7, 64, 39
14, 494592, Note_on_c, 7, 64, 0
14, 494592, Note_on_c, 7, 66, 39
14, 495104, Note_on_c, 7, 66, 0
14, 495104, Note_on_c, 7, 67, 37
14, 495616, Note_on_c, 7, 67, 0
14, 495616, Note_on_c, 7, 66, 38
14, 496640, Note_on_c, 7, 66, 0
14, 496640, Note_on_c, 7, 62, 40
14, 497664, Note_on_c, 7, 62, 0
14, 497664, Note_on_c, 7, 64, 42
14, 498688, Note_on_c, 7, 64, 0
14, 498688, Note_on_c, 7, 66, 44
14, 499712, Note_on_c, 7, 66, 0
14, 499712, Note_on_c, 7, 62, 44
14, 501248, Note_on_c, 7, 62, 0
14, 501248, Note_on_c, 7, 64, 45
14, 501760, Note_on_c, 7, 64, 0
14, 501760, Note_on_c, 7, 66, 46
14, 502272, Note_on_c, 7, 66, 0
14, 502272, Note_on_c, 7, 69, 46
14, 502784, Note_on_c, 7, 69, 0
14, 502784, Note_on_c, 7, 71, 46
14, 503296, Note_on_c, 7, 71, 0
14, 503296, Note_on_c, 7, 73, 47
14, 503808, Note_on_c, 7, 73, 0
14, 503808, Note_on_c, 7, 74, 47
14, 504320, Note_on_c, 7, 74, 0
14, 504320, Note_on_c, 7, 73, 48
14, 504832, Note_on_c, 7, 73, 0
14, 504832, Note_on_c, 7, 71, 48
14, 505344, Note_on_c, 7, 71, 0
14, 505344, Note_on_c, 7, 69, 48
14, 505856, Note_on_c, 7, 69, 0
14, 505856, Note_on_c, 7, 67, 48
14, 506368, Note_on_c, 7, 67, 0
14, 506368, Note_on_c, 7, 66, 48
14, 506880, Note_on_c, 7, 66, 0
14, 506880, Note_on_c, 7, 64, 48
14, 507392, Note_on_c, 7, 64, 0
14, 507392, Note_on_c, 7, 62, 48
14, 508416, Note_on_c, 7, 62, 0
14, 508416, Note_on_c, 7, 61, 47
14, 508928, Note_on_c, 7, 61, 0
14, 508928, Note_on_c, 7, 67, 47
14, 509440, Note_on_c, 7, 67, 0
14, 509440, Note_on_c, 7, 66, 47
14, 509952, Note_on_c, 7, 66, 0
14, 509952, Note_on_c, 7, 66, 47
14, 510208, Note_on_c, 7, 66, 0
14, 510464, Note_on_c, 7, 66, 47
14, 510976, Note_on_c, 7, 66, 0
14, 510976, Note_on_c, 7, 64, 47
14, 511488, Note_on_c, 7, 64, 0
14, 511488, Note_on_c, 7, 62, 47
14, 512000, Note_on_c, 7, 62, 0
14, 512000, Note_on_c, 7, 61, 48
14, 513024, Note_on_c, 7, 61, 0
14, 513024, Note_on_c, 7, 64, 49
14, 514048, Note_on_c, 7, 64, 0
14, 514048, Note_on_c, 7, 62, 51
14, 515072, Note_on_c, 7, 62, 0
14, 515072, Note_on_c, 7, 74, 53
14, 516096, Note_on_c, 7, 74, 0
14, 516096, Note_on_c, 7, 67, 55
14, 517120, Note_on_c, 7, 67, 0
14, 517120, Note_on_c, 7, 66, 57
14, 517632, Note_on_c, 7, 66, 0
14, 517632, Note_on_c, 7, 64, 58
14, 518144, Note_on_c, 7, 64, 0
14, 518144, Note_on_c, 7, 66, 59
14, 519168, Note_on_c, 7, 66, 0
14, 519168, Note_on_c, 7, 67, 61
14, 519680, Note_on_c, 7, 67, 0
14, 519680, Note_on_c, 7, 69, 62
14, 520192, Note_on_c, 7, 69, 0
14, 520192, Note_on_c, 7, 71, 63
14, 520704, Note_on_c, 7, 71, 0
14, 520704, Note_on_c, 7, 73, 64
14, 521216, Note_on_c, 7, 73, 0
14, 521216, Note_on_c, 7, 74, 65
14, 521728, Note_on_c, 7, 74, 0
14, 521728, Note_on_c, 7, 76, 66
14, 522240, Note_on_c, 7, 76, 0
14, 522240, Note_on_c, 7, 74, 67
14, 523264, Note_on_c, 7, 74, 0
14, 523264, Note_on_c, 7, 73, 69
14, 523776, Note_on_c, 7, 73, 0
14, 523776, Note_on_c, 7, 61, 70
14, 524288, Note_on_c, 7, 61, 0
14, 524288, Note_on_c, 7, 71, 71
14, 524800, Note_on_c, 7, 71, 0
14, 524800, Note_on_c, 7, 59, 72
14, 525312, Note_on_c, 7, 59, 0
14, 525312, Note_on_c, 7, 58, 73
14, 525824, Note_on_c, 7, 58, 0
14, 525824, Note_on_c, 7, 70, 76
14, 526336, Note_on_c, 7, 70, 0
14, 526336, Note_on_c, 7, 69, 78
14, 526848, Note_on_c, 7, 69, 0
14, 526848, Note_on_c, 7, 64, 81
14, 527360, Note_on_c, 7, 64, 0
14, 527360, Note_on_c, 7, 69, 84
14, 527872, Note_on_c, 7, 69, 0
14, 527872, Note_on_c, 7, 67, 67
14, 528384, Note_on_c, 7, 67, 0
14, 528384, Note_on_c, 7, 66, 55
14, 529203, Note_on_c, 7, 66, 0
14, 529408, Note_on_c, 7, 74, 52
14, 530432, Note_on_c, 7, 74, 0
14, 530432, Note_on_c, 7, 76, 54
14, 531456, Note_on_c, 7, 76, 0
14, 531456, Note_on_c, 7, 78, 55
14, 532480, Note_on_c, 7, 78, 0
14, 532480, Note_on_c, 7, 74, 56
14, 533504, Note_on_c, 7, 74, 0
14, 533504, Note_on_c, 7, 76, 57
14, 534528, Note_on_c, 7, 76, 0
14, 534528, Note_on_c, 7, 69, 58
14, 535552, Note_on_c, 7, 69, 0
14, 535552, Note_on_c, 7, 71, 59
14, 536064, Note_on_c, 7, 71, 0
14, 536064, Note_on_c, 7, 73, 59
14, 536576, Note_on_c, 7, 73, 0
14, 536576, Note_on_c, 7, 74, 60
14, 537088, Note_on_c, 7, 74, 0
14, 537088, Note_on_c, 7, 69, 61
14, 537600, Note_on_c, 7, 69, 0
14, 537600, Note_on_c, 7, 71, 61
14, 538112, Note_on_c, 7, 71, 0
14, 538112, Note_on_c, 7, 69, 60
14, 538624, Note_on_c, 7, 69, 0
14, 538624, Note_on_c, 7, 67, 59
14, 539136, Note_on_c, 7, 67, 0
14, 539136, Note_on_c, 7, 66, 58
14, 539648, Note_on_c, 7, 66, 0
14, 539648, Note_on_c, 7, 64, 57
14, 540160, Note_on_c, 7, 64, 0
14, 540160, Note_on_c, 7, 62, 56
14, 541184, Note_on_c, 7, 62, 0
14, 541184, Note_on_c, 7, 61, 57
14, 541696, Note_on_c, 7, 61, 0
14, 541696, Note_on_c, 7, 67, 57
14, 542208, Note_on_c, 7, 67, 0
14, 542208, Note_on_c, 7, 66, 57
14, 542720, Note_on_c, 7, 66, 0
14, 542720, Note_on_c, 7, 66, 57
14, 543744, Note_on_c, 7, 66, 0
14, 543744, Note_on_c, 7, 64, 57
14, 544256, Note_on_c, 7, 64, 0
14, 544256, Note_on_c, 7, 62, 57
14, 544768, Note_on_c, 7, 62, 0
14, 544768, Note_on_c, 7, 61, 57
14, 545792, Note_on_c, 7, 61, 0
14, 545792, Note_on_c, 7, 64, 57
14, 546816, Note_on_c, 7, 64, 0
14, 546816, Note_on_c, 7, 62, 58
14, 547840, Note_on_c, 7, 62, 0
14, 547840, Note_on_c, 7, 74, 60
14, 548864, Note_on_c, 7, 74, 0
14, 548864, Note_on_c, 7, 67, 62
14, 549888, Note_on_c, 7, 67, 0
14, 549888, Note_on_c, 7, 66, 63
14, 550400, Note_on_c, 7, 66, 0
14, 550400, Note_on_c, 7, 64, 64
14, 550912, Note_on_c, 7, 64, 0
14, 550912, Note_on_c, 7, 66, 65
14, 551936, Note_on_c, 7, 66, 0
14, 551936, Note_on_c, 7, 67, 67
14, 552448, Note_on_c, 7, 67, 0
14, 552448, Note_on_c, 7, 69, 68
14, 552960, Note_on_c, 7, 69, 0
14, 552960, Note_on_c, 7, 71, 68
14, 553472, Note_on_c, 7, 71, 0
14, 553472, Note_on_c, 7, 73, 69
14, 553984, Note_on_c, 7, 73, 0
14, 553984, Note_on_c, 7, 74, 70
14, 554496, Note_on_c, 7, 74, 0
14, 554496, Note_on_c, 7, 76, 71
14, 555008, Note_on_c, 7, 76, 0
14, 555008, Note_on_c, 7, 74, 72
14, 556032, Note_on_c, 7, 74, 0
14, 556032, Note_on_c, 7, 73, 73
14, 556544, Note_on_c, 7, 73, 0
14, 556544, Note_on_c, 7, 61, 74
14, 557056, Note_on_c, 7, 61, 0
14, 557056, Note_on_c, 7, 71, 75
14, 557568, Note_on_c, 7, 71, 0
14, 557568, Note_on_c, 7, 59, 77
14, 558080, Note_on_c, 7, 59, 0
14, 558080, Note_on_c, 7, 58, 80
14, 558592, Note_on_c, 7, 58, 0
14, 558592, Note_on_c, 7, 70, 83
14, 559104, Note_on_c, 7, 70, 0
14, 559104, Note_on_c, 7, 69, 86
14, 559616, Note_on_c, 7, 69, 0
14, 559616, Note_on_c, 7, 64, 89
14, 560128, Note_on_c, 7, 64, 0
14, 560128, Note_on_c, 7, 69, 92
14, 560640, Note_on_c, 7, 69, 0
14, 560640, Note_on_c, 7, 67, 95
14, 561152, Note_on_c, 7, 67, 0
14, 561152, Note_on_c, 7, 66, 71
14, 561971, Note_on_c, 7, 66, 0
14, 562176, Note_on_c, 7, 74, 72
14, 563200, Note_on_c, 7, 74, 0
14, 563200, Note_on_c, 7, 76, 73
14, 564224, Note_on_c, 7, 76, 0
14, 564224, Note_on_c, 7, 78, 74
14, 565248, Note_on_c, 7, 78, 0
14, 565248, Note_on_c, 7, 74, 75
14, 566272, Note_on_c, 7, 74, 0
14, 566272, Note_on_c, 7, 76, 76
14, 567296, Note_on_c, 7, 76, 0
14, 567296, Note_on_c, 7, 69, 77
14, 568320, Note_on_c, 7, 69, 0
14, 568320, Note_on_c, 7, 71, 79
14, 568832, Note_on_c, 7, 71, 0
14, 568832, Note_on_c, 7, 73, 79
14, 569344, Note_on_c, 7, 73, 0
14, 569344, Note_on_c, 7, 74, 80
14, 569856, Note_on_c, 7, 74, 0
14, 569856, Note_on_c, 7, 69, 80
14, 570368, Note_on_c, 7, 69, 0
14, 570368, Note_on_c, 7, 71, 81
14, 570880, Note_on_c, 7, 71, 0
14, 570880, Note_on_c, 7, 69, 81
14, 571392, Note_on_c, 7, 69, 0
14, 571392, Note_on_c, 7, 67, 82
14, 571904, Note_on_c, 7, 67, 0
14, 571904, Note_on_c, 7, 66, 82
14, 572416, Note_on_c, 7, 66, 0
14, 572416, Note_on_c, 7, 64, 82
14, 572928, Note_on_c, 7, 64, 0
14, 572928, Note_on_c, 7, 62, 82
14, 573952, Note_on_c, 7, 62, 0
14, 573952, Note_on_c, 7, 61, 82
14, 574464, Note_on_c, 7, 61, 0
14, 574464, Note_on_c, 7, 67, 82
14, 574976, Note_on_c, 7, 67, 0
14, 574976, Note_on_c, 7, 66, 82
14, 575488, Note_on_c, 7, 66, 0
14, 575488, Note_on_c, 7, 66, 82
14, 576000, Note_on_c, 7, 66, 0
14, 576000, Note_on_c, 7, 71, 82
14, 576512, Note_on_c, 7, 71, 0
14, 576512, Note_on_c, 7, 69, 85
14, 577024, Note_on_c, 7, 69, 0
14, 577024, Note_on_c, 7, 67, 91
14, 577536, Note_on_c, 7, 67, 0
14, 577536, Note_on_c, 7, 62, 98
14, 577536, Note_on_c, 7, 69, 98
14, 577536, Note_on_c, 7, 78, 98
14, 578048, Note_on_c, 7, 62, 0
14, 578048, Note_on_c, 7, 69, 0
14, 578048, Note_on_c, 7, 78, 0
14, 579072, Note_on_c, 7, 62, 99
14, 579482, Note_on_c, 7, 62, 0
14, 579584, Note_on_c, 7, 74, 99
14, 580096, Note_on_c, 7, 74, 0
14, 581120, Note_on_c, 7, 62, 99
14, 581530, Note_on_c, 7, 62, 0
14, 581632, Note_on_c, 7, 69, 99
14, 581632, Note_on_c, 7, 81, 99
14, 582144, Note_on_c, 7, 69, 0
14, 582144, Note_on_c, 7, 81, 0
14, 583168, Note_on_c, 7, 57, 99
14, 583578, Note_on_c, 7, 57, 0
14, 583680, Note_on_c, 7, 69, 99
14, 584192, Note_on_c, 7, 69, 0
14, 585216, Note_on_c, 7, 57, 99
14, 585626, Note_on_c, 7, 57, 0
14, 585728, Note_on_c, 7, 62, 99
14, 585728, Note_on_c, 7, 69, 99
14, 585728, Note_on_c, 7, 78, 99
14, 586240, Note_on_c, 7, 62, 0
14, 586240, Note_on_c, 7, 69, 0
14, 586240, Note_on_c, 7, 78, 0
14, 588800, Note_on_c, 7, 62, 99
14, 588800, Note_on_c, 7, 69, 99
14, 588800, Note_on_c, 7, 78, 99
14, 589312, Note_on_c, 7, 62, 0
14, 589312, Note_on_c, 7, 69, 0
14, 589312, Note_on_c, 7, 78, 0
14, 589824, Note_on_c, 7, 62, 99
14, 589824, Note_on_c, 7, 69, 99
14, 589824, Note_on_c, 7, 78, 99
14, 590336, Note_on_c, 7, 62, 0
14, 590336, Note_on_c, 7, 69, 0
14, 590336, Note_on_c, 7, 78, 0
14, 591872, Note_on_c, 7, 69, 99
14, 591872, Note_on_c, 7, 73, 99
14, 591872, Note_on_c, 7, 76, 99
14, 592384, Note_on_c, 7, 69, 0
14, 592384, Note_on_c, 7, 73, 0
14, 592384, Note_on_c, 7, 76, 0
14, 593920, Note_on_c, 7, 62, 99
14, 593920, Note_on_c, 7, 74, 99
14, 593920, Note_on_c, 7, 86, 99
14, 594432, Note_on_c, 7, 62, 0
14, 594432, Note_on_c, 7, 74, 0
14, 594432, Note_on_c, 7, 86, 0
14, 595456, Note_on_c, 7, 62, 99
14, 595866, Note_on_c, 7, 62, 0
14, 595968, Note_on_c, 7, 74, 99
14, 596480, Note_on_c, 7, 74, 0
14, 597504, Note_on_c, 7, 62, 99
14, 597914, Note_on_c, 7, 62, 0
14, 598016, Note_on_c, 7, 69, 99
14, 598016, Note_on_c, 7, 81, 99
14, 598528, Note_on_c, 7, 69, 0
14, 598528, Note_on_c, 7, 81, 0
14, 599552, Note_on_c, 7, 57, 99
14, 599962, Note_on_c, 7, 57, 0
14, 600064, Note_on_c, 7, 69, 99
14, 600576, Note_on_c, 7, 69, 0
14, 601600, Note_on_c, 7, 57, 99
14, 602010, Note_on_c, 7, 57, 0
14, 602112, Note_on_c, 7, 62, 99
14, 602112, Note_on_c, 7, 69, 99
14, 602112, Note_on_c, 7, 78, 99
14, 602624, Note_on_c, 7, 62, 0
14, 602624, Note_on_c, 7, 69, 0
14, 602624, Note_on_c, 7, 78, 0
14, 605184, Note_on_c, 7, 62, 99
14, 605184, Note_on_c, 7, 69, 99
14, 605184, Note_on_c, 7, 78, 99
14, 605696, Note_on_c, 7, 62, 0
14, 605696, Note_on_c, 7, 69, 0
14, 605696, Note_on_c, 7, 78, 0
14, 606208, Note_on_c, 7, 69, 99
14, 606208, Note_on_c, 7, 73, 99
14, 606208, Note_on_c, 7, 76, 99
14, 606720, Note_on_c, 7, 69, 0
14, 606720, Note_on_c, 7, 73, 0
14, 606720, Note_on_c, 7, 76, 0
14, 608256, Note_on_c, 7, 57, 99
14, 608256, Note_on_c, 7, 66, 99
14, 608256, Note_on_c, 7, 74, 99
14, 608768, Note_on_c, 7, 57, 0
14, 608768, Note_on_c, 7, 66, 0
14, 608768, Note_on_c, 7, 74, 0
14, 610304, Note_on_c, 7, 57, 98
14, 610304, Note_on_c, 7, 64, 98
14, 610304, Note_on_c, 7, 69, 98
14, 610304, Note_on_c, 7, 76, 98
14, 610816, Note_on_c, 7, 57, 0
14, 610816, Note_on_c, 7, 64, 0
14, 610816, Note_on_c, 7, 69, 0
14, 610816, Note_on_c, 7, 76, 0
14, 611840, Note_on_c, 7, 57, 98
14, 612250, Note_on_c, 7, 57, 0
14, 612352, Note_on_c, 7, 69, 98
14, 612864, Note_on_c, 7, 69, 0
14, 613376, Note_on_c, 7, 57, 98
14, 613376, Note_on_c, 7, 66, 98
14, 613376, Note_on_c, 7, 74, 98
14, 613888, Note_on_c, 7, 57, 0
14, 613888, Note_on_c, 7, 66, 0
14, 613888, Note_on_c, 7, 74, 0
14, 614400, Note_on_c, 7, 57, 98
14, 614400, Note_on_c, 7, 64, 98
14, 614400, Note_on_c, 7, 69, 98
14, 614400, Note_on_c, 7, 76, 98
14, 614912, Note_on_c, 7, 57, 0
14, 614912, Note_on_c, 7, 64, 0
14, 614912, Note_on_c, 7, 69, 0
14, 614912, Note_on_c, 7, 76, 0
14, 615936, Note_on_c, 7, 57, 98
14, 616346, Note_on_c, 7, 57, 0
14, 616448, Note_on_c, 7, 69, 97
14, 616960, Note_on_c, 7, 69, 0
14, 617472, Note_on_c, 7, 57, 97
14, 617472, Note_on_c, 7, 66, 97
14, 617472, Note_on_c, 7, 74, 97
14, 617984, Note_on_c, 7, 57, 0
14, 617984, Note_on_c, 7, 66, 0
14, 617984, Note_on_c, 7, 74, 0
14, 618496, Note_on_c, 7, 73, 97
14, 618496, Note_on_c, 7, 76, 97
14, 619008, Note_on_c, 7, 73, 0
14, 619008, Note_on_c, 7, 76, 0
14, 620032, Note_on_c, 7, 57, 97
14, 620442, Note_on_c, 7, 57, 0
14, 620544, Note_on_c, 7, 73, 97
14, 620544, Note_on_c, 7, 78, 97
14, 620954, Note_on_c, 7, 73, 0
14, 620954, Note_on_c, 7, 78, 0
14, 621568, Note_on_c, 7, 73, 100
14, 621568, Note_on_c, 7, 76, 100
14, 621978, Note_on_c, 7, 73, 0
14, 621978, Note_on_c, 7, 76, 0
14, 622592, Note_on_c, 7, 62, 101
14, 622592, Note_on_c, 7, 74, 101
14, 623002, Note_on_c, 7, 62, 0
14, 623002, Note_on_c, 7, 74, 0
14, 623616, Note_on_c, 7, 68, 103
14, 623616, Note_on_c, 7, 71, 103
14, 624026, Note_on_c, 7, 68, 0
14, 624026, Note_on_c, 7, 71, 0
14, 624640, Note_on_c, 7, 61, 104
14, 624640, Note_on_c, 7, 69, 104
14, 625050, Note_on_c, 7, 61, 0
14, 625050, Note_on_c, 7, 69, 0
14, 625664, Note_on_c, 7, 62, 101
14, 625664, Note_on_c, 7, 69, 101
14, 625664, Note_on_c, 7, 78, 101
14, 626074, Note_on_c, 7, 62, 0
14, 626074, Note_on_c, 7, 69, 0
14, 626074, Note_on_c, 7, 78, 0
14, 626688, Note_on_c, 7, 62, 101
14, 626688, Note_on_c, 7, 69, 101
14, 626688, Note_on_c, 7, 78, 101
14, 627200, Note_on_c, 7, 62, 0
14, 627200, Note_on_c, 7, 69, 0
14, 627200, Note_on_c, 7, 78, 0
14, 628224, Note_on_c, 7, 62, 101
14, 628634, Note_on_c, 7, 62, 0
14, 628736, Note_on_c, 7, 74, 101
14, 629248, Note_on_c, 7, 74, 0
14, 630272, Note_on_c, 7, 62, 101
14, 630682, Note_on_c, 7, 62, 0
14, 630784, Note_on_c, 7, 69, 101
14, 630784, Note_on_c, 7, 81, 101
14, 631296, Note_on_c, 7, 69, 0
14, 631296, Note_on_c, 7, 81, 0
14, 632320, Note_on_c, 7, 57, 101
14, 632730, Note_on_c, 7, 57, 0
14, 632832, Note_on_c, 7, 69, 101
14, 633344, Note_on_c, 7, 69, 0
14, 634368, Note_on_c, 7, 57, 101
14, 634778, Note_on_c, 7, 57, 0
14, 634880, Note_on_c, 7, 57, 101
14, 634880, Note_on_c, 7, 66, 101
14, 634880, Note_on_c, 7, 74, 101
14, 635392, Note_on_c, 7, 57, 0
14, 635392, Note_on_c, 7, 66, 0
14, 635392, Note_on_c, 7, 74, 0
14, 637952, Note_on_c, 7, 62, 101
14, 637952, Note_on_c, 7, 69, 101
14, 637952, Note_on_c, 7, 78, 101
14, 638464, Note_on_c, 7, 62, 0
14, 638464, Note_on_c, 7, 69, 0
14, 638464, Note_on_c, 7, 78, 0
14, 638976, Note_on_c, 7, 57, 101
14, 638976, Note_on_c, 7, 64, 101
14, 638976, Note_on_c, 7, 69, 101
14, 638976, Note_on_c, 7, 76, 101
14, 639488, Note_on_c, 7, 57, 0
14, 639488, Note_on_c, 7, 64, 0
14, 639488, Note_on_c, 7, 69, 0
14, 639488, Note_on_c, 7, 76, 0
14, 641024, Note_on_c, 7, 57, 101
14, 641024, Note_on_c, 7, 66, 101
14, 641024, Note_on_c, 7, 74, 101
14, 641536, Note_on_c, 7, 57, 0
14, 641536, Note_on_c, 7, 66, 0
14, 641536, Note_on_c, 7, 74, 0
14, 643072, Note_on_c, 7, 57, 98
14, 643072, Note_on_c, 7, 64, 98
14, 643072, Note_on_c, 7, 69, 98
14, 643072, Note_on_c, 7, 76, 98
14, 643584, Note_on_c, 7, 57, 0
14, 643584, Note_on_c, 7, 64, 0
14, 643584, Note_on_c, 7, 69, 0
14, 643584, Note_on_c, 7, 76, 0
14, 644608, Note_on_c, 7, 57, 98
14, 645018, Note_on_c, 7, 57, 0
14, 645120, Note_on_c, 7, 69, 98
14, 645632, Note_on_c, 7, 69, 0
14, 646144, Note_on_c, 7, 57, 98
14, 646144, Note_on_c, 7, 66, 98
14, 646144, Note_on_c, 7, 74, 98
14, 646656, Note_on_c, 7, 57, 0
14, 646656, Note_on_c, 7, 66, 0
14, 646656, Note_on_c, 7, 74, 0
14, 647168, Note_on_c, 7, 57, 99
14, 647168, Note_on_c, 7, 64, 99
14, 647168, Note_on_c, 7, 69, 99
14, 647168, Note_on_c, 7, 76, 99
14, 647680, Note_on_c, 7, 57, 0
14, 647680, Note_on_c, 7, 64, 0
14, 647680, Note_on_c, 7, 69, 0
14, 647680, Note_on_c, 7, 76, 0
14, 648704, Note_on_c, 7, 57, 99
14, 649114, Note_on_c, 7, 57, 0
14, 649216, Note_on_c, 7, 69, 99
14, 649728, Note_on_c, 7, 69, 0
14, 650240, Note_on_c, 7, 57, 100
14, 650240, Note_on_c, 7, 66, 100
14, 650240, Note_on_c, 7, 74, 100
14, 650752, Note_on_c, 7, 57, 0
14, 650752, Note_on_c, 7, 66, 0
14, 650752, Note_on_c, 7, 74, 0
14, 651264, Note_on_c, 7, 73, 100
14, 651264, Note_on_c, 7, 76, 100
14, 651776, Note_on_c, 7, 73, 0
14, 651776, Note_on_c, 7, 76, 0
14, 652800, Note_on_c, 7, 57, 100
14, 653210, Note_on_c, 7, 57, 0
14, 653312, Note_on_c, 7, 73, 100
14, 653312, Note_on_c, 7, 78, 100
14, 653722, Note_on_c, 7, 73, 0
14, 653722, Note_on_c, 7, 78, 0
14, 654336, Note_on_c, 7, 73, 100
14, 654336, Note_on_c, 7, 76, 100
14, 654746, Note_on_c, 7, 73, 0
14, 654746, Note_on_c, 7, 76, 0
14, 655360, Note_on_c, 7, 62, 101
14, 655360, Note_on_c, 7, 74, 101
14, 655770, Note_on_c, 7, 62, 0
14, 655770, Note_on_c, 7, 74, 0
14, 656384, Note_on_c, 7, 68, 102
14, 656384, Note_on_c, 7, 71, 102
14, 656794, Note_on_c, 7, 68, 0
14, 656794, Note_on_c, 7, 71, 0
14, 657408, Note_on_c, 7, 61, 103
14, 657408, Note_on_c, 7, 69, 103
14, 657818, Note_on_c, 7, 61, 0
14, 657818, Note_on_c, 7, 69, 0
14, 658432, Note_on_c, 7, 62, 101
14, 658432, Note_on_c, 7, 69, 101
14, 658432, Note_on_c, 7, 78, 101
14, 658842, Note_on_c, 7, 62, 0
14, 658842, Note_on_c, 7, 69, 0
14, 658842, Note_on_c, 7, 78, 0
14, 659456, Note_on_c, 7, 62, 101
14, 659456, Note_on_c, 7, 69, 101
14, 659456, Note_on_c, 7, 78, 101
14, 659968, Note_on_c, 7, 62, 0
14, 659968, Note_on_c, 7, 69, 0
14, 659968, Note_on_c, 7, 78, 0
14, 660992, Note_on_c, 7, 62, 101
14, 661402, Note_on_c, 7, 62, 0
14, 661504, Note_on_c, 7, 74, 101
14, 662016, Note_on_c, 7, 74, 0
14, 663040, Note_on_c, 7, 62, 100
14, 663450, Note_on_c, 7, 62, 0
14, 663552, Note_on_c, 7, 69, 100
14, 663552, Note_on_c, 7, 81, 100
14, 664064, Note_on_c, 7, 69, 0
14, 664064, Note_on_c, 7, 81, 0
14, 665088, Note_on_c, 7, 57, 100
14, 665498, Note_on_c, 7, 57, 0
14, 665600, Note_on_c, 7, 69, 100
14, 666112, Note_on_c, 7, 69, 0
14, 667136, Note_on_c, 7, 57, 100
14, 667546, Note_on_c, 7, 57, 0
14, 667648, Note_on_c, 7, 57, 99
14, 667648, Note_on_c, 7, 66, 99
14, 667648, Note_on_c, 7, 74, 99
14, 668160, Note_on_c, 7, 57, 0
14, 668160, Note_on_c, 7, 66, 0
14, 668160, Note_on_c, 7, 74, 0
14, 670720, Note_on_c, 7, 62, 99
14, 670720, Note_on_c, 7, 69, 99
14, 670720, Note_on_c, 7, 78, 99
14, 671232, Note_on_c, 7, 62, 0
14, 671232, Note_on_c, 7, 69, 0
14, 671232, Note_on_c, 7, 78, 0
14, 671744, Note_on_c, 7, 57, 99
14, 671744, Note_on_c, 7, 64, 99
14, 671744, Note_on_c, 7, 69, 99
14, 671744, Note_on_c, 7, 76, 99
14, 672256, Note_on_c, 7, 57, 0
14, 672256, Note_on_c, 7, 64, 0
14, 672256, Note_on_c, 7, 69, 0
14, 672256, Note_on_c, 7, 76, 0
14, 673792, Note_on_c, 7, 62, 83
14, 674048, Note_on_c, 7, 62, 0
14, 674048, Note_on_c, 7, 66, 83
14, 674304, Note_on_c, 7, 66, 0
14, 674304, Note_on_c, 7, 64, 83
14, 674560, Note_on_c, 7, 64, 0
14, 674560, Note_on_c, 7, 62, 83
14, 674816, Note_on_c, 7, 62, 0
14, 674816, Note_on_c, 7, 61, 83
14, 675072, Note_on_c, 7, 61, 0
14, 675072, Note_on_c, 7, 62, 83
14, 675328, Note_on_c, 7, 62, 0
14, 675328, Note_on_c, 7, 64, 83
14, 675584, Note_on_c, 7, 64, 0
14, 675584, Note_on_c, 7, 62, 83
14, 675840, Note_on_c, 7, 62, 0
14, 675840, Note_on_c, 7, 62, 83
14, 676096, Note_on_c, 7, 62, 0
14, 676096, Note_on_c, 7, 57, 83
14, 676352, Note_on_c, 7, 57, 0
14, 676352, Note_on_c, 7, 59, 83
14, 676608, Note_on_c, 7, 59, 0
14, 676608, Note_on_c, 7, 61, 83
14, 676864, Note_on_c, 7, 61, 0
14, 676864, Note_on_c, 7, 62, 83
14, 677120, Note_on_c, 7, 62, 0
14, 677120, Note_on_c, 7, 61, 83
14, 677376, Note_on_c, 7, 61, 0
14, 677376, Note_on_c, 7, 62, 83
14, 677632, Note_on_c, 7, 62, 0
14, 677632, Note_on_c, 7, 64, 83
14, 677888, Note_on_c, 7, 64, 0
14, 677888, Note_on_c, 7, 66, 83
14, 678144, Note_on_c, 7, 66, 0
14, 678144, Note_on_c, 7, 69, 83
14, 678400, Note_on_c, 7, 69, 0
14, 678400, Note_on_c, 7, 67, 83
14, 678656, Note_on_c, 7, 67, 0
14, 678656, Note_on_c, 7, 66, 83
14, 678912, Note_on_c, 7, 66, 0
14, 678912, Note_on_c, 7, 64, 83
14, 679168, Note_on_c, 7, 64, 0
14, 679168, Note_on_c, 7, 66, 83
14, 679424, Note_on_c, 7, 66, 0
14, 679424, Note_on_c, 7, 67, 83
14, 679680, Note_on_c, 7, 67, 0
14, 679680, Note_on_c, 7, 69, 83
14, 679936, Note_on_c, 7, 69, 0
14, 679936, Note_on_c, 7, 71, 83
14, 680192, Note_on_c, 7, 71, 0
14, 680192, Note_on_c, 7, 72, 83
14, 680448, Note_on_c, 7, 72, 0
14, 680448, Note_on_c, 7, 74, 83
14, 680704, Note_on_c, 7, 74, 0
14, 680704, Note_on_c, 7, 76, 83
14, 680960, Note_on_c, 7, 76, 0
14, 680960, Note_on_c, 7, 78, 83
14, 681216, Note_on_c, 7, 78, 0
14, 681216, Note_on_c, 7, 79, 83
14, 681472, Note_on_c, 7, 79, 0
14, 681472, Note_on_c, 7, 81, 83
14, 681728, Note_on_c, 7, 81, 0
14, 681728, Note_on_c, 7, 83, 83
14, 681984, Note_on_c, 7, 83, 0
14, 681984, Note_on_c, 7, 71, 83
14, 682240, Note_on_c, 7, 71, 0
14, 682240, Note_on_c, 7, 72, 83
14, 682496, Note_on_c, 7, 72, 0
14, 682496, Note_on_c, 7, 74, 83
14, 682752, Note_on_c, 7, 74, 0
14, 682752, Note_on_c, 7, 76, 83
14, 683008, Note_on_c, 7, 76, 0
14, 683008, Note_on_c, 7, 78, 83
14, 683264, Note_on_c, 7, 78, 0
14, 683264, Note_on_c, 7, 79, 83
14, 683520, Note_on_c, 7, 79, 0
14, 683520, Note_on_c, 7, 81, 83
14, 683776, Note_on_c, 7, 81, 0
14, 683776, Note_on_c, 7, 83, 83
14, 684032, Note_on_c, 7, 83, 0
14, 684032, Note_on_c, 7, 71, 83
14, 684288, Note_on_c, 7, 71, 0
14, 684288, Note_on_c, 7, 73, 83
14, 684544, Note_on_c, 7, 73, 0
14, 684544, Note_on_c, 7, 74, 83
14, 684800, Note_on_c, 7, 74, 0
14, 684800, Note_on_c, 7, 76, 83
14, 685056, Note_on_c, 7, 76, 0
14, 685056, Note_on_c, 7, 71, 83
14, 685312, Note_on_c, 7, 71, 0
14, 685312, Note_on_c, 7, 73, 83
14, 685568, Note_on_c, 7, 73, 0
14, 685568, Note_on_c, 7, 74, 83
14, 685824, Note_on_c, 7, 74, 0
14, 685824, Note_on_c, 7, 76, 83
14, 686080, Note_on_c, 7, 76, 0
14, 686080, Note_on_c, 7, 64, 83
14, 686336, Note_on_c, 7, 64, 0
14, 686336, Note_on_c, 7, 66, 83
14, 686592, Note_on_c, 7, 66, 0
14, 686592, Note_on_c, 7, 67, 83
14, 686848, Note_on_c, 7, 67, 0
14, 686848, Note_on_c, 7, 69, 83
14, 687104, Note_on_c, 7, 69, 0
14, 687104, Note_on_c, 7, 71, 83
14, 687360, Note_on_c, 7, 71, 0
14, 687360, Note_on_c, 7, 73, 83
14, 687616, Note_on_c, 7, 73, 0
14, 687616, Note_on_c, 7, 73, 83
14, 687872, Note_on_c, 7, 73, 0
14, 687872, Note_on_c, 7, 73, 83
14, 688128, Note_on_c, 7, 73, 0
14, 688128, Note_on_c, 7, 66, 83
14, 688384, Note_on_c, 7, 66, 0
14, 688384, Note_on_c, 7, 67, 83
14, 688640, Note_on_c, 7, 67, 0
14, 688640, Note_on_c, 7, 69, 83
14, 688896, Note_on_c, 7, 69, 0
14, 688896, Note_on_c, 7, 71, 83
14, 689152, Note_on_c, 7, 71, 0
14, 689152, Note_on_c, 7, 73, 83
14, 689408, Note_on_c, 7, 73, 0
14, 689408, Note_on_c, 7, 74, 83
14, 689664, Note_on_c, 7, 74, 0
14, 689664, Note_on_c, 7, 76, 83
14, 689920, Note_on_c, 7, 76, 0
14, 689920, Note_on_c, 7, 78, 83
14, 690176, Note_on_c, 7, 78, 0
14, 690176, Note_on_c, 7, 69, 83
14, 690432, Note_on_c, 7, 69, 0
14, 690432, Note_on_c, 7, 71, 83
14, 690688, Note_on_c, 7, 71, 0
14, 690688, Note_on_c, 7, 73, 83
14, 690944, Note_on_c, 7, 73, 0
14, 690944, Note_on_c, 7, 74, 83
14, 691200, Note_on_c, 7, 74, 0
14, 691200, Note_on_c, 7, 76, 83
14, 691456, Note_on_c, 7, 76, 0
14, 691456, Note_on_c, 7, 78, 83
14, 691712, Note_on_c, 7, 78, 0
14, 691712, Note_on_c, 7, 79, 83
14, 691968, Note_on_c, 7, 79, 0
14, 691968, Note_on_c, 7, 81, 83
14, 692224, Note_on_c, 7, 81, 0
14, 692224, Note_on_c, 7, 71, 83
14, 692480, Note_on_c, 7, 71, 0
14, 692480, Note_on_c, 7, 73, 83
14, 692736, Note_on_c, 7, 73, 0
14, 692736, Note_on_c, 7, 74, 83
14, 692992, Note_on_c, 7, 74, 0
14, 692992, Note_on_c, 7, 76, 83
14, 693248, Note_on_c, 7, 76, 0
14, 693248, Note_on_c, 7, 78, 83
14, 693504, Note_on_c, 7, 78, 0
14, 693504, Note_on_c, 7, 79, 83
14, 693760, Note_on_c, 7, 79, 0
14, 693760, Note_on_c, 7, 81, 83
14, 694016, Note_on_c, 7, 81, 0
14, 694016, Note_on_c, 7, 83, 83
14, 694272, Note_on_c, 7, 83, 0
14, 694272, Note_on_c, 7, 64, 83
14, 694528, Note_on_c, 7, 64, 0
14, 694528, Note_on_c, 7, 66, 83
14, 694784, Note_on_c, 7, 66, 0
14, 694784, Note_on_c, 7, 67, 83
14, 695040, Note_on_c, 7, 67, 0
14, 695040, Note_on_c, 7, 69, 83
14, 695296, Note_on_c, 7, 69, 0
14, 695296, Note_on_c, 7, 71, 83
14, 695552, Note_on_c, 7, 71, 0
14, 695552, Note_on_c, 7, 73, 83
14, 695808, Note_on_c, 7, 73, 0
14, 695808, Note_on_c, 7, 74, 83
14, 696064, Note_on_c, 7, 74, 0
14, 696064, Note_on_c, 7, 76, 83
14, 696320, Note_on_c, 7, 76, 0
14, 696320, Note_on_c, 7, 61, 83
14, 696576, Note_on_c, 7, 61, 0
14, 696576, Note_on_c, 7, 62, 83
14, 696832, Note_on_c, 7, 62, 0
14, 696832, Note_on_c, 7, 64, 83
14, 697088, Note_on_c, 7, 64, 0
14, 697088, Note_on_c, 7, 66, 83
14, 697344, Note_on_c, 7, 66, 0
14, 697344, Note_on_c, 7, 61, 83
14, 697600, Note_on_c, 7, 61, 0
14, 697600, Note_on_c, 7, 62, 83
14, 697856, Note_on_c, 7, 62, 0
14, 697856, Note_on_c, 7, 64, 83
14, 698112, Note_on_c, 7, 64, 0
14, 698112, Note_on_c, 7, 66, 83
14, 698368, Note_on_c, 7, 66, 0
14, 698368, Note_on_c, 7, 59, 83
14, 698624, Note_on_c, 7, 59, 0
14, 698624, Note_on_c, 7, 61, 83
14, 698880, Note_on_c, 7, 61, 0
14, 698880, Note_on_c, 7, 62, 83
14, 699136, Note_on_c, 7, 62, 0
14, 699136, Note_on_c, 7, 64, 83
14, 699392, Note_on_c, 7, 64, 0
14, 699392, Note_on_c, 7, 66, 83
14, 699648, Note_on_c, 7, 66, 0
14, 699648, Note_on_c, 7, 67, 83
14, 699904, Note_on_c, 7, 67, 0
14, 699904, Note_on_c, 7, 69, 83
14, 700160, Note_on_c, 7, 69, 0
14, 700160, Note_on_c, 7, 71, 83
14, 700416, Note_on_c, 7, 71, 0
14, 700416, Note_on_c, 7, 69, 82
14, 700672, Note_on_c, 7, 69, 0
14, 700672, Note_on_c, 7, 81, 82
14, 700928, Note_on_c, 7, 81, 0
14, 700928, Note_on_c, 7, 78, 82
14, 701184, Note_on_c, 7, 78, 0
14, 701184, Note_on_c, 7, 75, 83
14, 701440, Note_on_c, 7, 75, 0
14, 701440, Note_on_c, 7, 69, 83
14, 701696, Note_on_c, 7, 69, 0
14, 701696, Note_on_c, 7, 78, 84
14, 701952, Note_on_c, 7, 78, 0
14, 701952, Note_on_c, 7, 75, 84
14, 702208, Note_on_c, 7, 75, 0
14, 702208, Note_on_c, 7, 69, 85
14, 702464, Note_on_c, 7, 69, 0
14, 702464, Note_on_c, 7, 68, 85
14, 702720, Note_on_c, 7, 68, 0
14, 702720, Note_on_c, 7, 77, 85
14, 702976, Note_on_c, 7, 77, 0
14, 702976, Note_on_c, 7, 73, 86
14, 703232, Note_on_c, 7, 73, 0
14, 703232, Note_on_c, 7, 68, 86
14, 703488, Note_on_c, 7, 68, 0
14, 703488, Note_on_c, 7, 68, 87
14, 703744, Note_on_c, 7, 68, 0
14, 703744, Note_on_c, 7, 77, 87
14, 704000, Note_on_c, 7, 77, 0
14, 704000, Note_on_c, 7, 73, 88
14, 704256, Note_on_c, 7, 73, 0
14, 704256, Note_on_c, 7, 68, 88
14, 704512, Note_on_c, 7, 68, 0
14, 704512, Note_on_c, 7, 70, 88
14, 704768, Note_on_c, 7, 70, 0
14, 704768, Note_on_c, 7, 79, 89
14, 705024, Note_on_c, 7, 79, 0
14, 705024, Note_on_c, 7, 76, 89
14, 705280, Note_on_c, 7, 76, 0
14, 705280, Note_on_c, 7, 70, 90
14, 705536, Note_on_c, 7, 70, 0
14, 705536, Note_on_c, 7, 70, 90
14, 705792, Note_on_c, 7, 70, 0
14, 705792, Note_on_c, 7, 79, 91
14, 706048, Note_on_c, 7, 79, 0
14, 706048, Note_on_c, 7, 76, 91
14, 706304, Note_on_c, 7, 76, 0
14, 706304, Note_on_c, 7, 70, 91
14, 706560, Note_on_c, 7, 70, 0
14, 706560, Note_on_c, 7, 71, 92
14, 706816, Note_on_c, 7, 71, 0
14, 706816, Note_on_c, 7, 78, 92
14, 707072, Note_on_c, 7, 78, 0
14, 707072, Note_on_c, 7, 74, 93
14, 707328, Note_on_c, 7, 74, 0
14, 707328, Note_on_c, 7, 71, 93
14, 707584, Note_on_c, 7, 71, 0
14, 707584, Note_on_c, 7, 71, 94
14, 707840, Note_on_c, 7, 71, 0
14, 707840, Note_on_c, 7, 69, 94
14, 708096, Note_on_c, 7, 69, 0
14, 708096, Note_on_c, 7, 66, 94
14, 708352, Note_on_c, 7, 66, 0
14, 708352, Note_on_c, 7, 71, 95
14, 708608, Note_on_c, 7, 71, 0
14, 708608, Note_on_c, 7, 68, 95
14, 708864, Note_on_c, 7, 68, 0
14, 708864, Note_on_c, 7, 73, 96
14, 709120, Note_on_c, 7, 73, 0
14, 709120, Note_on_c, 7, 71, 96
14, 709376, Note_on_c, 7, 71, 0
14, 709376, Note_on_c, 7, 68, 97
14, 709632, Note_on_c, 7, 68, 0
14, 709632, Note_on_c, 7, 68, 97
14, 709888, Note_on_c, 7, 68, 0
14, 709888, Note_on_c, 7, 74, 98
14, 710144, Note_on_c, 7, 74, 0
14, 710144, Note_on_c, 7, 73, 98
14, 710400, Note_on_c, 7, 73, 0
14, 710400, Note_on_c, 7, 68, 98
14, 710656, Note_on_c, 7, 68, 0
14, 710656, Note_on_c, 7, 69, 99
14, 710912, Note_on_c, 7, 69, 0
14, 710912, Note_on_c, 7, 74, 99
14, 711168, Note_on_c, 7, 74, 0
14, 711168, Note_on_c, 7, 73, 100
14, 711424, Note_on_c, 7, 73, 0
14, 711424, Note_on_c, 7, 69, 100
14, 711680, Note_on_c, 7, 69, 0
14, 711680, Note_on_c, 7, 69, 101
14, 711936, Note_on_c, 7, 69, 0
14, 711936, Note_on_c, 7, 76, 101
14, 712192, Note_on_c, 7, 76, 0
14, 712192, Note_on_c, 7, 74, 101
14, 712448, Note_on_c, 7, 74, 0
14, 712448, Note_on_c, 7, 69, 102
14, 712704, Note_on_c, 7, 69, 0
14, 712704, Note_on_c, 7, 71, 102
14, 712960, Note_on_c, 7, 71, 0
14, 712960, Note_on_c, 7, 76, 103
14, 713216, Note_on_c, 7, 76, 0
14, 713216, Note_on_c, 7, 74, 103
14, 713472, Note_on_c, 7, 74, 0
14, 713472, Note_on_c, 7, 71, 103
14, 713728, Note_on_c, 7, 71, 0
14, 713728, Note_on_c, 7, 71, 103
14, 713984, Note_on_c, 7, 71, 0
14, 713984, Note_on_c, 7, 78, 103
14, 714240, Note_on_c, 7, 78, 0
14, 714240, Note_on_c, 7, 76, 103
14, 714496, Note_on_c, 7, 76, 0
14, 714496, Note_on_c, 7, 71, 103
14, 714752, Note_on_c, 7, 71, 0
14, 714752, Note_on_c, 7, 71, 103
14, 715008, Note_on_c, 7, 71, 0
14, 715008, Note_on_c, 7, 76, 103
14, 715264, Note_on_c, 7, 76, 0
14, 715264, Note_on_c, 7, 74, 103
14, 715520, Note_on_c, 7, 74, 0
14, 715520, Note_on_c, 7, 71, 103
14, 715776, Note_on_c, 7, 71, 0
14, 715776, Note_on_c, 7, 71, 103
14, 716032, Note_on_c, 7, 71, 0
14, 716032, Note_on_c, 7, 78, 103
14, 716288, Note_on_c, 7, 78, 0
14, 716288, Note_on_c, 7, 76, 103
14, 716544, Note_on_c, 7, 76, 0
14, 716544, Note_on_c, 7, 71, 103
14, 716800, Note_on_c, 7, 71, 0
14, 716800, Note_on_c, 7, 71, 103
14, 717056, Note_on_c, 7, 71, 0
14, 717056, Note_on_c, 7, 76, 103
14, 717312, Note_on_c, 7, 76, 0
14, 717312, Note_on_c, 7, 74, 103
14, 717568, Note_on_c, 7, 74, 0
14, 717568, Note_on_c, 7, 71, 103
14, 717824, Note_on_c, 7, 71, 0
14, 717824, Note_on_c, 7, 71, 103
14, 718080, Note_on_c, 7, 71, 0
14, 718080, Note_on_c, 7, 78, 103
14, 718336, Note_on_c, 7, 78, 0
14, 718336, Note_on_c, 7, 76, 103
14, 718592, Note_on_c, 7, 76, 0
14, 718592, Note_on_c, 7, 71, 103
14, 718848, Note_on_c, 7, 71, 0
14, 718848, Note_on_c, 7, 71, 103
14, 719104, Note_on_c, 7, 71, 0
14, 719104, Note_on_c, 7, 76, 103
14, 719360, Note_on_c, 7, 76, 0
14, 719360, Note_on_c, 7, 74, 103
14, 719616, Note_on_c, 7, 74, 0
14, 719616, Note_on_c, 7, 71, 103
14, 719872, Note_on_c, 7, 71, 0
14, 719872, Note_on_c, 7, 71, 103
14, 720128, Note_on_c, 7, 71, 0
14, 720128, Note_on_c, 7, 78, 103
14, 720384, Note_on_c, 7, 78, 0
14, 720384, Note_on_c, 7, 76, 103
14, 720640, Note_on_c, 7, 76, 0
14, 720640, Note_on_c, 7, 71, 103
14, 720896, Note_on_c, 7, 71, 0
14, 720896, Note_on_c, 7, 73, 103
14, 721152, Note_on_c, 7, 73, 0
14, 721152, Note_on_c, 7, 73, 103
14, 721408, Note_on_c, 7, 73, 0
14, 721408, Note_on_c, 7, 73, 103
14, 721664, Note_on_c, 7, 73, 0
14, 721664, Note_on_c, 7, 73, 103
14, 721920, Note_on_c, 7, 73, 0
14, 721920, Note_on_c, 7, 73, 103
14, 722176, Note_on_c, 7, 73, 0
14, 722176, Note_on_c, 7, 73, 103
14, 722432, Note_on_c, 7, 73, 0
14, 722432, Note_on_c, 7, 74, 103
14, 722688, Note_on_c, 7, 74, 0
14, 722688, Note_on_c, 7, 76, 103
14, 722944, Note_on_c, 7, 76, 0
14, 722944, Note_on_c, 7, 78, 103
14, 723200, Note_on_c, 7, 78, 0
14, 723200, Note_on_c, 7, 66, 103
14, 723456, Note_on_c, 7, 66, 0
14, 723456, Note_on_c, 7, 78, 103
14, 723712, Note_on_c, 7, 78, 0
14, 723712, Note_on_c, 7, 78, 103
14, 723968, Note_on_c, 7, 78, 0
14, 723968, Note_on_c, 7, 78, 103
14, 724224, Note_on_c, 7, 78, 0
14, 724224, Note_on_c, 7, 78, 103
14, 724480, Note_on_c, 7, 78, 0
14, 724480, Note_on_c, 7, 76, 103
14, 724736, Note_on_c, 7, 76, 0
14, 724736, Note_on_c, 7, 74, 103
14, 724992, Note_on_c, 7, 74, 0
14, 724992, Note_on_c, 7, 76, 103
14, 725248, Note_on_c, 7, 76, 0
14, 725248, Note_on_c, 7, 76, 103
14, 725504, Note_on_c, 7, 76, 0
14, 725504, Note_on_c, 7, 76, 103
14, 725760, Note_on_c, 7, 76, 0
14, 725760, Note_on_c, 7, 76, 103
14, 726016, Note_on_c, 7, 76, 0
14, 726016, Note_on_c, 7, 76, 103
14, 726272, Note_on_c, 7, 76, 0
14, 726272, Note_on_c, 7, 76, 103
14, 726528, Note_on_c, 7, 76, 0
14, 726528, Note_on_c, 7, 69, 103
14, 726784, Note_on_c, 7, 69, 0
14, 726784, Note_on_c, 7, 69, 104
14, 727040, Note_on_c, 7, 69, 0
14, 727040, Note_on_c, 7, 71, 105
14, 727296, Note_on_c, 7, 71, 0
14, 727296, Note_on_c, 7, 71, 106
14, 727552, Note_on_c, 7, 71, 0
14, 727552, Note_on_c, 7, 71, 107
14, 727808, Note_on_c, 7, 71, 0
14, 727808, Note_on_c, 7, 71, 108
14, 728064, Note_on_c, 7, 71, 0
14, 728064, Note_on_c, 7, 73, 109
14, 728320, Note_on_c, 7, 73, 0
14, 728320, Note_on_c, 7, 73, 110
14, 728576, Note_on_c, 7, 73, 0
14, 728576, Note_on_c, 7, 74, 111
14, 728832, Note_on_c, 7, 74, 0
14, 728832, Note_on_c, 7, 74, 112
14, 729088, Note_on_c, 7, 74, 0
14, 729088, Note_on_c, 7, 69, 113
14, 729088, Note_on_c, 7, 81, 113
14, 730726, Note_on_c, 7, 69, 0
14, 730726, Note_on_c, 7, 81, 0
14, 731136, Note_on_c, 7, 76, 114
14, 731648, Note_on_c, 7, 76, 0
14, 732160, Note_on_c, 7, 76, 114
14, 732672, Note_on_c, 7, 76, 0
14, 733184, Note_on_c, 7, 69, 114
14, 733440, Note_on_c, 7, 69, 0
14, 733696, Note_on_c, 7, 69, 114
14, 733952, Note_on_c, 7, 69, 0
14, 733952, Note_on_c, 7, 71, 114
14, 734208, Note_on_c, 7, 71, 0
14, 734208, Note_on_c, 7, 73, 114
14, 734464, Note_on_c, 7, 73, 0
14, 734720, Note_on_c, 7, 73, 114
14, 734976, Note_on_c, 7, 73, 0
14, 734976, Note_on_c, 7, 74, 114
14, 735232, Note_on_c, 7, 74, 0
14, 735232, Note_on_c, 7, 76, 114
14, 735488, Note_on_c, 7, 76, 0
14, 735744, Note_on_c, 7, 76, 114
14, 736000, Note_on_c, 7, 76, 0
14, 736000, Note_on_c, 7, 78, 114
14, 736256, Note_on_c, 7, 78, 0
14, 736256, Note_on_c, 7, 80, 114
14, 736512, Note_on_c, 7, 80, 0
14, 736768, Note_on_c, 7, 76, 106
14, 736939, Note_on_c, 7, 76, 0
14, 736939, Note_on_c, 7, 78, 98
14, 737109, Note_on_c, 7, 78, 0
14, 737109, Note_on_c, 7, 80, 90
14, 737280, Note_on_c, 7, 80, 0
14, 737792, Note_on_c, 7, 64, 45
14, 738816, Note_on_c, 7, 64, 0
14, 738816, Note_on_c, 7, 69, 42
14, 740864, Note_on_c, 7, 69, 0
14, 740864, Note_on_c, 7, 68, 42
14, 741376, Note_on_c, 7, 68, 0
14, 741376, Note_on_c, 7, 67, 41
14, 741888, Note_on_c, 7, 67, 0
14, 741888, Note_on_c, 7, 70, 40
14, 742400, Note_on_c, 7, 70, 0
14, 742400, Note_on_c, 7, 66, 39
14, 742912, Note_on_c, 7, 66, 0
14, 742912, Note_on_c, 7, 71, 38
14, 744960, Note_on_c, 7, 71, 0
14, 744960, Note_on_c, 7, 70, 43
14, 745984, Note_on_c, 7, 70, 0
14, 745984, Note_on_c, 7, 63, 39
14, 749056, Note_on_c, 7, 63, 0
14, 749056, Note_on_c, 7, 62, 30
14, 749312, Note_on_c, 7, 62, 0
14, 749568, Note_on_c, 7, 62, 98
14, 749568, Note_on_c, 7, 74, 98
14, 750080, Note_on_c, 7, 62, 0
14, 750080, Note_on_c, 7, 74, 0
14, 750080, Note_on_c, 7, 61, 102
14, 750336, Note_on_c, 7, 61, 0
14, 750336, Note_on_c, 7, 69, 105
14, 750592, Note_on_c, 7, 69, 0
14, 750592, Note_on_c, 7, 69, 105
14, 750848, Note_on_c, 7, 69, 0
14, 750848, Note_on_c, 7, 69, 105
14, 751104, Note_on_c, 7, 69, 0
14, 751104, Note_on_c, 7, 69, 105
14, 751360, Note_on_c, 7, 69, 0
14, 751360, Note_on_c, 7, 69, 105
14, 751616, Note_on_c, 7, 69, 0
14, 751616, Note_on_c, 7, 69, 105
14, 751872, Note_on_c, 7, 69, 0
14, 751872, Note_on_c, 7, 69, 105
14, 752128, Note_on_c, 7, 69, 0
14, 752128, Note_on_c, 7, 69, 105
14, 752384, Note_on_c, 7, 69, 0
14, 752384, Note_on_c, 7, 73, 105
14, 752640, Note_on_c, 7, 73, 0
14, 752640, Note_on_c, 7, 73, 105
14, 752896, Note_on_c, 7, 73, 0
14, 752896, Note_on_c, 7, 73, 105
14, 753152, Note_on_c, 7, 73, 0
14, 753152, Note_on_c, 7, 74, 105
14, 753408, Note_on_c, 7, 74, 0
14, 753408, Note_on_c, 7, 74, 105
14, 753664, Note_on_c, 7, 74, 0
14, 753664, Note_on_c, 7, 74, 105
14, 753920, Note_on_c, 7, 74, 0
14, 753920, Note_on_c, 7, 74, 105
14, 754176, Note_on_c, 7, 74, 0
14, 754176, Note_on_c, 7, 74, 105
14, 754432, Note_on_c, 7, 74, 0
14, 754432, Note_on_c, 7, 74, 105
14, 754688, Note_on_c, 7, 74, 0
14, 754688, Note_on_c, 7, 68, 105
14, 754944, Note_on_c, 7, 68, 0
14, 754944, Note_on_c, 7, 68, 105
14, 755200, Note_on_c, 7, 68, 0
14, 755200, Note_on_c, 7, 74, 105
14, 755456, Note_on_c, 7, 74, 0
14, 755456, Note_on_c, 7, 74, 105
14, 755712, Note_on_c, 7, 74, 0
14, 755712, Note_on_c, 7, 68, 105
14, 755968, Note_on_c, 7, 68, 0
14, 755968, Note_on_c, 7, 68, 105
14, 756224, Note_on_c, 7, 68, 0
14, 756224, Note_on_c, 7, 73, 105
14, 756480, Note_on_c, 7, 73, 0
14, 756480, Note_on_c, 7, 73, 105
14, 756736, Note_on_c, 7, 73, 0
14, 756736, Note_on_c, 7, 69, 106
14, 756992, Note_on_c, 7, 69, 0
14, 756992, Note_on_c, 7, 69, 106
14, 757248, Note_on_c, 7, 69, 0
14, 757248, Note_on_c, 7, 64, 116
14, 757248, Note_on_c, 7, 73, 116
14, 757248, Note_on_c, 7, 81, 116
14, 757760, Note_on_c, 7, 64, 0
14, 757760, Note_on_c, 7, 73, 0
14, 757760, Note_on_c, 7, 81, 0
14, 760320, Note_on_c, 7, 76, 116
14, 760320, Note_on_c, 7, 79, 116
14, 762573, Note_on_c, 7, 76, 0
14, 762573, Note_on_c, 7, 79, 0
14, 762880, Note_on_c, 7, 74, 108
14, 762880, Note_on_c, 7, 77, 108
14, 763136, Note_on_c, 7, 74, 0
14, 763136, Note_on_c, 7, 77, 0
14, 763392, Note_on_c, 7, 74, 106
14, 763392, Note_on_c, 7, 77, 106
14, 763648, Note_on_c, 7, 74, 0
14, 763648, Note_on_c, 7, 77, 0
14, 763904, Note_on_c, 7, 86, 104
14, 764160, Note_on_c, 7, 86, 0
14, 764416, Note_on_c, 7, 86, 102
14, 764672, Note_on_c, 7, 86, 0
14, 764928, Note_on_c, 7, 77, 101
14, 765184, Note_on_c, 7, 77, 0
14, 765440, Note_on_c, 7, 77, 102
14, 765696, Note_on_c, 7, 77, 0
14, 765952, Note_on_c, 7, 81, 102
14, 766208, Note_on_c, 7, 81, 0
14, 766464, Note_on_c, 7, 81, 103
14, 766720, Note_on_c, 7, 81, 0
14, 766976, Note_on_c, 7, 74, 103
14, 767232, Note_on_c, 7, 74, 0
14, 767488, Note_on_c, 7, 74, 104
14, 767744, Note_on_c, 7, 74, 0
14, 768000, Note_on_c, 7, 77, 104
14, 768256, Note_on_c, 7, 77, 0
14, 768512, Note_on_c, 7, 77, 105
14, 768768, Note_on_c, 7, 77, 0
14, 769024, Note_on_c, 7, 69, 106
14, 769280, Note_on_c, 7, 69, 0
14, 769536, Note_on_c, 7, 69, 106
14, 769792, Note_on_c, 7, 69, 0
14, 770048, Note_on_c, 7, 74, 107
14, 770304, Note_on_c, 7, 74, 0
14, 770560, Note_on_c, 7, 74, 107
14, 770816, Note_on_c, 7, 74, 0
14, 771072, Note_on_c, 7, 65, 108
14, 771328, Note_on_c, 7, 65, 0
14, 771584, Note_on_c, 7, 65, 109
14, 771840, Note_on_c, 7, 65, 0
14, 772096, Note_on_c, 7, 69, 109
14, 772352, Note_on_c, 7, 69, 0
14, 772608, Note_on_c, 7, 69, 110
14, 772864, Note_on_c, 7, 69, 0
14, 773120, Note_on_c, 7, 62, 110
14, 773376, Note_on_c, 7, 62, 0
14, 773632, Note_on_c, 7, 62, 111
14, 773888, Note_on_c, 7, 62, 0
14, 774144, Note_on_c, 7, 69, 112
14, 774400, Note_on_c, 7, 69, 0
14, 774656, Note_on_c, 7, 69, 112
14, 774912, Note_on_c, 7, 69, 0
14, 775168, Note_on_c, 7, 81, 113
14, 775424, Note_on_c, 7, 81, 0
14, 775680, Note_on_c, 7, 81, 113
14, 775936, Note_on_c, 7, 81, 0
14, 776192, Note_on_c, 7, 74, 114
14, 776448, Note_on_c, 7, 74, 0
14, 776704, Note_on_c, 7, 74, 115
14, 776960, Note_on_c, 7, 74, 0
14, 777216, Note_on_c, 7, 74, 115
14, 777472, Note_on_c, 7, 74, 0
14, 777728, Note_on_c, 7, 74, 116
14, 777984, Note_on_c, 7, 74, 0
14, 778240, Note_on_c, 7, 56, 116
14, 778496, Note_on_c, 7, 56, 0
14, 778752, Note_on_c, 7, 56, 117
14, 779008, Note_on_c, 7, 56, 0
14, 779264, Note_on_c, 7, 65, 117
14, 779264, Note_on_c, 7, 74, 117
14, 779520, Note_on_c, 7, 65, 0
14, 779520, Note_on_c, 7, 74, 0
14, 779776, Note_on_c, 7, 65, 118
14, 779776, Note_on_c, 7, 74, 118
14, 780288, Note_on_c, 7, 65, 0
14, 780288, Note_on_c, 7, 74, 0
14, 780800, Note_on_c, 7, 69, 120
14, 780800, Note_on_c, 7, 81, 120
14, 781312, Note_on_c, 7, 69, 0
14, 781312, Note_on_c, 7, 81, 0
14, 800256, Note_on_c, 7, 57, 34
14, 803328, Note_on_c, 7, 57, 0
14, 803328, Note_on_c, 7, 59, 30
14, 804352, Note_on_c, 7, 59, 0
14, 804352, Note_on_c, 7, 68, 29
14, 805376, Note_on_c, 7, 71, 28
14, 823808, Note_on_c, 7, 68, 0
14, 823808, Note_on_c, 7, 71, 0
14, 825856, Note_on_c, 7, 73, 100
14, 825856, Note_on_c, 7, 76, 100
14, 826368, Note_on_c, 7, 73, 0
14, 826368, Note_on_c, 7, 76, 0
14, 826880, Note_on_c, 7, 69, 102
14, 826880, Note_on_c, 7, 81, 102
14, 827136, Note_on_c, 7, 69, 0
14, 827136, Note_on_c, 7, 81, 0
14, 827392, Note_on_c, 7, 69, 102
14, 827392, Note_on_c, 7, 81, 102
14, 827648, Note_on_c, 7, 69, 0
14, 827648, Note_on_c, 7, 81, 0
14, 827904, Note_on_c, 7, 69, 103
14, 827904, Note_on_c, 7, 86, 103
14, 828416, Note_on_c, 7, 69, 0
14, 828416, Note_on_c, 7, 86, 0
14, 840192, Note_on_c, 7, 67, 53
14, 840192, Note_on_c, 7, 71, 53
14, 840602, Note_on_c, 7, 67, 0
14, 840602, Note_on_c, 7, 71, 0
14, 841216, Note_on_c, 7, 71, 88
14, 841216, Note_on_c, 7, 83, 88
14, 841626, Note_on_c, 7, 71, 0
14, 841626, Note_on_c, 7, 83, 0
14, 847360, Note_on_c, 7, 64, 106
14, 847360, Note_on_c, 7, 73, 106
14, 847360, Note_on_c, 7, 81, 106
14, 847872, Note_on_c, 7, 64, 0
14, 847872, Note_on_c, 7, 73, 0
14, 847872, Note_on_c, 7, 81, 0
14, 848384, Program_c, 7, 45
14, 855040, Note_on_c, 7, 57, 48
14, 856064, Note_on_c, 7, 57, 0
14, 856064, Note_on_c, 7, 57, 45
14, 857088, Note_on_c, 7, 57, 0
14, 863232, Note_on_c, 7, 57, 49
14, 864256, Note_on_c, 7, 57, 0
14, 864256, Note_on_c, 7, 57, 43
14, 865280, Note_on_c, 7, 57, 0
14, 865280, Note_on_c, 7, 57, 37
14, 866304, Note_on_c, 7, 57, 0
14, 866304, Note_on_c, 7, 57, 34
14, 867328, Note_on_c, 7, 57, 0
14, 867328, Note_on_c, 7, 57, 34
14, 868352, Note_on_c, 7, 57, 0
14, 868352, Note_on_c, 7, 57, 34
14, 869376, Note_on_c, 7, 57, 0
14, 869376, Note_on_c, 7, 57, 34
14, 870400, Note_on_c, 7, 57, 0
14, 870400, Note_on_c, 7, 57, 34
14, 871424, Note_on_c, 7, 57, 0
14, 871424, Note_on_c, 7, 57, 34
14, 872448, Note_on_c, 7, 57, 0
14, 872448, Note_on_c, 7, 57, 34
14, 873472, Note_on_c, 7, 57, 0
14, 873472, Note_on_c, 7, 57, 34
14, 874496, Note_on_c, 7, 57, 0
14, 874496, Note_on_c, 7, 57, 34
14, 875520, Note_on_c, 7, 57, 0
14, 875520, Note_on_c, 7, 57, 34
14, 876544, Note_on_c, 7, 57, 0
14, 876544, Note_on_c, 7, 57, 34
14, 877568, Note_on_c, 7, 57, 0
14, 877568, Note_on_c, 7, 57, 34
14, 878592, Note_on_c, 7, 57, 0
14, 879616, Note_on_c, 7, 57, 34
14, 880640, Note_on_c, 7, 57, 0
14, 881664, Note_on_c, 7, 57, 34
14, 882688, Note_on_c, 7, 57, 0
14, 882688, Note_on_c, 7, 57, 34
14, 882688, Note_on_c, 7, 62, 34
14, 883712, Note_on_c, 7, 57, 0
14, 883712, Note_on_c, 7, 62, 0
14, 883712, Note_on_c, 7, 57, 34
14, 883712, Note_on_c, 7, 64, 34
14, 884736, Note_on_c, 7, 57, 0
14, 884736, Note_on_c, 7, 64, 0
14, 884736, Note_on_c, 7, 57, 34
14, 884736, Note_on_c, 7, 66, 34
14, 885760, Note_on_c, 7, 57, 0
14, 885760, Note_on_c, 7, 66, 0
14, 885760, Note_on_c, 7, 57, 34
14, 885760, Note_on_c, 7, 66, 34
14, 886784, Note_on_c, 7, 57, 0
14, 886784, Note_on_c, 7, 66, 0
14, 886784, Note_on_c, 7, 57, 34
14, 886784, Note_on_c, 7, 64, 34
14, 887808, Note_on_c, 7, 57, 0
14, 887808, Note_on_c, 7, 64, 0
14, 887808, Note_on_c, 7, 57, 34
14, 887808, Note_on_c, 7, 62, 34
14, 888832, Note_on_c, 7, 57, 0
14, 888832, Note_on_c, 7, 62, 0
14, 888832, Note_on_c, 7, 57, 34
14, 888832, Note_on_c, 7, 67, 34
14, 889856, Note_on_c, 7, 57, 0
14, 889856, Note_on_c, 7, 67, 0
14, 889856, Note_on_c, 7, 57, 34
14, 889856, Note_on_c, 7, 66, 34
14, 890880, Note_on_c, 7, 57, 0
14, 890880, Note_on_c, 7, 66, 0
14, 890880, Note_on_c, 7, 57, 34
14, 891904, Note_on_c, 7, 57, 0
14, 891904, Note_on_c, 7, 57, 34
14, 892928, Note_on_c, 7, 57, 0
14, 892928, Note_on_c, 7, 57, 34
14, 893952, Note_on_c, 7, 57, 0
14, 893952, Note_on_c, 7, 57, 34
14, 894976, Note_on_c, 7, 57, 0
14, 896000, Note_on_c, 7, 57, 34
14, 897024, Note_on_c, 7, 57, 0
14, 899072, Note_on_c, 7, 57, 35
14, 900096, Note_on_c, 7, 57, 0
14, 901120, Note_on_c, 7, 57, 37
14, 902144, Note_on_c, 7, 57, 0
14, 903168, Note_on_c, 7, 57, 38
14, 904192, Note_on_c, 7, 57, 0
14, 905216, Note_on_c, 7, 57, 40
14, 906240, Note_on_c, 7, 57, 0
14, 907264, Note_on_c, 7, 57, 41
14, 908288, Note_on_c, 7, 57, 0
14, 909312, Note_on_c, 7, 57, 43
14, 910336, Note_on_c, 7, 57, 0
14, 910336, Note_on_c, 7, 57, 43
14, 911360, Note_on_c, 7, 57, 0
14, 911360, Note_on_c, 7, 57, 44
14, 912384, Note_on_c, 7, 57, 0
14, 912384, Note_on_c, 7, 57, 45
14, 913408, Note_on_c, 7, 57, 0
14, 913408, Note_on_c, 7, 57, 46
14, 914432, Note_on_c, 7, 57, 0
14, 914432, Note_on_c, 7, 57, 47
14, 915456, Note_on_c, 7, 57, 0
14, 915456, Note_on_c, 7, 57, 47
14, 916480, Note_on_c, 7, 57, 0
14, 916480, Note_on_c, 7, 57, 48
14, 917504, Note_on_c, 7, 57, 0
14, 917504, Note_on_c, 7, 57, 49
14, 918528, Note_on_c, 7, 57, 0
14, 918528, Note_on_c, 7, 57, 50
14, 919552, Note_on_c, 7, 57, 0
14, 919552, Note_on_c, 7, 57, 50
14, 920576, Note_on_c, 7, 57, 0
14, 920576, Note_on_c, 7, 57, 51
14, 921600, Note_on_c, 7, 57, 0
14, 921600, Note_on_c, 7, 57, 46
14, 922624, Note_on_c, 7, 57, 0
14, 922624, Note_on_c, 7, 57, 41
14, 923648, Note_on_c, 7, 57, 0
14, 923648, Note_on_c, 7, 57, 41
14, 924672, Note_on_c, 7, 57, 0
14, 924672, Note_on_c, 7, 57, 41
14, 925696, Note_on_c, 7, 57, 0
14, 925696, Note_on_c, 7, 57, 41
14, 926720, Note_on_c, 7, 57, 0
14, 926720, Note_on_c, 7, 57, 41
14, 927744, Note_on_c, 7, 57, 0
14, 928768, Note_on_c, 7, 57, 47
14, 929792, Note_on_c, 7, 57, 0
14, 929987, Program_c, 7, 48
14, 930816, Note_on_c, 7, 64, 96
14, 931840, Note_on_c, 7, 64, 0
14, 931840, Note_on_c, 7, 64, 96
14, 932864, Note_on_c, 7, 64, 0
14, 932864, Note_on_c, 7, 66, 96
14, 933888, Note_on_c, 7, 66, 0
14, 933888, Note_on_c, 7, 62, 96
14, 934912, Note_on_c, 7, 62, 0
14, 934912, Note_on_c, 7, 64, 96
14, 935936, Note_on_c, 7, 64, 0
14, 935936, Note_on_c, 7, 66, 96
14, 936448, Note_on_c, 7, 66, 0
14, 936448, Note_on_c, 7, 67, 96
14, 936960, Note_on_c, 7, 67, 0
14, 936960, Note_on_c, 7, 66, 96
14, 937984, Note_on_c, 7, 66, 0
14, 937984, Note_on_c, 7, 62, 96
14, 939008, Note_on_c, 7, 62, 0
14, 939008, Note_on_c, 7, 64, 96
14, 940032, Note_on_c, 7, 64, 0
14, 940032, Note_on_c, 7, 66, 96
14, 940544, Note_on_c, 7, 66, 0
14, 940544, Note_on_c, 7, 67, 96
14, 941056, Note_on_c, 7, 67, 0
14, 941056, Note_on_c, 7, 66, 96
14, 942080, Note_on_c, 7, 66, 0
14, 942080, Note_on_c, 7, 64, 96
14, 943104, Note_on_c, 7, 64, 0
14, 943104, Note_on_c, 7, 62, 96
14, 944128, Note_on_c, 7, 62, 0
14, 944128, Note_on_c, 7, 64, 98
14, 945152, Note_on_c, 7, 64, 0
14, 945152, Note_on_c, 7, 57, 101
14, 945971, Note_on_c, 7, 57, 0
14, 946176, Note_on_c, 7, 66, 103
14, 948224, Note_on_c, 7, 66, 0
14, 948224, Note_on_c, 7, 66, 102
14, 949248, Note_on_c, 7, 66, 0
14, 949248, Note_on_c, 7, 67, 100
14, 950272, Note_on_c, 7, 67, 0
14, 950272, Note_on_c, 7, 69, 98
14, 951296, Note_on_c, 7, 69, 0
14, 951296, Note_on_c, 7, 69, 96
14, 952320, Note_on_c, 7, 69, 0
14, 952320, Note_on_c, 7, 67, 96
14, 953344, Note_on_c, 7, 67, 0
14, 953344, Note_on_c, 7, 66, 96
14, 954368, Note_on_c, 7, 66, 0
14, 954368, Note_on_c, 7, 67, 96
14, 954880, Note_on_c, 7, 67, 0
14, 954880, Note_on_c, 7, 64, 96
14, 955392, Note_on_c, 7, 64, 0
14, 955392, Note_on_c, 7, 62, 96
14, 956416, Note_on_c, 7, 62, 0
14, 956416, Note_on_c, 7, 62, 96
14, 957440, Note_on_c, 7, 62, 0
14, 957440, Note_on_c, 7, 64, 95
14, 958464, Note_on_c, 7, 64, 0
14, 958464, Note_on_c, 7, 66, 95
14, 959488, Note_on_c, 7, 66, 0
14, 959488, Note_on_c, 7, 64, 95
14, 961024, Note_on_c, 7, 64, 0
14, 961024, Note_on_c, 7, 62, 95
14, 961434, Note_on_c, 7, 62, 0
14, 961536, Note_on_c, 7, 62, 95
14, 962355, Note_on_c, 7, 62, 0
14, 962560, Note_on_c, 7, 69, 94
14, 963584, Note_on_c, 7, 69, 0
14, 963584, Note_on_c, 7, 67, 94
14, 965120, Note_on_c, 7, 67, 0
14, 965120, Note_on_c, 7, 66, 94
14, 965530, Note_on_c, 7, 66, 0
14, 965632, Note_on_c, 7, 66, 94
14, 966451, Note_on_c, 7, 66, 0
14, 966656, Note_on_c, 7, 74, 94
14, 967680, Note_on_c, 7, 74, 0
14, 967680, Note_on_c, 7, 72, 98
14, 969216, Note_on_c, 7, 72, 0
14, 969216, Note_on_c, 7, 71, 95
14, 969626, Note_on_c, 7, 71, 0
14, 969728, Note_on_c, 7, 71, 94
14, 970547, Note_on_c, 7, 71, 0
14, 970752, Note_on_c, 7, 79, 94
14, 971264, Note_on_c, 7, 79, 0
14, 971264, Note_on_c, 7, 76, 97
14, 971776, Note_on_c, 7, 76, 0
14, 971776, Note_on_c, 7, 74, 101
14, 972288, Note_on_c, 7, 74, 0
14, 972288, Note_on_c, 7, 73, 103
14, 972800, Note_on_c, 7, 73, 0
14, 972800, Note_on_c, 7, 76, 101
14, 973312, Note_on_c, 7, 76, 0
14, 973312, Note_on_c, 7, 73, 99
14, 973824, Note_on_c, 7, 73, 0
14, 973824, Note_on_c, 7, 71, 97
14, 974336, Note_on_c, 7, 71, 0
14, 974336, Note_on_c, 7, 69, 96
14, 974848, Note_on_c, 7, 69, 0
14, 974848, Note_on_c, 7, 71, 97
14, 975360, Note_on_c, 7, 71, 0
14, 975360, Note_on_c, 7, 73, 99
14, 975872, Note_on_c, 7, 73, 0
14, 975872, Note_on_c, 7, 74, 101
14, 976384, Note_on_c, 7, 74, 0
14, 976384, Note_on_c, 7, 78, 102
14, 976896, Note_on_c, 7, 78, 0
14, 976896, Note_on_c, 7, 76, 98
14, 977408, Note_on_c, 7, 76, 0
14, 977408, Note_on_c, 7, 73, 94
14, 977920, Note_on_c, 7, 73, 0
14, 977920, Note_on_c, 7, 74, 90
14, 978432, Note_on_c, 7, 74, 0
14, 1047552, Note_on_c, 7, 66, 93
14, 1047926, Note_on_c, 7, 66, 0
14, 1048064, Note_on_c, 7, 66, 93
14, 1048576, Note_on_c, 7, 66, 0
14, 1048576, Note_on_c, 7, 74, 93
14, 1048950, Note_on_c, 7, 74, 0
14, 1049088, Note_on_c, 7, 69, 93
14, 1049600, Note_on_c, 7, 69, 0
14, 1049600, Note_on_c, 7, 73, 93
14, 1050348, Note_on_c, 7, 73, 0
14, 1051648, Note_on_c, 7, 66, 93
14, 1052022, Note_on_c, 7, 66, 0
14, 1052160, Note_on_c, 7, 74, 94
14, 1052672, Note_on_c, 7, 74, 0
14, 1052672, Note_on_c, 7, 67, 94
14, 1053046, Note_on_c, 7, 67, 0
14, 1053184, Note_on_c, 7, 74, 94
14, 1053696, Note_on_c, 7, 74, 0
14, 1053696, Note_on_c, 7, 76, 94
14, 1054444, Note_on_c, 7, 76, 0
14, 1055232, Note_on_c, 7, 64, 94
14, 1055744, Note_on_c, 7, 64, 0
14, 1055744, Note_on_c, 7, 73, 94
14, 1056492, Note_on_c, 7, 73, 0
14, 1057280, Note_on_c, 7, 64, 94
14, 1057280, Note_on_c, 7, 73, 94
14, 1057792, Note_on_c, 7, 64, 0
14, 1057792, Note_on_c, 7, 73, 0
14, 1057792, Note_on_c, 7, 62, 94
14, 1057792, Note_on_c, 7, 71, 94
14, 1058540, Note_on_c, 7, 62, 0
14, 1058540, Note_on_c, 7, 71, 0
14, 1059328, Note_on_c, 7, 68, 98
14, 1059840, Note_on_c, 7, 68, 0
14, 1059840, Note_on_c, 7, 61, 100
14, 1059840, Note_on_c, 7, 69, 100
14, 1060214, Note_on_c, 7, 61, 0
14, 1060214, Note_on_c, 7, 69, 0
14, 1060352, Note_on_c, 7, 66, 101
14, 1060864, Note_on_c, 7, 66, 0
14, 1060864, Note_on_c, 7, 74, 103
14, 1061238, Note_on_c, 7, 74, 0
14, 1062400, Note_on_c, 7, 66, 105
14, 1062912, Note_on_c, 7, 66, 0
14, 1062912, Note_on_c, 7, 69, 106
14, 1063660, Note_on_c, 7, 69, 0
14, 1064448, Note_on_c, 7, 66, 109
14, 1064960, Note_on_c, 7, 66, 0
14, 1064960, Note_on_c, 7, 78, 107
14, 1065708, Note_on_c, 7, 78, 0
14, 1066496, Note_on_c, 7, 69, 99
14, 1067008, Note_on_c, 7, 69, 0
14, 1067008, Note_on_c, 7, 76, 91
14, 1067756, Note_on_c, 7, 76, 0
14, 1068544, Note_on_c, 7, 62, 69
14, 1069056, Note_on_c, 7, 62, 0
14, 1069056, Note_on_c, 7, 73, 61
14, 1069804, Note_on_c, 7, 73, 0
14, 1070592, Note_on_c, 7, 62, 42
14, 1071104, Note_on_c, 7, 62, 0
14, 1071104, Note_on_c, 7, 69, 42
14, 1071576, Note_on_c, 7, 69, 0
14, 1072640, Note_on_c, 7, 66, 40
14, 1073152, Note_on_c, 7, 66, 0
14, 1073152, Note_on_c, 7, 74, 40
14, 1073900, Note_on_c, 7, 74, 0
14, 1074688, Note_on_c, 7, 67, 38
14, 1075200, Note_on_c, 7, 67, 0
14, 1075200, Note_on_c, 7, 73, 38
14, 1075712, Note_on_c, 7, 73, 0
14, 1076736, Note_on_c, 7, 66, 37
14, 1077248, Note_on_c, 7, 66, 0
14, 1077248, Note_on_c, 7, 69, 41
14, 1077760, Note_on_c, 7, 69, 0
14, 1078784, Note_on_c, 7, 57, 49
14, 1079296, Note_on_c, 7, 57, 0
14, 1079296, Note_on_c, 7, 69, 47
14, 1079670, Note_on_c, 7, 69, 0
14, 1080832, Note_on_c, 7, 62, 40
14, 1081344, Note_on_c, 7, 62, 0
14, 1081344, Note_on_c, 7, 74, 41
14, 1081718, Note_on_c, 7, 74, 0
14, 1082880, Note_on_c, 7, 60, 52
14, 1083392, Note_on_c, 7, 60, 0
14, 1083392, Note_on_c, 7, 72, 50
14, 1083766, Note_on_c, 7, 72, 0
14, 1084928, Note_on_c, 7, 59, 43
14, 1085440, Note_on_c, 7, 59, 0
14, 1085440, Note_on_c, 7, 71, 41
14, 1085814, Note_on_c, 7, 71, 0
14, 1086976, Note_on_c, 7, 64, 44
14, 1087488, Note_on_c, 7, 64, 0
14, 1087488, Note_on_c, 7, 76, 46
14, 1087862, Note_on_c, 7, 76, 0
14, 1089024, Note_on_c, 7, 64, 45
14, 1089536, Note_on_c, 7, 64, 0
14, 1089536, Note_on_c, 7, 76, 44
14, 1089910, Note_on_c, 7, 76, 0
14, 1090560, Note_on_c, 7, 74, 42
14, 1090970, Note_on_c, 7, 74, 0
14, 1091584, Note_on_c, 7, 69, 40
14, 1091584, Note_on_c, 7, 76, 40
14, 1091994, Note_on_c, 7, 69, 0
14, 1091994, Note_on_c, 7, 76, 0
14, 1092608, Note_on_c, 7, 62, 38
14, 1092608, Note_on_c, 7, 69, 38
14, 1092608, Note_on_c, 7, 78, 38
14, 1093018, Note_on_c, 7, 62, 0
14, 1093018, Note_on_c, 7, 69, 0
14, 1093018, Note_on_c, 7, 78, 0
14, 1112064, Note_on_c, 7, 66, 36
14, 1112210, Note_on_c, 7, 66, 0
14, 1112210, Note_on_c, 7, 67, 36
14, 1112357, Note_on_c, 7, 67, 0
14, 1112357, Note_on_c, 7, 66, 36
14, 1112503, Note_on_c, 7, 66, 0
14, 1112503, Note_on_c, 7, 67, 36
14, 1112649, Note_on_c, 7, 67, 0
14, 1112649, Note_on_c, 7, 66, 36
14, 1112795, Note_on_c, 7, 66, 0
14, 1112795, Note_on_c, 7, 64, 36
14, 1112942, Note_on_c, 7, 64, 0
14, 1112942, Note_on_c, 7, 66, 36
14, 1113088, Note_on_c, 7, 66, 0
14, 1114112, Note_on_c, 7, 74, 36
14, 1114258, Note_on_c, 7, 74, 0
14, 1114258, Note_on_c, 7, 76, 36
14, 1114405, Note_on_c, 7, 76, 0
14, 1114405, Note_on_c, 7, 74, 36
14, 1114551, Note_on_c, 7, 74, 0
14, 1114551, Note_on_c, 7, 76, 36
14, 1114697, Note_on_c, 7, 76, 0
14, 1114697, Note_on_c, 7, 74, 36
14, 1114843, Note_on_c, 7, 74, 0
14, 1114843, Note_on_c, 7, 73, 36
14, 1114990, Note_on_c, 7, 73, 0
14, 1114990, Note_on_c, 7, 74, 36
14, 1115136, Note_on_c, 7, 74, 0
14, 1116160, Note_on_c, 7, 71, 36
14, 1116306, Note_on_c, 7, 71, 0
14, 1116306, Note_on_c, 7, 72, 36
14, 1116453, Note_on_c, 7, 72, 0
14, 1116453, Note_on_c, 7, 71, 36
14, 1116599, Note_on_c, 7, 71, 0
14, 1116599, Note_on_c, 7, 72, 36
14, 1116745, Note_on_c, 7, 72, 0
14, 1116745, Note_on_c, 7, 71, 36
14, 1116891, Note_on_c, 7, 71, 0
14, 1116891, Note_on_c, 7, 69, 36
14, 1117038, Note_on_c, 7, 69, 0
14, 1117038, Note_on_c, 7, 71, 36
14, 1117184, Note_on_c, 7, 71, 0
14, 1118208, Note_on_c, 7, 64, 36
14, 1118354, Note_on_c, 7, 64, 0
14, 1118354, Note_on_c, 7, 66, 36
14, 1118501, Note_on_c, 7, 66, 0
14, 1118501, Note_on_c, 7, 64, 36
14, 1118647, Note_on_c, 7, 64, 0
14, 1118647, Note_on_c, 7, 66, 36
14, 1118793, Note_on_c, 7, 66, 0
14, 1118793, Note_on_c, 7, 64, 36
14, 1118939, Note_on_c, 7, 64, 0
14, 1118939, Note_on_c, 7, 62, 36
14, 1119086, Note_on_c, 7, 62, 0
14, 1119086, Note_on_c, 7, 64, 36
14, 1119232, Note_on_c, 7, 64, 0
14, 1130496, Note_on_c, 7, 69, 35
14, 1130642, Note_on_c, 7, 69, 0
14, 1130642, Note_on_c, 7, 71, 35
14, 1130789, Note_on_c, 7, 71, 0
14, 1130789, Note_on_c, 7, 69, 35
14, 1130935, Note_on_c, 7, 69, 0
14, 1130935, Note_on_c, 7, 71, 35
14, 1131081, Note_on_c, 7, 71, 0
14, 1131081, Note_on_c, 7, 69, 35
14, 1131227, Note_on_c, 7, 69, 0
14, 1131227, Note_on_c, 7, 68, 35
14, 1131374, Note_on_c, 7, 68, 0
14, 1131374, Note_on_c, 7, 69, 35
14, 1131520, Note_on_c, 7, 69, 0
14, 1132544, Note_on_c, 7, 69, 35
14, 1132690, Note_on_c, 7, 69, 0
14, 1132690, Note_on_c, 7, 71, 35
14, 1132837, Note_on_c, 7, 71, 0
14, 1132837, Note_on_c, 7, 69, 35
14, 1132983, Note_on_c, 7, 69, 0
14, 1132983, Note_on_c, 7, 71, 35
14, 1133129, Note_on_c, 7, 71, 0
14, 1133129, Note_on_c, 7, 69, 35
14, 1133275, Note_on_c, 7, 69, 0
14, 1133275, Note_on_c, 7, 68, 35
14, 1133422, Note_on_c, 7, 68, 0
14, 1133422, Note_on_c, 7, 69, 35
14, 1133568, Note_on_c, 7, 69, 0
14, 1134592, Note_on_c, 7, 69, 35
14, 1134738, Note_on_c, 7, 69, 0
14, 1134738, Note_on_c, 7, 71, 35
14, 1134885, Note_on_c, 7, 71, 0
14, 1134885, Note_on_c, 7, 69, 35
14, 1135031, Note_on_c, 7, 69, 0
14, 1135031, Note_on_c, 7, 71, 35
14, 1135177, Note_on_c, 7, 71, 0
14, 1135177, Note_on_c, 7, 69, 35
14, 1135323, Note_on_c, 7, 69, 0
14, 1135323, Note_on_c, 7, 68, 35
14, 1135470, Note_on_c, 7, 68, 0
14, 1135470, Note_on_c, 7, 69, 35
14, 1135616, Note_on_c, 7, 69, 0
14, 1138688, Note_on_c, 7, 66, 35
14, 1138834, Note_on_c, 7, 66, 0
14, 1138834, Note_on_c, 7, 67, 35
14, 1138981, Note_on_c, 7, 67, 0
14, 1138981, Note_on_c, 7, 66, 35
14, 1139127, Note_on_c, 7, 66, 0
14, 1139127, Note_on_c, 7, 67, 35
14, 1139273, Note_on_c, 7, 67, 0
14, 1139273, Note_on_c, 7, 66, 35
14, 1139419, Note_on_c, 7, 66, 0
14, 1139419, Note_on_c, 7, 64, 35
14, 1139566, Note_on_c, 7, 64, 0
14, 1139566, Note_on_c, 7, 66, 35
14, 1139712, Note_on_c, 7, 66, 0
14, 1140736, Note_on_c, 7, 64, 36
14, 1140882, Note_on_c, 7, 64, 0
14, 1140882, Note_on_c, 7, 66, 36
14, 1141029, Note_on_c, 7, 66, 0
14, 1141029, Note_on_c, 7, 64, 36
14, 1141175, Note_on_c, 7, 64, 0
14, 1141175, Note_on_c, 7, 66, 36
14, 1141321, Note_on_c, 7, 66, 0
14, 1141321, Note_on_c, 7, 64, 36
14, 1141467, Note_on_c, 7, 64, 0
14, 1141467, Note_on_c, 7, 63, 36
14, 1141614, Note_on_c, 7, 63, 0
14, 1141614, Note_on_c, 7, 64, 36
14, 1141760, Note_on_c, 7, 64, 0
14, 1142784, Note_on_c, 7, 69, 36
14, 1142930, Note_on_c, 7, 69, 0
14, 1142930, Note_on_c, 7, 71, 36
14, 1143077, Note_on_c, 7, 71, 0
14, 1143077, Note_on_c, 7, 69, 36
14, 1143223, Note_on_c, 7, 69, 0
14, 1143223, Note_on_c, 7, 71, 36
14, 1143369, Note_on_c, 7, 71, 0
14, 1143369, Note_on_c, 7, 69, 36
14, 1143515, Note_on_c, 7, 69, 0
14, 1143515, Note_on_c, 7, 68, 36
14, 1143662, Note_on_c, 7, 68, 0
14, 1143662, Note_on_c, 7, 69, 37
14, 1143808, Note_on_c, 7, 69, 0
14, 1144832, Note_on_c, 7, 69, 42
14, 1144978, Note_on_c, 7, 69, 0
14, 1144978, Note_on_c, 7, 71, 42
14, 1145125, Note_on_c, 7, 71, 0
14, 1145125, Note_on_c, 7, 69, 43
14, 1145271, Note_on_c, 7, 69, 0
14, 1145271, Note_on_c, 7, 71, 44
14, 1145417, Note_on_c, 7, 71, 0
14, 1145417, Note_on_c, 7, 69, 44
14, 1145563, Note_on_c, 7, 69, 0
14, 1145563, Note_on_c, 7, 68, 45
14, 1145710, Note_on_c, 7, 68, 0
14, 1145710, Note_on_c, 7, 69, 45
14, 1145856, Note_on_c, 7, 69, 0
14, 1146880, Note_on_c, 7, 69, 50
14, 1147026, Note_on_c, 7, 69, 0
14, 1147026, Note_on_c, 7, 71, 51
14, 1147173, Note_on_c, 7, 71, 0
14, 1147173, Note_on_c, 7, 69, 52
14, 1147319, Note_on_c, 7, 69, 0
14, 1147319, Note_on_c, 7, 71, 52
14, 1147465, Note_on_c, 7, 71, 0
14, 1147465, Note_on_c, 7, 69, 53
14, 1147611, Note_on_c, 7, 69, 0
14, 1147611, Note_on_c, 7, 68, 53
14, 1147758, Note_on_c, 7, 68, 0
14, 1147758, Note_on_c, 7, 69, 54
14, 1147904, Note_on_c, 7, 69, 0
14, 1148928, Note_on_c, 7, 71, 59
14, 1149074, Note_on_c, 7, 71, 0
14, 1149074, Note_on_c, 7, 72, 60
14, 1149221, Note_on_c, 7, 72, 0
14, 1149221, Note_on_c, 7, 71, 60
14, 1149367, Note_on_c, 7, 71, 0
14, 1149367, Note_on_c, 7, 72, 61
14, 1149513, Note_on_c, 7, 72, 0
14, 1149513, Note_on_c, 7, 71, 61
14, 1149659, Note_on_c, 7, 71, 0
14, 1149659, Note_on_c, 7, 69, 62
14, 1149806, Note_on_c, 7, 69, 0
14, 1149806, Note_on_c, 7, 71, 63
14, 1149952, Note_on_c, 7, 71, 0
14, 1150976, Note_on_c, 7, 73, 67
14, 1151122, Note_on_c, 7, 73, 0
14, 1151122, Note_on_c, 7, 74, 68
14, 1151269, Note_on_c, 7, 74, 0
14, 1151269, Note_on_c, 7, 73, 69
14, 1151415, Note_on_c, 7, 73, 0
14, 1151415, Note_on_c, 7, 74, 69
14, 1151561, Note_on_c, 7, 74, 0
14, 1151561, Note_on_c, 7, 73, 70
14, 1151707, Note_on_c, 7, 73, 0
14, 1151707, Note_on_c, 7, 71, 71
14, 1151854, Note_on_c, 7, 71, 0
14, 1151854, Note_on_c, 7, 73, 71
14, 1152000, Note_on_c, 7, 73, 0
14, 1153024, Note_on_c, 7, 74, 76
14, 1153170, Note_on_c, 7, 74, 0
14, 1153170, Note_on_c, 7, 76, 77
14, 1153317, Note_on_c, 7, 76, 0
14, 1153317, Note_on_c, 7, 74, 77
14, 1153463, Note_on_c, 7, 74, 0
14, 1153463, Note_on_c, 7, 76, 78
14, 1153609, Note_on_c, 7, 76, 0
14, 1153609, Note_on_c, 7, 74, 79
14, 1153755, Note_on_c, 7, 74, 0
14, 1153755, Note_on_c, 7, 73, 80
14, 1153902, Note_on_c, 7, 73, 0
14, 1153902, Note_on_c, 7, 74, 81
14, 1154048, Note_on_c, 7, 74, 0
14, 1154048, Note_on_c, 7, 69, 81
14, 1154796, Note_on_c, 7, 69, 0
14, 1155584, Note_on_c, 7, 69, 87
14, 1155958, Note_on_c, 7, 69, 0
14, 1156096, Note_on_c, 7, 67, 87
14, 1156844, Note_on_c, 7, 67, 0
14, 1157632, Note_on_c, 7, 66, 87
14, 1157632, Note_on_c, 7, 74, 87
14, 1158006, Note_on_c, 7, 66, 0
14, 1158006, Note_on_c, 7, 74, 0
14, 1158144, Note_on_c, 7, 66, 87
14, 1158144, Note_on_c, 7, 74, 87
14, 1158892, Note_on_c, 7, 66, 0
14, 1158892, Note_on_c, 7, 74, 0
14, 1161216, Note_on_c, 7, 73, 89
14, 1161362, Note_on_c, 7, 73, 0
14, 1161362, Note_on_c, 7, 74, 89
14, 1161509, Note_on_c, 7, 74, 0
14, 1161509, Note_on_c, 7, 73, 89
14, 1161655, Note_on_c, 7, 73, 0
14, 1161655, Note_on_c, 7, 74, 89
14, 1161801, Note_on_c, 7, 74, 0
14, 1161801, Note_on_c, 7, 73, 89
14, 1161947, Note_on_c, 7, 73, 0
14, 1161947, Note_on_c, 7, 71, 89
14, 1162094, Note_on_c, 7, 71, 0
14, 1162094, Note_on_c, 7, 73, 89
14, 1162240, Note_on_c, 7, 73, 0
14, 1163264, Note_on_c, 7, 74, 90
14, 1163410, Note_on_c, 7, 74, 0
14, 1163410, Note_on_c, 7, 76, 90
14, 1163557, Note_on_c, 7, 76, 0
14, 1163557, Note_on_c, 7, 74, 90
14, 1163703, Note_on_c, 7, 74, 0
14, 1163703, Note_on_c, 7, 76, 90
14, 1163849, Note_on_c, 7, 76, 0
14, 1163849, Note_on_c, 7, 74, 90
14, 1163995, Note_on_c, 7, 74, 0
14, 1163995, Note_on_c, 7, 73, 90
14, 1164142, Note_on_c, 7, 73, 0
14, 1164142, Note_on_c, 7, 74, 90
14, 1164288, Note_on_c, 7, 74, 0
14, 1165312, Note_on_c, 7, 73, 91
14, 1165458, Note_on_c, 7, 73, 0
14, 1165458, Note_on_c, 7, 74, 91
14, 1165605, Note_on_c, 7, 74, 0
14, 1165605, Note_on_c, 7, 73, 91
14, 1165751, Note_on_c, 7, 73, 0
14, 1165751, Note_on_c, 7, 74, 91
14, 1165897, Note_on_c, 7, 74, 0
14, 1165897, Note_on_c, 7, 73, 91
14, 1166043, Note_on_c, 7, 73, 0
14, 1166043, Note_on_c, 7, 71, 91
14, 1166190, Note_on_c, 7, 71, 0
14, 1166190, Note_on_c, 7, 73, 91
14, 1166336, Note_on_c, 7, 73, 0
14, 1167360, Note_on_c, 7, 74, 91
14, 1167506, Note_on_c, 7, 74, 0
14, 1167506, Note_on_c, 7, 76, 91
14, 1167653, Note_on_c, 7, 76, 0
14, 1167653, Note_on_c, 7, 74, 91
14, 1167799, Note_on_c, 7, 74, 0
14, 1167799, Note_on_c, 7, 76, 91
14, 1167945, Note_on_c, 7, 76, 0
14, 1167945, Note_on_c, 7, 74, 91
14, 1168091, Note_on_c, 7, 74, 0
14, 1168091, Note_on_c, 7, 73, 91
14, 1168238, Note_on_c, 7, 73, 0
14, 1168238, Note_on_c, 7, 74, 91
14, 1168384, Note_on_c, 7, 74, 0
14, 1169408, Note_on_c, 7, 73, 92
14, 1169554, Note_on_c, 7, 73, 0
14, 1169554, Note_on_c, 7, 74, 93
14, 1169701, Note_on_c, 7, 74, 0
14, 1169701, Note_on_c, 7, 73, 93
14, 1169847, Note_on_c, 7, 73, 0
14, 1169847, Note_on_c, 7, 74, 93
14, 1169993, Note_on_c, 7, 74, 0
14, 1169993, Note_on_c, 7, 73, 93
14, 1170139, Note_on_c, 7, 73, 0
14, 1170139, Note_on_c, 7, 71, 93
14, 1170286, Note_on_c, 7, 71, 0
14, 1170286, Note_on_c, 7, 73, 93
14, 1170432, Note_on_c, 7, 73, 0
14, 1171456, Note_on_c, 7, 74, 95
14, 1171602, Note_on_c, 7, 74, 0
14, 1171602, Note_on_c, 7, 76, 95
14, 1171749, Note_on_c, 7, 76, 0
14, 1171749, Note_on_c, 7, 74, 95
14, 1171895, Note_on_c, 7, 74, 0
14, 1171895, Note_on_c, 7, 76, 95
14, 1172041, Note_on_c, 7, 76, 0
14, 1172041, Note_on_c, 7, 74, 95
14, 1172187, Note_on_c, 7, 74, 0
14, 1172187, Note_on_c, 7, 73, 95
14, 1172334, Note_on_c, 7, 73, 0
14, 1172334, Note_on_c, 7, 74, 96
14, 1172480, Note_on_c, 7, 74, 0
14, 1173504, Note_on_c, 7, 74, 97
14, 1173650, Note_on_c, 7, 74, 0
14, 1173650, Note_on_c, 7, 76, 97
14, 1173797, Note_on_c, 7, 76, 0
14, 1173797, Note_on_c, 7, 74, 97
14, 1173943, Note_on_c, 7, 74, 0
14, 1173943, Note_on_c, 7, 76, 97
14, 1174089, Note_on_c, 7, 76, 0
14, 1174089, Note_on_c, 7, 74, 97
14, 1174235, Note_on_c, 7, 74, 0
14, 1174235, Note_on_c, 7, 73, 98
14, 1174382, Note_on_c, 7, 73, 0
14, 1174382, Note_on_c, 7, 74, 98
14, 1174528, Note_on_c, 7, 74, 0
14, 1175552, Note_on_c, 7, 69, 99
14, 1175698, Note_on_c, 7, 69, 0
14, 1175698, Note_on_c, 7, 71, 99
14, 1175845, Note_on_c, 7, 71, 0
14, 1175845, Note_on_c, 7, 69, 99
14, 1175991, Note_on_c, 7, 69, 0
14, 1175991, Note_on_c, 7, 71, 99
14, 1176137, Note_on_c, 7, 71, 0
14, 1176137, Note_on_c, 7, 69, 99
14, 1176283, Note_on_c, 7, 69, 0
14, 1176283, Note_on_c, 7, 68, 99
14, 1176430, Note_on_c, 7, 68, 0
14, 1176430, Note_on_c, 7, 69, 99
14, 1176576, Note_on_c, 7, 69, 0
14, 1177600, Note_on_c, 7, 66, 99
14, 1177746, Note_on_c, 7, 66, 0
14, 1177746, Note_on_c, 7, 67, 99
14, 1177893, Note_on_c, 7, 67, 0
14, 1177893, Note_on_c, 7, 66, 99
14, 1178039, Note_on_c, 7, 66, 0
14, 1178039, Note_on_c, 7, 67, 99
14, 1178185, Note_on_c, 7, 67, 0
14, 1178185, Note_on_c, 7, 66, 99
14, 1178331, Note_on_c, 7, 66, 0
14, 1178331, Note_on_c, 7, 64, 99
14, 1178478, Note_on_c, 7, 64, 0
14, 1178478, Note_on_c, 7, 66, 99
14, 1178624, Note_on_c, 7, 66, 0
14, 1179648, Note_on_c, 7, 74, 99
14, 1179794, Note_on_c, 7, 74, 0
14, 1179794, Note_on_c, 7, 76, 99
14, 1179941, Note_on_c, 7, 76, 0
14, 1179941, Note_on_c, 7, 74, 99
14, 1180087, Note_on_c, 7, 74, 0
14, 1180087, Note_on_c, 7, 76, 99
14, 1180233, Note_on_c, 7, 76, 0
14, 1180233, Note_on_c, 7, 74, 99
14, 1180379, Note_on_c, 7, 74, 0
14, 1180379, Note_on_c, 7, 73, 99
14, 1180526, Note_on_c, 7, 73, 0
14, 1180526, Note_on_c, 7, 74, 99
14, 1180672, Note_on_c, 7, 74, 0
14, 1181696, Note_on_c, 7, 71, 99
14, 1181842, Note_on_c, 7, 71, 0
14, 1181842, Note_on_c, 7, 72, 99
14, 1181989, Note_on_c, 7, 72, 0
14, 1181989, Note_on_c, 7, 71, 99
14, 1182135, Note_on_c, 7, 71, 0
14, 1182135, Note_on_c, 7, 72, 99
14, 1182281, Note_on_c, 7, 72, 0
14, 1182281, Note_on_c, 7, 71, 99
14, 1182427, Note_on_c, 7, 71, 0
14, 1182427, Note_on_c, 7, 69, 99
14, 1182574, Note_on_c, 7, 69, 0
14, 1182574, Note_on_c, 7, 71, 99
14, 1182720, Note_on_c, 7, 71, 0
14, 1183744, Note_on_c, 7, 67, 99
14, 1183890, Note_on_c, 7, 67, 0
14, 1183890, Note_on_c, 7, 69, 99
14, 1184037, Note_on_c, 7, 69, 0
14, 1184037, Note_on_c, 7, 67, 99
14, 1184183, Note_on_c, 7, 67, 0
14, 1184183, Note_on_c, 7, 69, 99
14, 1184329, Note_on_c, 7, 69, 0
14, 1184329, Note_on_c, 7, 67, 99
14, 1184475, Note_on_c, 7, 67, 0
14, 1184475, Note_on_c, 7, 66, 99
14, 1184622, Note_on_c, 7, 66, 0
14, 1184622, Note_on_c, 7, 67, 99
14, 1184768, Note_on_c, 7, 67, 0
14, 1185792, Note_on_c, 7, 66, 103
14, 1185938, Note_on_c, 7, 66, 0
14, 1185938, Note_on_c, 7, 67, 103
14, 1186085, Note_on_c, 7, 67, 0
14, 1186085, Note_on_c, 7, 66, 104
14, 1186231, Note_on_c, 7, 66, 0
14, 1186231, Note_on_c, 7, 67, 104
14, 1186377, Note_on_c, 7, 67, 0
14, 1186377, Note_on_c, 7, 66, 105
14, 1186523, Note_on_c, 7, 66, 0
14, 1186523, Note_on_c, 7, 64, 105
14, 1186670, Note_on_c, 7, 64, 0
14, 1186670, Note_on_c, 7, 66, 106
14, 1186816, Note_on_c, 7, 66, 0
14, 1186816, Note_on_c, 7, 74, 111
14, 1186816, Note_on_c, 7, 78, 111
14, 1187328, Note_on_c, 7, 74, 0
14, 1187328, Note_on_c, 7, 78, 0
14, 1188864, Note_on_c, 7, 76, 108
14, 1188864, Note_on_c, 7, 85, 108
14, 1189612, Note_on_c, 7, 76, 0
14, 1189612, Note_on_c, 7, 85, 0
14, 1190400, Note_on_c, 7, 78, 107
14, 1190400, Note_on_c, 7, 86, 107
14, 1190774, Note_on_c, 7, 78, 0
14, 1190774, Note_on_c, 7, 86, 0
14, 1190912, Note_on_c, 7, 69, 107
14, 1190912, Note_on_c, 7, 78, 107
14, 1191286, Note_on_c, 7, 69, 0
14, 1191286, Note_on_c, 7, 78, 0
14, 1191424, Note_on_c, 7, 62, 103
14, 1191611, Note_on_c, 7, 62, 0
14, 1191680, Note_on_c, 7, 61, 103
14, 1191936, Note_on_c, 7, 61, 0
14, 1191936, Note_on_c, 7, 62, 103
14, 1192192, Note_on_c, 7, 62, 0
14, 1192192, Note_on_c, 7, 64, 103
14, 1192448, Note_on_c, 7, 64, 0
14, 1192448, Note_on_c, 7, 66, 103
14, 1192704, Note_on_c, 7, 66, 0
14, 1192704, Note_on_c, 7, 67, 103
14, 1192960, Note_on_c, 7, 67, 0
14, 1192960, Note_on_c, 7, 66, 103
14, 1192960, Note_on_c, 7, 69, 103
14, 1193984, Note_on_c, 7, 66, 0
14, 1193984, Note_on_c, 7, 69, 0
14, 1195008, Note_on_c, 7, 66, 103
14, 1195008, Note_on_c, 7, 69, 103
14, 1196032, Note_on_c, 7, 66, 0
14, 1196032, Note_on_c, 7, 69, 0
14, 1197056, Note_on_c, 7, 55, 103
14, 1198080, Note_on_c, 7, 55, 0
14, 1199104, Note_on_c, 7, 71, 103
14, 1199104, Note_on_c, 7, 79, 103
14, 1200128, Note_on_c, 7, 71, 0
14, 1200128, Note_on_c, 7, 79, 0
14, 1201152, Note_on_c, 7, 73, 103
14, 1201152, Note_on_c, 7, 76, 103
14, 1202176, Note_on_c, 7, 73, 0
14, 1202176, Note_on_c, 7, 76, 0
14, 1203200, Note_on_c, 7, 73, 103
14, 1203200, Note_on_c, 7, 76, 103
14, 1204224, Note_on_c, 7, 73, 0
14, 1204224, Note_on_c, 7, 76, 0
14, 1205248, Note_on_c, 7, 74, 103
14, 1205248, Note_on_c, 7, 78, 103
14, 1206272, Note_on_c, 7, 74, 0
14, 1206272, Note_on_c, 7, 78, 0
14, 1207296, Note_on_c, 7, 62, 103
14, 1207296, Note_on_c, 7, 74, 103
14, 1208320, Note_on_c, 7, 62, 0
14, 1208320, Note_on_c, 7, 74, 0
14, 1209344, Note_on_c, 7, 71, 103
14, 1209344, Note_on_c, 7, 80, 103
14, 1210368, Note_on_c, 7, 71, 0
14, 1210368, Note_on_c, 7, 80, 0
14, 1211392, Note_on_c, 7, 71, 106
14, 1211392, Note_on_c, 7, 80, 106
14, 1212416, Note_on_c, 7, 71, 0
14, 1212416, Note_on_c, 7, 80, 0
14, 1213440, Note_on_c, 7, 69, 109
14, 1213440, Note_on_c, 7, 81, 109
14, 1213696, Note_on_c, 7, 69, 0
14, 1213696, Note_on_c, 7, 81, 0
14, 1213696, Note_on_c, 7, 83, 109
14, 1213952, Note_on_c, 7, 83, 0
14, 1213952, Note_on_c, 7, 81, 109
14, 1214208, Note_on_c, 7, 81, 0
14, 1214208, Note_on_c, 7, 80, 109
14, 1214464, Note_on_c, 7, 80, 0
14, 1214464, Note_on_c, 7, 78, 108
14, 1214720, Note_on_c, 7, 78, 0
14, 1214720, Note_on_c, 7, 80, 108
14, 1214976, Note_on_c, 7, 80, 0
14, 1214976, Note_on_c, 7, 78, 107
14, 1215232, Note_on_c, 7, 78, 0
14, 1215232, Note_on_c, 7, 76, 107
14, 1215488, Note_on_c, 7, 76, 0
14, 1215488, Note_on_c, 7, 74, 107
14, 1215744, Note_on_c, 7, 74, 0
14, 1215744, Note_on_c, 7, 76, 106
14, 1216000, Note_on_c, 7, 76, 0
14, 1216000, Note_on_c, 7, 74, 106
14, 1216256, Note_on_c, 7, 74, 0
14, 1216256, Note_on_c, 7, 73, 106
14, 1216512, Note_on_c, 7, 73, 0
14, 1216512, Note_on_c, 7, 71, 105
14, 1216768, Note_on_c, 7, 71, 0
14, 1216768, Note_on_c, 7, 73, 105
14, 1217024, Note_on_c, 7, 73, 0
14, 1217024, Note_on_c, 7, 71, 104
14, 1217280, Note_on_c, 7, 71, 0
14, 1217280, Note_on_c, 7, 69, 104
14, 1217536, Note_on_c, 7, 69, 0
14, 1217536, Note_on_c, 7, 64, 104
14, 1218560, Note_on_c, 7, 64, 0
14, 1219584, Note_on_c, 7, 71, 107
14, 1219584, Note_on_c, 7, 80, 107
14, 1220608, Note_on_c, 7, 71, 0
14, 1220608, Note_on_c, 7, 80, 0
14, 1221632, Note_on_c, 7, 81, 113
14, 1221888, Note_on_c, 7, 81, 0
14, 1221888, Note_on_c, 7, 83, 113
14, 1222144, Note_on_c, 7, 83, 0
14, 1222144, Note_on_c, 7, 81, 114
14, 1222400, Note_on_c, 7, 81, 0
14, 1222400, Note_on_c, 7, 80, 114
14, 1222656, Note_on_c, 7, 80, 0
14, 1222656, Note_on_c, 7, 78, 114
14, 1222912, Note_on_c, 7, 78, 0
14, 1222912, Note_on_c, 7, 80, 114
14, 1223168, Note_on_c, 7, 80, 0
14, 1223168, Note_on_c, 7, 78, 114
14, 1223424, Note_on_c, 7, 78, 0
14, 1223424, Note_on_c, 7, 76, 114
14, 1223680, Note_on_c, 7, 76, 0
14, 1223680, Note_on_c, 7, 74, 114
14, 1223936, Note_on_c, 7, 74, 0
14, 1223936, Note_on_c, 7, 76, 114
14, 1224192, Note_on_c, 7, 76, 0
14, 1224192, Note_on_c, 7, 74, 114
14, 1224448, Note_on_c, 7, 74, 0
14, 1224448, Note_on_c, 7, 73, 114
14, 1224704, Note_on_c, 7, 73, 0
14, 1224704, Note_on_c, 7, 71, 114
14, 1224960, Note_on_c, 7, 71, 0
14, 1224960, Note_on_c, 7, 73, 114
14, 1225216, Note_on_c, 7, 73, 0
14, 1225216, Note_on_c, 7, 71, 114
14, 1225472, Note_on_c, 7, 71, 0
14, 1225472, Note_on_c, 7, 69, 114
14, 1225728, Note_on_c, 7, 69, 0
14, 1225728, Note_on_c, 7, 69, 114
14, 1226752, Note_on_c, 7, 69, 0
14, 1227776, Note_on_c, 7, 69, 117
14, 1227776, Note_on_c, 7, 81, 117
14, 1228800, Note_on_c, 7, 69, 0
14, 1228800, Note_on_c, 7, 81, 0
14, 1229824, Note_on_c, 7, 69, 122
14, 1229824, Note_on_c, 7, 81, 122
14, 1238016, Note_on_c, 7, 69, 0
14, 1238016, Note_on_c, 7, 81, 0
14, 1321984, Note_on_c, 7, 70, 32
14, 1322496, Note_on_c, 7, 70, 0
14, 1323008, Note_on_c, 7, 72, 31
14, 1323264, Note_on_c, 7, 72, 0
14, 1323520, Note_on_c, 7, 72, 31
14, 1324032, Note_on_c, 7, 72, 0
14, 1324544, Note_on_c, 7, 74, 31
14, 1324800, Note_on_c, 7, 74, 0
14, 1325056, Note_on_c, 7, 72, 31
14, 1325568, Note_on_c, 7, 72, 0
14, 1371136, Note_on_c, 7, 70, 32
14, 1371648, Note_on_c, 7, 70, 0
14, 1372160, Note_on_c, 7, 72, 31
14, 1372416, Note_on_c, 7, 72, 0
14, 1372672, Note_on_c, 7, 72, 31
14, 1373184, Note_on_c, 7, 72, 0
14, 1373696, Note_on_c, 7, 74, 31
14, 1373952, Note_on_c, 7, 74, 0
14, 1374208, Note_on_c, 7, 74, 31
14, 1374720, Note_on_c, 7, 74, 0
14, 1420288, Note_on_c, 7, 77, 30
14, 1420800, Note_on_c, 7, 77, 0
14, 1421312, Note_on_c, 7, 81, 30
14, 1421568, Note_on_c, 7, 81, 0
14, 1421824, Note_on_c, 7, 81, 30
14, 1422336, Note_on_c, 7, 81, 0
14, 1422848, Note_on_c, 7, 74, 30
14, 1423104, Note_on_c, 7, 74, 0
14, 1423360, Note_on_c, 7, 72, 30
14, 1423872, Note_on_c, 7, 72, 0
14, 1469440, Note_on_c, 7, 70, 54
14, 1469952, Note_on_c, 7, 70, 0
14, 1470464, Note_on_c, 7, 72, 46
14, 1470720, Note_on_c, 7, 72, 0
14, 1470976, Note_on_c, 7, 72, 46
14, 1471488, Note_on_c, 7, 72, 0
14, 1472000, Note_on_c, 7, 74, 47
14, 1472256, Note_on_c, 7, 74, 0
14, 1472512, Note_on_c, 7, 72, 47
14, 1473024, Note_on_c, 7, 72, 0
14, 1498624, Note_on_c, 7, 70, 72
14, 1499372, Note_on_c, 7, 70, 0
14, 1501696, Note_on_c, 7, 58, 75
14, 1502444, Note_on_c, 7, 58, 0
14, 1504768, Note_on_c, 7, 67, 78
14, 1504768, Note_on_c, 7, 70, 78
14, 1505516, Note_on_c, 7, 67, 0
14, 1505516, Note_on_c, 7, 70, 0
14, 1507840, Note_on_c, 7, 55, 81
14, 1507840, Note_on_c, 7, 67, 81
14, 1508588, Note_on_c, 7, 55, 0
14, 1508588, Note_on_c, 7, 67, 0
14, 1510400, Note_on_c, 7, 66, 72
14, 1510912, Note_on_c, 7, 66, 0
14, 1510912, Note_on_c, 7, 65, 73
14, 1511660, Note_on_c, 7, 65, 0
14, 1513472, Note_on_c, 7, 66, 79
14, 1513984, Note_on_c, 7, 66, 0
14, 1513984, Note_on_c, 7, 65, 80
14, 1514732, Note_on_c, 7, 65, 0
14, 1516544, Note_on_c, 7, 79, 85
14, 1517056, Note_on_c, 7, 79, 0
14, 1517056, Note_on_c, 7, 77, 86
14, 1517804, Note_on_c, 7, 77, 0
14, 1518592, Note_on_c, 7, 74, 89
14, 1519104, Note_on_c, 7, 74, 0
14, 1519616, Note_on_c, 7, 72, 91
14, 1519616, Note_on_c, 7, 81, 91
14, 1519872, Note_on_c, 7, 72, 0
14, 1519872, Note_on_c, 7, 81, 0
14, 1520128, Note_on_c, 7, 72, 92
14, 1520128, Note_on_c, 7, 81, 92
14, 1520640, Note_on_c, 7, 72, 0
14, 1520640, Note_on_c, 7, 81, 0
14, 1521152, Note_on_c, 7, 74, 92
14, 1521152, Note_on_c, 7, 82, 92
14, 1521408, Note_on_c, 7, 74, 0
14, 1521408, Note_on_c, 7, 82, 0
14, 1521664, Note_on_c, 7, 74, 91
14, 1521664, Note_on_c, 7, 82, 91
14, 1522412, Note_on_c, 7, 74, 0
14, 1522412, Note_on_c, 7, 82, 0
14, 1523200, Note_on_c, 7, 58, 88
14, 1523200, Note_on_c, 7, 65, 88
14, 1523200, Note_on_c, 7, 74, 88
14, 1523948, Note_on_c, 7, 58, 0
14, 1523948, Note_on_c, 7, 65, 0
14, 1523948, Note_on_c, 7, 74, 0
14, 1526272, Note_on_c, 7, 65, 82
14, 1526272, Note_on_c, 7, 74, 82
14, 1526272, Note_on_c, 7, 82, 82
14, 1527020, Note_on_c, 7, 65, 0
14, 1527020, Note_on_c, 7, 74, 0
14, 1527020, Note_on_c, 7, 82, 0
14, 1529344, Note_on_c, 7, 63, 75
14, 1529344, Note_on_c, 7, 70, 75
14, 1529344, Note_on_c, 7, 79, 75
14, 1530092, Note_on_c, 7, 63, 0
14, 1530092, Note_on_c, 7, 70, 0
14, 1530092, Note_on_c, 7, 79, 0
14, 1532416, Note_on_c, 7, 72, 80
14, 1533164, Note_on_c, 7, 72, 0
14, 1535488, Note_on_c, 7, 72, 85
14, 1535488, Note_on_c, 7, 81, 85
14, 1536236, Note_on_c, 7, 72, 0
14, 1536236, Note_on_c, 7, 81, 0
14, 1538560, Note_on_c, 7, 65, 91
14, 1538560, Note_on_c, 7, 72, 91
14, 1538560, Note_on_c, 7, 81, 91
14, 1539308, Note_on_c, 7, 65, 0
14, 1539308, Note_on_c, 7, 72, 0
14, 1539308, Note_on_c, 7, 81, 0
14, 1541632, Note_on_c, 7, 65, 96
14, 1541632, Note_on_c, 7, 72, 96
14, 1541632, Note_on_c, 7, 81, 96
14, 1542380, Note_on_c, 7, 65, 0
14, 1542380, Note_on_c, 7, 72, 0
14, 1542380, Note_on_c, 7, 81, 0
14, 1543168, Note_on_c, 7, 74, 98
14, 1543680, Note_on_c, 7, 74, 0
14, 1543680, Note_on_c, 7, 75, 99
14, 1544192, Note_on_c, 7, 75, 0
14, 1544192, Note_on_c, 7, 77, 99
14, 1545216, Note_on_c, 7, 77, 0
14, 1545216, Note_on_c, 7, 75, 99
14, 1545728, Note_on_c, 7, 75, 0
14, 1545728, Note_on_c, 7, 72, 99
14, 1546102, Note_on_c, 7, 72, 0
14, 1546240, Note_on_c, 7, 70, 108
14, 1546988, Note_on_c, 7, 70, 0
14, 1547264, Note_on_c, 7, 58, 100
14, 1547638, Note_on_c, 7, 58, 0
14, 1547776, Note_on_c, 7, 58, 112
14, 1550060, Note_on_c, 7, 58, 0
14, 1550336, Note_on_c, 7, 60, 100
14, 1550710, Note_on_c, 7, 60, 0
14, 1550848, Note_on_c, 7, 60, 115
14, 1553132, Note_on_c, 7, 60, 0
14, 1553408, Note_on_c, 7, 62, 100
14, 1553782, Note_on_c, 7, 62, 0
14, 1553920, Note_on_c, 7, 67, 100
14, 1554668, Note_on_c, 7, 67, 0
14, 1554944, Note_on_c, 7, 65, 100
14, 1555318, Note_on_c, 7, 65, 0
14, 1555456, Note_on_c, 7, 63, 106
14, 1556204, Note_on_c, 7, 63, 0
14, 1556992, Note_on_c, 7, 62, 100
14, 1557740, Note_on_c, 7, 62, 0
14, 1558528, Note_on_c, 7, 60, 106
14, 1558784, Note_on_c, 7, 60, 0
14, 1559040, Note_on_c, 7, 72, 100
14, 1559296, Note_on_c, 7, 72, 0
14, 1559552, Note_on_c, 7, 72, 100
14, 1559808, Note_on_c, 7, 72, 0
14, 1560064, Note_on_c, 7, 57, 100
14, 1560320, Note_on_c, 7, 57, 0
14, 1560576, Note_on_c, 7, 69, 100
14, 1560832, Note_on_c, 7, 69, 0
14, 1561088, Note_on_c, 7, 69, 100
14, 1561344, Note_on_c, 7, 69, 0
14, 1561600, Note_on_c, 7, 58, 106
14, 1561856, Note_on_c, 7, 58, 0
14, 1562112, Note_on_c, 7, 70, 100
14, 1562368, Note_on_c, 7, 70, 0
14, 1562624, Note_on_c, 7, 70, 100
14, 1562880, Note_on_c, 7, 70, 0
14, 1563136, Note_on_c, 7, 70, 100
14, 1563392, Note_on_c, 7, 70, 0
14, 1563648, Note_on_c, 7, 70, 100
14, 1563904, Note_on_c, 7, 70, 0
14, 1564160, Note_on_c, 7, 70, 100
14, 1564416, Note_on_c, 7, 70, 0
14, 1564672, Note_on_c, 7, 70, 105
14, 1564928, Note_on_c, 7, 70, 0
14, 1565184, Note_on_c, 7, 58, 100
14, 1565440, Note_on_c, 7, 58, 0
14, 1565696, Note_on_c, 7, 60, 100
14, 1565952, Note_on_c, 7, 60, 0
14, 1566208, Note_on_c, 7, 65, 100
14, 1566464, Note_on_c, 7, 65, 0
14, 1566720, Note_on_c, 7, 77, 100
14, 1566976, Note_on_c, 7, 77, 0
14, 1567232, Note_on_c, 7, 77, 100
14, 1567488, Note_on_c, 7, 77, 0
14, 1567744, Note_on_c, 7, 64, 106
14, 1568000, Note_on_c, 7, 64, 0
14, 1568256, Note_on_c, 7, 76, 100
14, 1568512, Note_on_c, 7, 76, 0
14, 1568768, Note_on_c, 7, 76, 100
14, 1569024, Note_on_c, 7, 76, 0
14, 1569280, Note_on_c, 7, 60, 100
14, 1569536, Note_on_c, 7, 60, 0
14, 1569792, Note_on_c, 7, 72, 100
14, 1570048, Note_on_c, 7, 72, 0
14, 1570304, Note_on_c, 7, 72, 100
14, 1570560, Note_on_c, 7, 72, 0
14, 1570816, Note_on_c, 7, 58, 106
14, 1571072, Note_on_c, 7, 58, 0
14, 1571328, Note_on_c, 7, 70, 100
14, 1571584, Note_on_c, 7, 70, 0
14, 1571840, Note_on_c, 7, 70, 100
14, 1572096, Note_on_c, 7, 70, 0
14, 1572352, Note_on_c, 7, 58, 100
14, 1572608, Note_on_c, 7, 58, 0
14, 1572864, Note_on_c, 7, 70, 100
14, 1573120, Note_on_c, 7, 70, 0
14, 1573376, Note_on_c, 7, 70, 100
14, 1573632, Note_on_c, 7, 70, 0
14, 1573888, Note_on_c, 7, 57, 106
14, 1574144, Note_on_c, 7, 57, 0
14, 1574400, Note_on_c, 7, 69, 100
14, 1574656, Note_on_c, 7, 69, 0
14, 1574912, Note_on_c, 7, 69, 100
14, 1575168, Note_on_c, 7, 69, 0
14, 1575424, Note_on_c, 7, 57, 100
14, 1575680, Note_on_c, 7, 57, 0
14, 1575936, Note_on_c, 7, 69, 100
14, 1576192, Note_on_c, 7, 69, 0
14, 1576448, Note_on_c, 7, 69, 100
14, 1576704, Note_on_c, 7, 69, 0
14, 1576960, Note_on_c, 7, 71, 106
14, 1577216, Note_on_c, 7, 71, 0
14, 1577472, Note_on_c, 7, 71, 100
14, 1577728, Note_on_c, 7, 71, 0
14, 1577984, Note_on_c, 7, 71, 100
14, 1578240, Note_on_c, 7, 71, 0
14, 1578496, Note_on_c, 7, 71, 100
14, 1578752, Note_on_c, 7, 71, 0
14, 1579008, Note_on_c, 7, 72, 100
14, 1579264, Note_on_c, 7, 72, 0
14, 1579520, Note_on_c, 7, 74, 100
14, 1579776, Note_on_c, 7, 74, 0
14, 1580032, Note_on_c, 7, 74, 107
14, 1580288, Note_on_c, 7, 74, 0
14, 1580544, Note_on_c, 7, 76, 100
14, 1580800, Note_on_c, 7, 76, 0
14, 1581056, Note_on_c, 7, 74, 100
14, 1581312, Note_on_c, 7, 74, 0
14, 1581568, Note_on_c, 7, 72, 100
14, 1581824, Note_on_c, 7, 72, 0
14, 1582080, Note_on_c, 7, 71, 100
14, 1582336, Note_on_c, 7, 71, 0
14, 1582592, Note_on_c, 7, 69, 100
14, 1582848, Note_on_c, 7, 69, 0
14, 1583104, Note_on_c, 7, 67, 106
14, 1583360, Note_on_c, 7, 67, 0
14, 1583616, Note_on_c, 7, 69, 100
14, 1583872, Note_on_c, 7, 69, 0
14, 1584128, Note_on_c, 7, 67, 100
14, 1584384, Note_on_c, 7, 67, 0
14, 1584640, Note_on_c, 7, 67, 100
14, 1584896, Note_on_c, 7, 67, 0
14, 1585152, Note_on_c, 7, 79, 100
14, 1585408, Note_on_c, 7, 79, 0
14, 1585664, Note_on_c, 7, 67, 100
14, 1585920, Note_on_c, 7, 67, 0
14, 1586176, Note_on_c, 7, 69, 106
14, 1586432, Note_on_c, 7, 69, 0
14, 1586688, Note_on_c, 7, 62, 100
14, 1586944, Note_on_c, 7, 62, 0
14, 1587200, Note_on_c, 7, 62, 100
14, 1587456, Note_on_c, 7, 62, 0
14, 1587712, Note_on_c, 7, 67, 100
14, 1587968, Note_on_c, 7, 67, 0
14, 1588224, Note_on_c, 7, 55, 100
14, 1588480, Note_on_c, 7, 55, 0
14, 1588736, Note_on_c, 7, 55, 100
14, 1588992, Note_on_c, 7, 55, 0
14, 1589248, Note_on_c, 7, 67, 108
14, 1589504, Note_on_c, 7, 67, 0
14, 1589760, Note_on_c, 7, 55, 100
14, 1590016, Note_on_c, 7, 55, 0
14, 1590272, Note_on_c, 7, 55, 100
14, 1590528, Note_on_c, 7, 55, 0
14, 1590784, Note_on_c, 7, 59, 100
14, 1591040, Note_on_c, 7, 59, 0
14, 1591296, Note_on_c, 7, 55, 100
14, 1591552, Note_on_c, 7, 55, 0
14, 1591808, Note_on_c, 7, 55, 100
14, 1592064, Note_on_c, 7, 55, 0
14, 1592320, Note_on_c, 7, 60, 108
14, 1592576, Note_on_c, 7, 60, 0
14, 1592832, Note_on_c, 7, 55, 100
14, 1593088, Note_on_c, 7, 55, 0
14, 1593344, Note_on_c, 7, 55, 100
14, 1593600, Note_on_c, 7, 55, 0
14, 1593856, Note_on_c, 7, 62, 100
14, 1594112, Note_on_c, 7, 62, 0
14, 1594368, Note_on_c, 7, 55, 100
14, 1594624, Note_on_c, 7, 55, 0
14, 1594880, Note_on_c, 7, 55, 100
14, 1595136, Note_on_c, 7, 55, 0
14, 1595392, Note_on_c, 7, 65, 108
14, 1595648, Note_on_c, 7, 65, 0
14, 1595904, Note_on_c, 7, 55, 100
14, 1596160, Note_on_c, 7, 55, 0
14, 1596416, Note_on_c, 7, 55, 100
14, 1596672, Note_on_c, 7, 55, 0
14, 1596928, Note_on_c, 7, 63, 100
14, 1597184, Note_on_c, 7, 63, 0
14, 1597440, Note_on_c, 7, 55, 100
14, 1597696, Note_on_c, 7, 55, 0
14, 1597952, Note_on_c, 7, 55, 100
14, 1598208, Note_on_c, 7, 55, 0
14, 1598464, Note_on_c, 7, 62, 108
14, 1598720, Note_on_c, 7, 62, 0
14, 1598976, Note_on_c, 7, 55, 100
14, 1599232, Note_on_c, 7, 55, 0
14, 1599488, Note_on_c, 7, 55, 100
14, 1599744, Note_on_c, 7, 55, 0
14, 1600000, Note_on_c, 7, 62, 100
14, 1600256, Note_on_c, 7, 62, 0
14, 1600512, Note_on_c, 7, 55, 100
14, 1600768, Note_on_c, 7, 55, 0
14, 1601024, Note_on_c, 7, 55, 100
14, 1601280, Note_on_c, 7, 55, 0
14, 1601536, Note_on_c, 7, 67, 108
14, 1601792, Note_on_c, 7, 67, 0
14, 1602048, Note_on_c, 7, 60, 100
14, 1602304, Note_on_c, 7, 60, 0
14, 1602560, Note_on_c, 7, 60, 100
14, 1602816, Note_on_c, 7, 60, 0
14, 1603072, Note_on_c, 7, 60, 100
14, 1603328, Note_on_c, 7, 60, 0
14, 1603584, Note_on_c, 7, 62, 100
14, 1603840, Note_on_c, 7, 62, 0
14, 1604096, Note_on_c, 7, 63, 100
14, 1604352, Note_on_c, 7, 63, 0
14, 1604608, Note_on_c, 7, 63, 108
14, 1604864, Note_on_c, 7, 63, 0
14, 1605120, Note_on_c, 7, 65, 100
14, 1605376, Note_on_c, 7, 65, 0
14, 1605632, Note_on_c, 7, 65, 100
14, 1605888, Note_on_c, 7, 65, 0
14, 1606144, Note_on_c, 7, 62, 100
14, 1606400, Note_on_c, 7, 62, 0
14, 1606656, Note_on_c, 7, 60, 100
14, 1606912, Note_on_c, 7, 60, 0
14, 1607168, Note_on_c, 7, 59, 100
14, 1607424, Note_on_c, 7, 59, 0
14, 1607680, Note_on_c, 7, 63, 108
14, 1607936, Note_on_c, 7, 63, 0
14, 1608192, Note_on_c, 7, 65, 100
14, 1608448, Note_on_c, 7, 65, 0
14, 1608704, Note_on_c, 7, 63, 100
14, 1608960, Note_on_c, 7, 63, 0
14, 1609216, Note_on_c, 7, 63, 100
14, 1609472, Note_on_c, 7, 63, 0
14, 1609728, Note_on_c, 7, 65, 100
14, 1609984, Note_on_c, 7, 65, 0
14, 1610240, Note_on_c, 7, 72, 100
14, 1610496, Note_on_c, 7, 72, 0
14, 1610752, Note_on_c, 7, 72, 100
14, 1611008, Note_on_c, 7, 72, 0
14, 1611264, Note_on_c, 7, 71, 100
14, 1611520, Note_on_c, 7, 71, 0
14, 1611776, Note_on_c, 7, 71, 100
14, 1612032, Note_on_c, 7, 71, 0
14, 1612288, Note_on_c, 7, 55, 100
14, 1612544, Note_on_c, 7, 55, 0
14, 1612800, Note_on_c, 7, 67, 100
14, 1613056, Note_on_c, 7, 67, 0
14, 1613312, Note_on_c, 7, 67, 100
14, 1613568, Note_on_c, 7, 67, 0
14, 1613824, Note_on_c, 7, 65, 108
14, 1614080, Note_on_c, 7, 65, 0
14, 1614336, Note_on_c, 7, 62, 100
14, 1614592, Note_on_c, 7, 62, 0
14, 1614848, Note_on_c, 7, 62, 100
14, 1615104, Note_on_c, 7, 62, 0
14, 1615360, Note_on_c, 7, 74, 100
14, 1615616, Note_on_c, 7, 74, 0
14, 1615872, Note_on_c, 7, 62, 100
14, 1616128, Note_on_c, 7, 62, 0
14, 1616384, Note_on_c, 7, 62, 100
14, 1616640, Note_on_c, 7, 62, 0
14, 1616896, Note_on_c, 7, 67, 108
14, 1617152, Note_on_c, 7, 67, 0
14, 1617408, Note_on_c, 7, 63, 100
14, 1617664, Note_on_c, 7, 63, 0
14, 1617920, Note_on_c, 7, 62, 100
14, 1618176, Note_on_c, 7, 62, 0
14, 1618432, Note_on_c, 7, 74, 100
14, 1618688, Note_on_c, 7, 74, 0
14, 1618944, Note_on_c, 7, 62, 100
14, 1619200, Note_on_c, 7, 62, 0
14, 1619456, Note_on_c, 7, 62, 100
14, 1619712, Note_on_c, 7, 62, 0
14, 1619968, Note_on_c, 7, 75, 108
14, 1620224, Note_on_c, 7, 75, 0
14, 1620480, Note_on_c, 7, 74, 100
14, 1620736, Note_on_c, 7, 74, 0
14, 1620992, Note_on_c, 7, 75, 100
14, 1621248, Note_on_c, 7, 75, 0
14, 1621504, Note_on_c, 7, 67, 114
14, 1623788, Note_on_c, 7, 67, 0
14, 1624064, Note_on_c, 7, 68, 100
14, 1624438, Note_on_c, 7, 68, 0
14, 1624576, Note_on_c, 7, 68, 118
14, 1625324, Note_on_c, 7, 68, 0
14, 1625600, Note_on_c, 7, 70, 100
14, 1625974, Note_on_c, 7, 70, 0
14, 1626112, Note_on_c, 7, 70, 108
14, 1627233, Note_on_c, 7, 70, 0
14, 1627648, Note_on_c, 7, 60, 100
14, 1628396, Note_on_c, 7, 60, 0
14, 1628672, Note_on_c, 7, 72, 100
14, 1629046, Note_on_c, 7, 72, 0
14, 1629184, Note_on_c, 7, 72, 108
14, 1629932, Note_on_c, 7, 72, 0
14, 1630208, Note_on_c, 7, 72, 101
14, 1630582, Note_on_c, 7, 72, 0
14, 1630720, Note_on_c, 7, 77, 101
14, 1631468, Note_on_c, 7, 77, 0
14, 1631744, Note_on_c, 7, 76, 101
14, 1632118, Note_on_c, 7, 76, 0
14, 1632256, Note_on_c, 7, 77, 108
14, 1633004, Note_on_c, 7, 77, 0
14, 1633280, Note_on_c, 7, 73, 101
14, 1633654, Note_on_c, 7, 73, 0
14, 1633792, Note_on_c, 7, 73, 101
14, 1636076, Note_on_c, 7, 73, 0
14, 1636352, Note_on_c, 7, 68, 101
14, 1636726, Note_on_c, 7, 68, 0
14, 1636864, Note_on_c, 7, 73, 101
14, 1637612, Note_on_c, 7, 73, 0
14, 1637888, Note_on_c, 7, 72, 101
14, 1638262, Note_on_c, 7, 72, 0
14, 1638400, Note_on_c, 7, 70, 106
14, 1639148, Note_on_c, 7, 70, 0
14, 1639424, Note_on_c, 7, 63, 101
14, 1639798, Note_on_c, 7, 63, 0
14, 1639936, Note_on_c, 7, 63, 101
14, 1640684, Note_on_c, 7, 63, 0
14, 1640960, Note_on_c, 7, 75, 101
14, 1642220, Note_on_c, 7, 75, 0
14, 1642496, Note_on_c, 7, 80, 101
14, 1643756, Note_on_c, 7, 80, 0
14, 1644032, Note_on_c, 7, 79, 101
14, 1644406, Note_on_c, 7, 79, 0
14, 1644544, Note_on_c, 7, 78, 109
14, 1644800, Note_on_c, 7, 78, 0
14, 1645056, Note_on_c, 7, 63, 101
14, 1645312, Note_on_c, 7, 63, 0
14, 1645568, Note_on_c, 7, 63, 101
14, 1645824, Note_on_c, 7, 63, 0
14, 1646080, Note_on_c, 7, 63, 101
14, 1646336, Note_on_c, 7, 63, 0
14, 1646592, Note_on_c, 7, 61, 101
14, 1646848, Note_on_c, 7, 61, 0
14, 1647104, Note_on_c, 7, 60, 101
14, 1647360, Note_on_c, 7, 60, 0
14, 1647616, Note_on_c, 7, 72, 108
14, 1647872, Note_on_c, 7, 72, 0
14, 1648128, Note_on_c, 7, 72, 101
14, 1648384, Note_on_c, 7, 72, 0
14, 1648640, Note_on_c, 7, 72, 101
14, 1648896, Note_on_c, 7, 72, 0
14, 1649152, Note_on_c, 7, 72, 101
14, 1649408, Note_on_c, 7, 72, 0
14, 1649664, Note_on_c, 7, 73, 101
14, 1649920, Note_on_c, 7, 73, 0
14, 1650176, Note_on_c, 7, 75, 101
14, 1650432, Note_on_c, 7, 75, 0
14, 1650688, Note_on_c, 7, 77, 108
14, 1650944, Note_on_c, 7, 77, 0
14, 1651200, Note_on_c, 7, 65, 101
14, 1651456, Note_on_c, 7, 65, 0
14, 1651712, Note_on_c, 7, 65, 101
14, 1651968, Note_on_c, 7, 65, 0
14, 1652224, Note_on_c, 7, 65, 101
14, 1652480, Note_on_c, 7, 65, 0
14, 1652736, Note_on_c, 7, 63, 101
14, 1652992, Note_on_c, 7, 63, 0
14, 1653248, Note_on_c, 7, 61, 101
14, 1653504, Note_on_c, 7, 61, 0
14, 1653760, Note_on_c, 7, 70, 108
14, 1654016, Note_on_c, 7, 70, 0
14, 1654272, Note_on_c, 7, 70, 101
14, 1654528, Note_on_c, 7, 70, 0
14, 1654784, Note_on_c, 7, 70, 101
14, 1655040, Note_on_c, 7, 70, 0
14, 1655296, Note_on_c, 7, 70, 101
14, 1655552, Note_on_c, 7, 70, 0
14, 1655808, Note_on_c, 7, 72, 101
14, 1656064, Note_on_c, 7, 72, 0
14, 1656320, Note_on_c, 7, 73, 101
14, 1656576, Note_on_c, 7, 73, 0
14, 1656832, Note_on_c, 7, 78, 106
14, 1657088, Note_on_c, 7, 78, 0
14, 1657344, Note_on_c, 7, 78, 101
14, 1657600, Note_on_c, 7, 78, 0
14, 1657856, Note_on_c, 7, 78, 101
14, 1658112, Note_on_c, 7, 78, 0
14, 1658368, Note_on_c, 7, 78, 101
14, 1658624, Note_on_c, 7, 78, 0
14, 1658880, Note_on_c, 7, 77, 101
14, 1659136, Note_on_c, 7, 77, 0
14, 1659392, Note_on_c, 7, 75, 101
14, 1659648, Note_on_c, 7, 75, 0
14, 1659904, Note_on_c, 7, 75, 108
14, 1660160, Note_on_c, 7, 75, 0
14, 1660416, Note_on_c, 7, 73, 101
14, 1660672, Note_on_c, 7, 73, 0
14, 1660928, Note_on_c, 7, 72, 101
14, 1661184, Note_on_c, 7, 72, 0
14, 1661440, Note_on_c, 7, 72, 101
14, 1661696, Note_on_c, 7, 72, 0
14, 1661952, Note_on_c, 7, 75, 101
14, 1662208, Note_on_c, 7, 75, 0
14, 1662464, Note_on_c, 7, 75, 101
14, 1662720, Note_on_c, 7, 75, 0
14, 1662976, Note_on_c, 7, 73, 107
14, 1663232, Note_on_c, 7, 73, 0
14, 1663488, Note_on_c, 7, 73, 101
14, 1663744, Note_on_c, 7, 73, 0
14, 1664000, Note_on_c, 7, 73, 101
14, 1664256, Note_on_c, 7, 73, 0
14, 1664512, Note_on_c, 7, 73, 101
14, 1664768, Note_on_c, 7, 73, 0
14, 1665024, Note_on_c, 7, 75, 101
14, 1665280, Note_on_c, 7, 75, 0
14, 1665536, Note_on_c, 7, 77, 101
14, 1665792, Note_on_c, 7, 77, 0
14, 1666048, Note_on_c, 7, 77, 106
14, 1666304, Note_on_c, 7, 77, 0
14, 1666560, Note_on_c, 7, 78, 101
14, 1666816, Note_on_c, 7, 78, 0
14, 1667072, Note_on_c, 7, 77, 101
14, 1667328, Note_on_c, 7, 77, 0
14, 1667584, Note_on_c, 7, 75, 101
14, 1667840, Note_on_c, 7, 75, 0
14, 1668096, Note_on_c, 7, 73, 101
14, 1668352, Note_on_c, 7, 73, 0
14, 1668608, Note_on_c, 7, 72, 101
14, 1668864, Note_on_c, 7, 72, 0
14, 1669120, Note_on_c, 7, 70, 108
14, 1669376, Note_on_c, 7, 70, 0
14, 1669632, Note_on_c, 7, 72, 101
14, 1669888, Note_on_c, 7, 72, 0
14, 1670144, Note_on_c, 7, 70, 101
14, 1670400, Note_on_c, 7, 70, 0
14, 1670656, Note_on_c, 7, 70, 101
14, 1670912, Note_on_c, 7, 70, 0
14, 1671168, Note_on_c, 7, 72, 101
14, 1671424, Note_on_c, 7, 72, 0
14, 1671680, Note_on_c, 7, 73, 101
14, 1671936, Note_on_c, 7, 73, 0
14, 1672192, Note_on_c, 7, 75, 108
14, 1672704, Note_on_c, 7, 75, 0
14, 1673728, Note_on_c, 7, 75, 101
14, 1673984, Note_on_c, 7, 75, 0
14, 1674240, Note_on_c, 7, 77, 101
14, 1674496, Note_on_c, 7, 77, 0
14, 1674752, Note_on_c, 7, 78, 101
14, 1675008, Note_on_c, 7, 78, 0
14, 1675264, Note_on_c, 7, 80, 109
14, 1675520, Note_on_c, 7, 80, 0
14, 1675776, Note_on_c, 7, 75, 101
14, 1676032, Note_on_c, 7, 75, 0
14, 1676288, Note_on_c, 7, 72, 101
14, 1676544, Note_on_c, 7, 72, 0
14, 1676800, Note_on_c, 7, 73, 101
14, 1677056, Note_on_c, 7, 73, 0
14, 1677312, Note_on_c, 7, 75, 101
14, 1677568, Note_on_c, 7, 75, 0
14, 1677824, Note_on_c, 7, 77, 101
14, 1678080, Note_on_c, 7, 77, 0
14, 1678336, Note_on_c, 7, 75, 108
14, 1678848, Note_on_c, 7, 75, 0
14, 1679872, Note_on_c, 7, 78, 101
14, 1680128, Note_on_c, 7, 78, 0
14, 1680384, Note_on_c, 7, 80, 101
14, 1680640, Note_on_c, 7, 80, 0
14, 1680896, Note_on_c, 7, 82, 101
14, 1681152, Note_on_c, 7, 82, 0
14, 1681408, Note_on_c, 7, 77, 108
14, 1681664, Note_on_c, 7, 77, 0
14, 1681920, Note_on_c, 7, 78, 101
14, 1682176, Note_on_c, 7, 78, 0
14, 1682432, Note_on_c, 7, 75, 101
14, 1682688, Note_on_c, 7, 75, 0
14, 1682944, Note_on_c, 7, 77, 101
14, 1683200, Note_on_c, 7, 77, 0
14, 1683456, Note_on_c, 7, 78, 101
14, 1683712, Note_on_c, 7, 78, 0
14, 1683968, Note_on_c, 7, 80, 101
14, 1684224, Note_on_c, 7, 80, 0
14, 1684480, Note_on_c, 7, 78, 109
14, 1684736, Note_on_c, 7, 78, 0
14, 1684992, Note_on_c, 7, 77, 102
14, 1685248, Note_on_c, 7, 77, 0
14, 1685504, Note_on_c, 7, 78, 103
14, 1685760, Note_on_c, 7, 78, 0
14, 1686016, Note_on_c, 7, 82, 104
14, 1686272, Note_on_c, 7, 82, 0
14, 1686528, Note_on_c, 7, 80, 106
14, 1686784, Note_on_c, 7, 80, 0
14, 1687040, Note_on_c, 7, 78, 107
14, 1687296, Note_on_c, 7, 78, 0
14, 1687552, Note_on_c, 7, 78, 114
14, 1687808, Note_on_c, 7, 78, 0
14, 1688064, Note_on_c, 7, 80, 109
14, 1688320, Note_on_c, 7, 80, 0
14, 1688576, Note_on_c, 7, 82, 108
14, 1688832, Note_on_c, 7, 82, 0
14, 1689088, Note_on_c, 7, 78, 107
14, 1689344, Note_on_c, 7, 78, 0
14, 1689600, Note_on_c, 7, 78, 106
14, 1689856, Note_on_c, 7, 78, 0
14, 1690112, Note_on_c, 7, 78, 105
14, 1690368, Note_on_c, 7, 78, 0
14, 1690624, Note_on_c, 7, 78, 110
14, 1690880, Note_on_c, 7, 78, 0
14, 1691136, Note_on_c, 7, 78, 104
14, 1691392, Note_on_c, 7, 78, 0
14, 1691648, Note_on_c, 7, 77, 103
14, 1691904, Note_on_c, 7, 77, 0
14, 1692160, Note_on_c, 7, 70, 102
14, 1692416, Note_on_c, 7, 70, 0
14, 1692672, Note_on_c, 7, 70, 101
14, 1692928, Note_on_c, 7, 70, 0
14, 1693184, Note_on_c, 7, 70, 101
14, 1693440, Note_on_c, 7, 70, 0
14, 1693696, Note_on_c, 7, 70, 109
14, 1693952, Note_on_c, 7, 70, 0
14, 1694208, Note_on_c, 7, 71, 99
14, 1694464, Note_on_c, 7, 71, 0
14, 1694720, Note_on_c, 7, 73, 98
14, 1694976, Note_on_c, 7, 73, 0
14, 1695232, Note_on_c, 7, 73, 97
14, 1695488, Note_on_c, 7, 73, 0
14, 1695744, Note_on_c, 7, 75, 96
14, 1696000, Note_on_c, 7, 75, 0
14, 1696256, Note_on_c, 7, 73, 96
14, 1696512, Note_on_c, 7, 73, 0
14, 1696768, Note_on_c, 7, 71, 104
14, 1697024, Note_on_c, 7, 71, 0
14, 1697280, Note_on_c, 7, 70, 94
14, 1697536, Note_on_c, 7, 70, 0
14, 1697792, Note_on_c, 7, 68, 93
14, 1698048, Note_on_c, 7, 68, 0
14, 1698304, Note_on_c, 7, 66, 92
14, 1698560, Note_on_c, 7, 66, 0
14, 1698816, Note_on_c, 7, 75, 92
14, 1699072, Note_on_c, 7, 75, 0
14, 1699328, Note_on_c, 7, 75, 92
14, 1699584, Note_on_c, 7, 75, 0
14, 1699840, Note_on_c, 7, 75, 100
14, 1700096, Note_on_c, 7, 75, 0
14, 1700352, Note_on_c, 7, 77, 92
14, 1700608, Note_on_c, 7, 77, 0
14, 1700864, Note_on_c, 7, 78, 92
14, 1701120, Note_on_c, 7, 78, 0
14, 1701376, Note_on_c, 7, 78, 92
14, 1701632, Note_on_c, 7, 78, 0
14, 1701888, Note_on_c, 7, 80, 92
14, 1702144, Note_on_c, 7, 80, 0
14, 1702400, Note_on_c, 7, 78, 92
14, 1702656, Note_on_c, 7, 78, 0
14, 1702912, Note_on_c, 7, 77, 101
14, 1703168, Note_on_c, 7, 77, 0
14, 1703424, Note_on_c, 7, 75, 92
14, 1703680, Note_on_c, 7, 75, 0
14, 1703936, Note_on_c, 7, 73, 92
14, 1704192, Note_on_c, 7, 73, 0
14, 1704448, Note_on_c, 7, 72, 92
14, 1704704, Note_on_c, 7, 72, 0
14, 1704960, Note_on_c, 7, 78, 92
14, 1705216, Note_on_c, 7, 78, 0
14, 1705472, Note_on_c, 7, 77, 92
14, 1705728, Note_on_c, 7, 77, 0
14, 1705984, Note_on_c, 7, 75, 103
14, 1706240, Note_on_c, 7, 75, 0
14, 1706496, Note_on_c, 7, 73, 92
14, 1706752, Note_on_c, 7, 73, 0
14, 1707008, Note_on_c, 7, 72, 92
14, 1707264, Note_on_c, 7, 72, 0
14, 1707520, Note_on_c, 7, 70, 92
14, 1707776, Note_on_c, 7, 70, 0
14, 1708032, Note_on_c, 7, 77, 92
14, 1708288, Note_on_c, 7, 77, 0
14, 1708544, Note_on_c, 7, 75, 92
14, 1708800, Note_on_c, 7, 75, 0
14, 1709056, Note_on_c, 7, 73, 102
14, 1709312, Note_on_c, 7, 73, 0
14, 1709568, Note_on_c, 7, 72, 92
14, 1709824, Note_on_c, 7, 72, 0
14, 1710080, Note_on_c, 7, 70, 92
14, 1710336, Note_on_c, 7, 70, 0
14, 1710592, Note_on_c, 7, 69, 92
14, 1710848, Note_on_c, 7, 69, 0
14, 1711104, Note_on_c, 7, 73, 92
14, 1711360, Note_on_c, 7, 73, 0
14, 1711616, Note_on_c, 7, 72, 92
14, 1711872, Note_on_c, 7, 72, 0
14, 1712128, Note_on_c, 7, 73, 100
14, 1712384, Note_on_c, 7, 73, 0
14, 1712640, Note_on_c, 7, 73, 92
14, 1712896, Note_on_c, 7, 73, 0
14, 1713152, Note_on_c, 7, 73, 92
14, 1713408, Note_on_c, 7, 73, 0
14, 1713664, Note_on_c, 7, 73, 92
14, 1713920, Note_on_c, 7, 73, 0
14, 1714176, Note_on_c, 7, 75, 92
14, 1714432, Note_on_c, 7, 75, 0
14, 1714688, Note_on_c, 7, 77, 92
14, 1714944, Note_on_c, 7, 77, 0
14, 1715200, Note_on_c, 7, 77, 100
14, 1715456, Note_on_c, 7, 77, 0
14, 1715712, Note_on_c, 7, 75, 92
14, 1715968, Note_on_c, 7, 75, 0
14, 1716224, Note_on_c, 7, 73, 92
14, 1716480, Note_on_c, 7, 73, 0
14, 1716736, Note_on_c, 7, 73, 94
14, 1716992, Note_on_c, 7, 73, 0
14, 1717248, Note_on_c, 7, 75, 94
14, 1717504, Note_on_c, 7, 75, 0
14, 1717760, Note_on_c, 7, 77, 94
14, 1718016, Note_on_c, 7, 77, 0
14, 1718272, Note_on_c, 7, 73, 101
14, 1718528, Note_on_c, 7, 73, 0
14, 1718784, Note_on_c, 7, 73, 95
14, 1719040, Note_on_c, 7, 73, 0
14, 1719296, Note_on_c, 7, 73, 95
14, 1719552, Note_on_c, 7, 73, 0
14, 1719808, Note_on_c, 7, 73, 96
14, 1720064, Note_on_c, 7, 73, 0
14, 1720320, Note_on_c, 7, 75, 96
14, 1720576, Note_on_c, 7, 75, 0
14, 1720832, Note_on_c, 7, 76, 96
14, 1721088, Note_on_c, 7, 76, 0
14, 1721344, Note_on_c, 7, 76, 104
14, 1721600, Note_on_c, 7, 76, 0
14, 1721856, Note_on_c, 7, 75, 97
14, 1722112, Note_on_c, 7, 75, 0
14, 1722368, Note_on_c, 7, 73, 97
14, 1722624, Note_on_c, 7, 73, 0
14, 1722880, Note_on_c, 7, 73, 98
14, 1723136, Note_on_c, 7, 73, 0
14, 1723392, Note_on_c, 7, 75, 98
14, 1723648, Note_on_c, 7, 75, 0
14, 1723904, Note_on_c, 7, 76, 98
14, 1724160, Note_on_c, 7, 76, 0
14, 1724416, Note_on_c, 7, 73, 104
14, 1724672, Note_on_c, 7, 73, 0
14, 1724928, Note_on_c, 7, 73, 99
14, 1725184, Note_on_c, 7, 73, 0
14, 1725440, Note_on_c, 7, 73, 99
14, 1725696, Note_on_c, 7, 73, 0
14, 1725952, Note_on_c, 7, 73, 100
14, 1726208, Note_on_c, 7, 73, 0
14, 1726464, Note_on_c, 7, 74, 100
14, 1726720, Note_on_c, 7, 74, 0
14, 1726976, Note_on_c, 7, 76, 100
14, 1727232, Note_on_c, 7, 76, 0
14, 1727488, Note_on_c, 7, 76, 109
14, 1727744, Note_on_c, 7, 76, 0
14, 1728000, Note_on_c, 7, 78, 101
14, 1728256, Note_on_c, 7, 78, 0
14, 1728512, Note_on_c, 7, 79, 101
14, 1728768, Note_on_c, 7, 79, 0
14, 1729024, Note_on_c, 7, 73, 102
14, 1729280, Note_on_c, 7, 73, 0
14, 1729536, Note_on_c, 7, 71, 102
14, 1729792, Note_on_c, 7, 71, 0
14, 1730048, Note_on_c, 7, 70, 102
14, 1730304, Note_on_c, 7, 70, 0
14, 1730560, Note_on_c, 7, 66, 112
14, 1730816, Note_on_c, 7, 66, 0
14, 1731072, Note_on_c, 7, 71, 103
14, 1731328, Note_on_c, 7, 71, 0
14, 1731584, Note_on_c, 7, 71, 103
14, 1731840, Note_on_c, 7, 71, 0
14, 1732096, Note_on_c, 7, 71, 103
14, 1732352, Note_on_c, 7, 71, 0
14, 1732608, Note_on_c, 7, 73, 103
14, 1732864, Note_on_c, 7, 73, 0
14, 1733120, Note_on_c, 7, 74, 103
14, 1733376, Note_on_c, 7, 74, 0
14, 1733632, Note_on_c, 7, 74, 113
14, 1733888, Note_on_c, 7, 74, 0
14, 1734144, Note_on_c, 7, 76, 103
14, 1734400, Note_on_c, 7, 76, 0
14, 1734656, Note_on_c, 7, 76, 103
14, 1734912, Note_on_c, 7, 76, 0
14, 1735168, Note_on_c, 7, 73, 103
14, 1735424, Note_on_c, 7, 73, 0
14, 1735680, Note_on_c, 7, 71, 103
14, 1735936, Note_on_c, 7, 71, 0
14, 1736192, Note_on_c, 7, 70, 103
14, 1736448, Note_on_c, 7, 70, 0
14, 1736704, Note_on_c, 7, 69, 112
14, 1736960, Note_on_c, 7, 69, 0
14, 1737216, Note_on_c, 7, 67, 103
14, 1737472, Note_on_c, 7, 67, 0
14, 1737728, Note_on_c, 7, 66, 103
14, 1737856, Note_on_c, 7, 66, 0
14, 1737984, Note_on_c, 7, 64, 103
14, 1738112, Note_on_c, 7, 64, 0
14, 1738240, Note_on_c, 7, 59, 103
14, 1738496, Note_on_c, 7, 59, 0
14, 1738752, Note_on_c, 7, 76, 103
14, 1739008, Note_on_c, 7, 76, 0
14, 1739264, Note_on_c, 7, 76, 103
14, 1739520, Note_on_c, 7, 76, 0
14, 1739776, Note_on_c, 7, 76, 111
14, 1740032, Note_on_c, 7, 76, 0
14, 1740288, Note_on_c, 7, 76, 103
14, 1740544, Note_on_c, 7, 76, 0
14, 1740800, Note_on_c, 7, 76, 103
14, 1741056, Note_on_c, 7, 76, 0
14, 1741312, Note_on_c, 7, 72, 103
14, 1741568, Note_on_c, 7, 72, 0
14, 1741824, Note_on_c, 7, 71, 103
14, 1742080, Note_on_c, 7, 71, 0
14, 1742336, Note_on_c, 7, 69, 103
14, 1742592, Note_on_c, 7, 69, 0
14, 1742848, Note_on_c, 7, 63, 112
14, 1743596, Note_on_c, 7, 63, 0
14, 1743872, Note_on_c, 7, 75, 103
14, 1744246, Note_on_c, 7, 75, 0
14, 1744384, Note_on_c, 7, 75, 117
14, 1746668, Note_on_c, 7, 75, 0
14, 1746944, Note_on_c, 7, 76, 103
14, 1747318, Note_on_c, 7, 76, 0
14, 1747456, Note_on_c, 7, 76, 119
14, 1748204, Note_on_c, 7, 76, 0
14, 1748480, Note_on_c, 7, 76, 103
14, 1749740, Note_on_c, 7, 76, 0
14, 1750016, Note_on_c, 7, 78, 103
14, 1750272, Note_on_c, 7, 78, 0
14, 1750528, Note_on_c, 7, 78, 103
14, 1750784, Note_on_c, 7, 78, 0
14, 1751040, Note_on_c, 7, 71, 103
14, 1751296, Note_on_c, 7, 71, 0
14, 1751552, Note_on_c, 7, 71, 103
14, 1751808, Note_on_c, 7, 71, 0
14, 1752064, Note_on_c, 7, 71, 110
14, 1752320, Note_on_c, 7, 71, 0
14, 1752576, Note_on_c, 7, 59, 103
14, 1752832, Note_on_c, 7, 59, 0
14, 1753088, Note_on_c, 7, 59, 103
14, 1753344, Note_on_c, 7, 59, 0
14, 1753600, Note_on_c, 7, 59, 103
14, 1753856, Note_on_c, 7, 59, 0
14, 1754112, Note_on_c, 7, 71, 103
14, 1754368, Note_on_c, 7, 71, 0
14, 1754624, Note_on_c, 7, 71, 103
14, 1754880, Note_on_c, 7, 71, 0
14, 1755136, Note_on_c, 7, 76, 111
14, 1755392, Note_on_c, 7, 76, 0
14, 1755648, Note_on_c, 7, 69, 103
14, 1755904, Note_on_c, 7, 69, 0
14, 1756160, Note_on_c, 7, 69, 103
14, 1756416, Note_on_c, 7, 69, 0
14, 1756672, Note_on_c, 7, 69, 103
14, 1756928, Note_on_c, 7, 69, 0
14, 1757184, Note_on_c, 7, 74, 103
14, 1757440, Note_on_c, 7, 74, 0
14, 1757696, Note_on_c, 7, 74, 103
14, 1757952, Note_on_c, 7, 74, 0
14, 1758208, Note_on_c, 7, 74, 111
14, 1758464, Note_on_c, 7, 74, 0
14, 1758720, Note_on_c, 7, 67, 103
14, 1758976, Note_on_c, 7, 67, 0
14, 1759232, Note_on_c, 7, 67, 103
14, 1759488, Note_on_c, 7, 67, 0
14, 1759744, Note_on_c, 7, 67, 103
14, 1760000, Note_on_c, 7, 67, 0
14, 1760256, Note_on_c, 7, 73, 103
14, 1760512, Note_on_c, 7, 73, 0
14, 1760768, Note_on_c, 7, 73, 103
14, 1761024, Note_on_c, 7, 73, 0
14, 1761280, Note_on_c, 7, 73, 111
14, 1761536, Note_on_c, 7, 73, 0
14, 1761792, Note_on_c, 7, 66, 103
14, 1762048, Note_on_c, 7, 66, 0
14, 1762304, Note_on_c, 7, 66, 103
14, 1762560, Note_on_c, 7, 66, 0
14, 1762816, Note_on_c, 7, 66, 103
14, 1763072, Note_on_c, 7, 66, 0
14, 1763328, Note_on_c, 7, 66, 103
14, 1763584, Note_on_c, 7, 66, 0
14, 1763840, Note_on_c, 7, 66, 103
14, 1764096, Note_on_c, 7, 66, 0
14, 1764352, Note_on_c, 7, 73, 111
14, 1764608, Note_on_c, 7, 73, 0
14, 1764864, Note_on_c, 7, 74, 103
14, 1765120, Note_on_c, 7, 74, 0
14, 1765376, Note_on_c, 7, 73, 103
14, 1765632, Note_on_c, 7, 73, 0
14, 1765888, Note_on_c, 7, 71, 103
14, 1766144, Note_on_c, 7, 71, 0
14, 1766400, Note_on_c, 7, 70, 103
14, 1766656, Note_on_c, 7, 70, 0
14, 1766912, Note_on_c, 7, 68, 103
14, 1767168, Note_on_c, 7, 68, 0
14, 1767424, Note_on_c, 7, 66, 111
14, 1767680, Note_on_c, 7, 66, 0
14, 1767936, Note_on_c, 7, 62, 103
14, 1768192, Note_on_c, 7, 62, 0
14, 1768448, Note_on_c, 7, 64, 103
14, 1768704, Note_on_c, 7, 64, 0
14, 1768960, Note_on_c, 7, 64, 119
14, 1769216, Note_on_c, 7, 64, 0
14, 1769472, Note_on_c, 7, 64, 103
14, 1769728, Note_on_c, 7, 64, 0
14, 1769984, Note_on_c, 7, 64, 103
14, 1770240, Note_on_c, 7, 64, 0
14, 1770496, Note_on_c, 7, 64, 112
14, 1770752, Note_on_c, 7, 64, 0
14, 1771008, Note_on_c, 7, 66, 103
14, 1771264, Note_on_c, 7, 66, 0
14, 1771520, Note_on_c, 7, 64, 103
14, 1771776, Note_on_c, 7, 64, 0
14, 1772032, Note_on_c, 7, 62, 103
14, 1772288, Note_on_c, 7, 62, 0
14, 1772544, Note_on_c, 7, 61, 103
14, 1772800, Note_on_c, 7, 61, 0
14, 1773056, Note_on_c, 7, 59, 103
14, 1773312, Note_on_c, 7, 59, 0
14, 1773568, Note_on_c, 7, 56, 111
14, 1773568, Note_on_c, 7, 65, 111
14, 1773824, Note_on_c, 7, 56, 0
14, 1773824, Note_on_c, 7, 65, 0
14, 1774080, Note_on_c, 7, 56, 103
14, 1774080, Note_on_c, 7, 65, 103
14, 1774336, Note_on_c, 7, 56, 0
14, 1774336, Note_on_c, 7, 65, 0
14, 1774592, Note_on_c, 7, 56, 103
14, 1774592, Note_on_c, 7, 65, 103
14, 1774848, Note_on_c, 7, 56, 0
14, 1774848, Note_on_c, 7, 65, 0
14, 1775104, Note_on_c, 7, 59, 116
14, 1775360, Note_on_c, 7, 59, 0
14, 1775616, Note_on_c, 7, 59, 103
14, 1775872, Note_on_c, 7, 59, 0
14, 1776128, Note_on_c, 7, 59, 103
14, 1776384, Note_on_c, 7, 59, 0
14, 1776640, Note_on_c, 7, 59, 110
14, 1776896, Note_on_c, 7, 59, 0
14, 1777152, Note_on_c, 7, 59, 103
14, 1777408, Note_on_c, 7, 59, 0
14, 1777664, Note_on_c, 7, 59, 103
14, 1777920, Note_on_c, 7, 59, 0
14, 1778176, Note_on_c, 7, 61, 103
14, 1778432, Note_on_c, 7, 61, 0
14, 1778688, Note_on_c, 7, 61, 103
14, 1778944, Note_on_c, 7, 61, 0
14, 1779200, Note_on_c, 7, 61, 103
14, 1779456, Note_on_c, 7, 61, 0
14, 1779712, Note_on_c, 7, 73, 111
14, 1779968, Note_on_c, 7, 73, 0
14, 1780224, Note_on_c, 7, 74, 103
14, 1780480, Note_on_c, 7, 74, 0
14, 1780736, Note_on_c, 7, 76, 103
14, 1780992, Note_on_c, 7, 76, 0
14, 1781248, Note_on_c, 7, 76, 119
14, 1781504, Note_on_c, 7, 76, 0
14, 1781760, Note_on_c, 7, 76, 103
14, 1782016, Note_on_c, 7, 76, 0
14, 1782272, Note_on_c, 7, 76, 103
14, 1782528, Note_on_c, 7, 76, 0
14, 1782784, Note_on_c, 7, 76, 110
14, 1783040, Note_on_c, 7, 76, 0
14, 1783296, Note_on_c, 7, 78, 103
14, 1783552, Note_on_c, 7, 78, 0
14, 1783808, Note_on_c, 7, 76, 103
14, 1784064, Note_on_c, 7, 76, 0
14, 1784320, Note_on_c, 7, 74, 103
14, 1784576, Note_on_c, 7, 74, 0
14, 1784832, Note_on_c, 7, 73, 103
14, 1785088, Note_on_c, 7, 73, 0
14, 1785344, Note_on_c, 7, 71, 103
14, 1785600, Note_on_c, 7, 71, 0
14, 1785856, Note_on_c, 7, 74, 112
14, 1786112, Note_on_c, 7, 74, 0
14, 1786368, Note_on_c, 7, 73, 95
14, 1786624, Note_on_c, 7, 73, 0
14, 1786880, Note_on_c, 7, 71, 95
14, 1787136, Note_on_c, 7, 71, 0
14, 1787392, Note_on_c, 7, 71, 110
14, 1787648, Note_on_c, 7, 71, 0
14, 1787904, Note_on_c, 7, 71, 96
14, 1788160, Note_on_c, 7, 71, 0
14, 1788416, Note_on_c, 7, 71, 96
14, 1788672, Note_on_c, 7, 71, 0
14, 1788928, Note_on_c, 7, 71, 102
14, 1789184, Note_on_c, 7, 71, 0
14, 1789440, Note_on_c, 7, 71, 97
14, 1789696, Note_on_c, 7, 71, 0
14, 1789952, Note_on_c, 7, 71, 97
14, 1790208, Note_on_c, 7, 71, 0
14, 1790464, Note_on_c, 7, 73, 97
14, 1790720, Note_on_c, 7, 73, 0
14, 1790976, Note_on_c, 7, 73, 98
14, 1791232, Note_on_c, 7, 73, 0
14, 1791488, Note_on_c, 7, 73, 98
14, 1791744, Note_on_c, 7, 73, 0
14, 1792000, Note_on_c, 7, 73, 105
14, 1792256, Note_on_c, 7, 73, 0
14, 1792512, Note_on_c, 7, 74, 98
14, 1792768, Note_on_c, 7, 74, 0
14, 1793024, Note_on_c, 7, 73, 99
14, 1793280, Note_on_c, 7, 73, 0
14, 1793536, Note_on_c, 7, 71, 99
14, 1793792, Note_on_c, 7, 71, 0
14, 1794048, Note_on_c, 7, 73, 99
14, 1794304, Note_on_c, 7, 73, 0
14, 1794560, Note_on_c, 7, 71, 100
14, 1794816, Note_on_c, 7, 71, 0
14, 1795072, Note_on_c, 7, 74, 106
14, 1795328, Note_on_c, 7, 74, 0
14, 1795584, Note_on_c, 7, 76, 100
14, 1795840, Note_on_c, 7, 76, 0
14, 1796096, Note_on_c, 7, 74, 101
14, 1796352, Note_on_c, 7, 74, 0
14, 1796608, Note_on_c, 7, 73, 101
14, 1796864, Note_on_c, 7, 73, 0
14, 1797120, Note_on_c, 7, 74, 101
14, 1797376, Note_on_c, 7, 74, 0
14, 1797632, Note_on_c, 7, 73, 102
14, 1797888, Note_on_c, 7, 73, 0
14, 1798144, Note_on_c, 7, 69, 108
14, 1798400, Note_on_c, 7, 69, 0
14, 1798656, Note_on_c, 7, 69, 102
14, 1798912, Note_on_c, 7, 69, 0
14, 1799168, Note_on_c, 7, 69, 103
14, 1799424, Note_on_c, 7, 69, 0
14, 1799680, Note_on_c, 7, 69, 103
14, 1799936, Note_on_c, 7, 69, 0
14, 1800192, Note_on_c, 7, 69, 103
14, 1800448, Note_on_c, 7, 69, 0
14, 1800704, Note_on_c, 7, 69, 103
14, 1800960, Note_on_c, 7, 69, 0
14, 1801216, Note_on_c, 7, 71, 111
14, 1801472, Note_on_c, 7, 71, 0
14, 1801728, Note_on_c, 7, 71, 104
14, 1801984, Note_on_c, 7, 71, 0
14, 1802240, Note_on_c, 7, 71, 104
14, 1802496, Note_on_c, 7, 71, 0
14, 1802752, Note_on_c, 7, 71, 105
14, 1803008, Note_on_c, 7, 71, 0
14, 1803264, Note_on_c, 7, 71, 105
14, 1803520, Note_on_c, 7, 71, 0
14, 1803776, Note_on_c, 7, 71, 105
14, 1804032, Note_on_c, 7, 71, 0
14, 1804288, Note_on_c, 7, 71, 114
14, 1804544, Note_on_c, 7, 71, 0
14, 1804800, Note_on_c, 7, 83, 106
14, 1805056, Note_on_c, 7, 83, 0
14, 1805312, Note_on_c, 7, 83, 106
14, 1805568, Note_on_c, 7, 83, 0
14, 1805824, Note_on_c, 7, 83, 107
14, 1806080, Note_on_c, 7, 83, 0
14, 1806336, Note_on_c, 7, 83, 107
14, 1806592, Note_on_c, 7, 83, 0
14, 1806848, Note_on_c, 7, 83, 107
14, 1807104, Note_on_c, 7, 83, 0
14, 1807360, Note_on_c, 7, 83, 115
14, 1807616, Note_on_c, 7, 83, 0
14, 1807872, Note_on_c, 7, 83, 108
14, 1808128, Note_on_c, 7, 83, 0
14, 1808384, Note_on_c, 7, 73, 108
14, 1808640, Note_on_c, 7, 73, 0
14, 1808896, Note_on_c, 7, 73, 108
14, 1809152, Note_on_c, 7, 73, 0
14, 1809408, Note_on_c, 7, 73, 109
14, 1809664, Note_on_c, 7, 73, 0
14, 1809920, Note_on_c, 7, 66, 109
14, 1810176, Note_on_c, 7, 66, 0
14, 1810432, Note_on_c, 7, 66, 121
14, 1811180, Note_on_c, 7, 66, 0
14, 1811456, Note_on_c, 7, 66, 109
14, 1811830, Note_on_c, 7, 66, 0
14, 1811968, Note_on_c, 7, 78, 122
14, 1814252, Note_on_c, 7, 78, 0
14, 1814528, Note_on_c, 7, 78, 109
14, 1814902, Note_on_c, 7, 78, 0
14, 1815040, Note_on_c, 7, 78, 124
14, 1817324, Note_on_c, 7, 78, 0
14, 1817600, Note_on_c, 7, 78, 109
14, 1817974, Note_on_c, 7, 78, 0
14, 1818112, Note_on_c, 7, 66, 124
14, 1820396, Note_on_c, 7, 66, 0
14, 1820672, Note_on_c, 7, 66, 108
14, 1821046, Note_on_c, 7, 66, 0
14, 1821184, Note_on_c, 7, 78, 124
14, 1823468, Note_on_c, 7, 78, 0
14, 1823744, Note_on_c, 7, 78, 108
14, 1824118, Note_on_c, 7, 78, 0
14, 1824256, Note_on_c, 7, 78, 123
14, 1826540, Note_on_c, 7, 78, 0
14, 1826816, Note_on_c, 7, 78, 107
14, 1827190, Note_on_c, 7, 78, 0
14, 1827328, Note_on_c, 7, 66, 123
14, 1829612, Note_on_c, 7, 66, 0
14, 1829888, Note_on_c, 7, 66, 107
14, 1830262, Note_on_c, 7, 66, 0
14, 1830400, Note_on_c, 7, 66, 123
14, 1832684, Note_on_c, 7, 66, 0
14, 1832960, Note_on_c, 7, 66, 107
14, 1833334, Note_on_c, 7, 66, 0
14, 1833472, Note_on_c, 7, 78, 123
14, 1835756, Note_on_c, 7, 78, 0
14, 1847296, Note_on_c, 7, 59, 35
14, 1852826, Note_on_c, 7, 59, 0
14, 1865728, Note_on_c, 7, 59, 28
14, 1871258, Note_on_c, 7, 59, 0
14, 1883810, Control_c, 7, 7, 42
14, 1884160, Note_on_c, 7, 57, 103
14, 1884194, Control_c, 7, 7, 40
14, 1884300, Control_c, 7, 7, 41
14, 1884406, Control_c, 7, 7, 43
14, 1884512, Control_c, 7, 7, 44
14, 1884618, Control_c, 7, 7, 46
14, 1884724, Control_c, 7, 7, 47
14, 1884830, Control_c, 7, 7, 49
14, 1884936, Control_c, 7, 7, 50
14, 1885042, Control_c, 7, 7, 52
14, 1885148, Control_c, 7, 7, 53
14, 1885254, Control_c, 7, 7, 55
14, 1885360, Control_c, 7, 7, 56
14, 1885466, Control_c, 7, 7, 58
14, 1885572, Control_c, 7, 7, 59
14, 1885678, Control_c, 7, 7, 61
14, 1885784, Control_c, 7, 7, 62
14, 1885890, Control_c, 7, 7, 64
14, 1885996, Control_c, 7, 7, 65
14, 1886102, Control_c, 7, 7, 67
14, 1886208, Control_c, 7, 7, 68
14, 1886314, Control_c, 7, 7, 70
14, 1886420, Control_c, 7, 7, 71
14, 1886526, Control_c, 7, 7, 73
14, 1886632, Control_c, 7, 7, 74
14, 1886738, Control_c, 7, 7, 76
14, 1886844, Control_c, 7, 7, 77
14, 1886950, Control_c, 7, 7, 79
14, 1887056, Control_c, 7, 7, 80
14, 1887162, Control_c, 7, 7, 82
14, 1887268, Control_c, 7, 7, 83
14, 1887374, Control_c, 7, 7, 85
14, 1887480, Control_c, 7, 7, 87
14, 1887586, Control_c, 7, 7, 88
14, 1887692, Control_c, 7, 7, 90
14, 1887798, Control_c, 7, 7, 91
14, 1887904, Control_c, 7, 7, 93
14, 1888010, Control_c, 7, 7, 94
14, 1888116, Control_c, 7, 7, 96
14, 1888222, Control_c, 7, 7, 97
14, 1888328, Control_c, 7, 7, 99
14, 1888434, Control_c, 7, 7, 100
14, 1888540, Control_c, 7, 7, 102
14, 1888646, Control_c, 7, 7, 103
14, 1888752, Control_c, 7, 7, 105
14, 1888858, Control_c, 7, 7, 106
14, 1888964, Control_c, 7, 7, 108
14, 1889070, Control_c, 7, 7, 109
14, 1889176, Control_c, 7, 7, 111
14, 1889280, Note_on_c, 7, 57, 0
14, 1889280, Note_on_c, 7, 59, 103
14, 1889282, Control_c, 7, 7, 112
14, 1889388, Control_c, 7, 7, 114
14, 1889494, Control_c, 7, 7, 115
14, 1889600, Control_c, 7, 7, 117
14, 1889706, Control_c, 7, 7, 118
14, 1889792, Note_on_c, 7, 59, 0
14, 1889792, Note_on_c, 7, 61, 103
14, 1889812, Control_c, 7, 7, 120
14, 1889918, Control_c, 7, 7, 121
14, 1890024, Control_c, 7, 7, 123
14, 1890130, Control_c, 7, 7, 124
14, 1890236, Control_c, 7, 7, 126
14, 1890304, Note_on_c, 7, 61, 0
14, 1890304, Note_on_c, 7, 62, 105
14, 1890560, Note_on_c, 7, 62, 0
14, 1890816, Note_on_c, 7, 86, 105
14, 1891072, Note_on_c, 7, 86, 0
14, 1891328, Note_on_c, 7, 85, 105
14, 1891584, Note_on_c, 7, 85, 0
14, 1891840, Note_on_c, 7, 83, 105
14, 1892096, Note_on_c, 7, 83, 0
14, 1892352, Note_on_c, 7, 81, 105
14, 1892608, Note_on_c, 7, 81, 0
14, 1892864, Note_on_c, 7, 79, 105
14, 1893120, Note_on_c, 7, 79, 0
14, 1893376, Note_on_c, 7, 78, 105
14, 1893632, Note_on_c, 7, 78, 0
14, 1893888, Note_on_c, 7, 76, 105
14, 1894144, Note_on_c, 7, 76, 0
14, 1894400, Note_on_c, 7, 74, 105
14, 1894656, Note_on_c, 7, 74, 0
14, 1894912, Note_on_c, 7, 73, 105
14, 1895168, Note_on_c, 7, 73, 0
14, 1895424, Note_on_c, 7, 71, 105
14, 1895680, Note_on_c, 7, 71, 0
14, 1895936, Note_on_c, 7, 69, 105
14, 1896192, Note_on_c, 7, 69, 0
14, 1896448, Note_on_c, 7, 57, 105
14, 1896704, Note_on_c, 7, 57, 0
14, 1896960, Note_on_c, 7, 69, 105
14, 1897216, Note_on_c, 7, 69, 0
14, 1897472, Note_on_c, 7, 71, 105
14, 1897728, Note_on_c, 7, 71, 0
14, 1897984, Note_on_c, 7, 73, 105
14, 1898240, Note_on_c, 7, 73, 0
14, 1898496, Note_on_c, 7, 74, 105
14, 1898752, Note_on_c, 7, 74, 0
14, 1899008, Note_on_c, 7, 76, 105
14, 1899264, Note_on_c, 7, 76, 0
14, 1899520, Note_on_c, 7, 78, 105
14, 1899776, Note_on_c, 7, 78, 0
14, 1900032, Note_on_c, 7, 79, 105
14, 1900288, Note_on_c, 7, 79, 0
14, 1900544, Note_on_c, 7, 81, 105
14, 1900800, Note_on_c, 7, 81, 0
14, 1901056, Note_on_c, 7, 83, 105
14, 1901312, Note_on_c, 7, 83, 0
14, 1901568, Note_on_c, 7, 81, 105
14, 1901824, Note_on_c, 7, 81, 0
14, 1902080, Note_on_c, 7, 85, 105
14, 1902336, Note_on_c, 7, 85, 0
14, 1902592, Note_on_c, 7, 86, 105
14, 1902848, Note_on_c, 7, 86, 0
14, 1903104, Note_on_c, 7, 81, 105
14, 1903360, Note_on_c, 7, 81, 0
14, 1903616, Note_on_c, 7, 79, 105
14, 1903872, Note_on_c, 7, 79, 0
14, 1904128, Note_on_c, 7, 78, 105
14, 1904384, Note_on_c, 7, 78, 0
14, 1904640, Note_on_c, 7, 76, 105
14, 1904896, Note_on_c, 7, 76, 0
14, 1905152, Note_on_c, 7, 74, 105
14, 1905408, Note_on_c, 7, 74, 0
14, 1905664, Note_on_c, 7, 73, 105
14, 1905920, Note_on_c, 7, 73, 0
14, 1906176, Note_on_c, 7, 74, 105
14, 1906432, Note_on_c, 7, 74, 0
14, 1906688, Note_on_c, 7, 71, 105
14, 1906944, Note_on_c, 7, 71, 0
14, 1907200, Note_on_c, 7, 69, 105
14, 1907456, Note_on_c, 7, 69, 0
14, 1907712, Note_on_c, 7, 71, 105
14, 1907968, Note_on_c, 7, 71, 0
14, 1908224, Note_on_c, 7, 68, 105
14, 1908480, Note_on_c, 7, 68, 0
14, 1908736, Note_on_c, 7, 57, 105
14, 1908992, Note_on_c, 7, 57, 0
14, 1909248, Note_on_c, 7, 69, 105
14, 1909504, Note_on_c, 7, 69, 0
14, 1909760, Note_on_c, 7, 71, 105
14, 1910016, Note_on_c, 7, 71, 0
14, 1910272, Note_on_c, 7, 73, 105
14, 1910528, Note_on_c, 7, 73, 0
14, 1910784, Note_on_c, 7, 74, 105
14, 1911040, Note_on_c, 7, 74, 0
14, 1911296, Note_on_c, 7, 76, 105
14, 1911552, Note_on_c, 7, 76, 0
14, 1911808, Note_on_c, 7, 78, 105
14, 1912064, Note_on_c, 7, 78, 0
14, 1912320, Note_on_c, 7, 79, 105
14, 1912576, Note_on_c, 7, 79, 0
14, 1912832, Note_on_c, 7, 81, 105
14, 1913088, Note_on_c, 7, 81, 0
14, 1913344, Note_on_c, 7, 83, 105
14, 1913600, Note_on_c, 7, 83, 0
14, 1913856, Note_on_c, 7, 81, 105
14, 1914112, Note_on_c, 7, 81, 0
14, 1914368, Note_on_c, 7, 85, 105
14, 1914624, Note_on_c, 7, 85, 0
14, 1914880, Note_on_c, 7, 86, 105
14, 1915136, Note_on_c, 7, 86, 0
14, 1915392, Note_on_c, 7, 83, 105
14, 1915648, Note_on_c, 7, 83, 0
14, 1915904, Note_on_c, 7, 81, 105
14, 1916160, Note_on_c, 7, 81, 0
14, 1916416, Note_on_c, 7, 79, 105
14, 1916672, Note_on_c, 7, 79, 0
14, 1916928, Note_on_c, 7, 78, 105
14, 1917184, Note_on_c, 7, 78, 0
14, 1917440, Note_on_c, 7, 76, 105
14, 1917696, Note_on_c, 7, 76, 0
14, 1917952, Note_on_c, 7, 74, 105
14, 1918208, Note_on_c, 7, 74, 0
14, 1918464, Note_on_c, 7, 76, 105
14, 1918720, Note_on_c, 7, 76, 0
14, 1918976, Note_on_c, 7, 74, 105
14, 1919232, Note_on_c, 7, 74, 0
14, 1919488, Note_on_c, 7, 72, 105
14, 1919744, Note_on_c, 7, 72, 0
14, 1920000, Note_on_c, 7, 71, 105
14, 1920256, Note_on_c, 7, 71, 0
14, 1920512, Note_on_c, 7, 69, 105
14, 1920768, Note_on_c, 7, 69, 0
14, 1921024, Note_on_c, 7, 55, 105
14, 1921280, Note_on_c, 7, 55, 0
14, 1921536, Note_on_c, 7, 69, 105
14, 1921792, Note_on_c, 7, 69, 0
14, 1922048, Note_on_c, 7, 71, 105
14, 1922304, Note_on_c, 7, 71, 0
14, 1922560, Note_on_c, 7, 72, 105
14, 1922816, Note_on_c, 7, 72, 0
14, 1923072, Note_on_c, 7, 74, 105
14, 1923328, Note_on_c, 7, 74, 0
14, 1923584, Note_on_c, 7, 76, 105
14, 1923840, Note_on_c, 7, 76, 0
14, 1924096, Note_on_c, 7, 78, 105
14, 1924352, Note_on_c, 7, 78, 0
14, 1924608, Note_on_c, 7, 79, 105
14, 1924864, Note_on_c, 7, 79, 0
14, 1925120, Note_on_c, 7, 81, 105
14, 1925376, Note_on_c, 7, 81, 0
14, 1925632, Note_on_c, 7, 83, 105
14, 1925888, Note_on_c, 7, 83, 0
14, 1926144, Note_on_c, 7, 67, 105
14, 1926400, Note_on_c, 7, 67, 0
14, 1926656, Note_on_c, 7, 67, 105
14, 1926912, Note_on_c, 7, 67, 0
14, 1927168, Note_on_c, 7, 57, 105
14, 1927424, Note_on_c, 7, 57, 0
14, 1927680, Note_on_c, 7, 79, 105
14, 1927936, Note_on_c, 7, 79, 0
14, 1928192, Note_on_c, 7, 78, 105
14, 1928448, Note_on_c, 7, 78, 0
14, 1928704, Note_on_c, 7, 76, 105
14, 1928960, Note_on_c, 7, 76, 0
14, 1929216, Note_on_c, 7, 74, 105
14, 1929472, Note_on_c, 7, 74, 0
14, 1929728, Note_on_c, 7, 73, 105
14, 1929984, Note_on_c, 7, 73, 0
14, 1930240, Note_on_c, 7, 71, 105
14, 1930496, Note_on_c, 7, 71, 0
14, 1930752, Note_on_c, 7, 69, 105
14, 1931008, Note_on_c, 7, 69, 0
14, 1931264, Note_on_c, 7, 74, 105
14, 1931520, Note_on_c, 7, 74, 0
14, 1931776, Note_on_c, 7, 69, 105
14, 1932032, Note_on_c, 7, 69, 0
14, 1932288, Note_on_c, 7, 66, 105
14, 1932544, Note_on_c, 7, 66, 0
14, 1932800, Note_on_c, 7, 62, 105
14, 1933056, Note_on_c, 7, 62, 0
14, 1933312, Note_on_c, 7, 59, 105
14, 1933568, Note_on_c, 7, 59, 0
14, 1933824, Note_on_c, 7, 57, 105
14, 1934080, Note_on_c, 7, 57, 0
14, 1934336, Note_on_c, 7, 56, 105
14, 1934592, Note_on_c, 7, 56, 0
14, 1934848, Note_on_c, 7, 57, 105
14, 1935104, Note_on_c, 7, 57, 0
14, 1935360, Note_on_c, 7, 69, 105
14, 1935616, Note_on_c, 7, 69, 0
14, 1935872, Note_on_c, 7, 69, 105
14, 1936128, Note_on_c, 7, 69, 0
14, 1936384, Note_on_c, 7, 62, 105
14, 1936640, Note_on_c, 7, 62, 0
14, 1936896, Note_on_c, 7, 69, 105
14, 1937152, Note_on_c, 7, 69, 0
14, 1937408, Note_on_c, 7, 68, 105
14, 1937664, Note_on_c, 7, 68, 0
14, 1937920, Note_on_c, 7, 69, 105
14, 1938176, Note_on_c, 7, 69, 0
14, 1938432, Note_on_c, 7, 78, 105
14, 1938688, Note_on_c, 7, 78, 0
14, 1938944, Note_on_c, 7, 74, 105
14, 1939200, Note_on_c, 7, 74, 0
14, 1939456, Note_on_c, 7, 69, 99
14, 1939712, Note_on_c, 7, 69, 0
14, 1939968, Note_on_c, 7, 81, 99
14, 1940224, Note_on_c, 7, 81, 0
14, 1940480, Note_on_c, 7, 80, 99
14, 1940736, Note_on_c, 7, 80, 0
14, 1940992, Note_on_c, 7, 81, 99
14, 1941248, Note_on_c, 7, 81, 0
14, 1941504, Note_on_c, 7, 76, 100
14, 1941760, Note_on_c, 7, 76, 0
14, 1942016, Note_on_c, 7, 73, 100
14, 1942272, Note_on_c, 7, 73, 0
14, 1942528, Note_on_c, 7, 69, 100
14, 1942784, Note_on_c, 7, 69, 0
14, 1943040, Note_on_c, 7, 81, 100
14, 1943296, Note_on_c, 7, 81, 0
14, 1943552, Note_on_c, 7, 80, 101
14, 1943808, Note_on_c, 7, 80, 0
14, 1944064, Note_on_c, 7, 81, 101
14, 1944320, Note_on_c, 7, 81, 0
14, 1944576, Note_on_c, 7, 78, 101
14, 1944832, Note_on_c, 7, 78, 0
14, 1945088, Note_on_c, 7, 74, 101
14, 1945344, Note_on_c, 7, 74, 0
14, 1945600, Note_on_c, 7, 69, 102
14, 1945856, Note_on_c, 7, 69, 0
14, 1946112, Note_on_c, 7, 81, 102
14, 1946368, Note_on_c, 7, 81, 0
14, 1946624, Note_on_c, 7, 83, 102
14, 1946880, Note_on_c, 7, 83, 0
14, 1947136, Note_on_c, 7, 81, 102
14, 1947392, Note_on_c, 7, 81, 0
14, 1947648, Note_on_c, 7, 69, 103
14, 1947904, Note_on_c, 7, 69, 0
14, 1948160, Note_on_c, 7, 69, 103
14, 1948416, Note_on_c, 7, 69, 0
14, 1948672, Note_on_c, 7, 69, 103
14, 1948928, Note_on_c, 7, 69, 0
14, 1949184, Note_on_c, 7, 81, 103
14, 1949440, Note_on_c, 7, 81, 0
14, 1949696, Note_on_c, 7, 80, 104
14, 1949952, Note_on_c, 7, 80, 0
14, 1950208, Note_on_c, 7, 81, 104
14, 1950464, Note_on_c, 7, 81, 0
14, 1950720, Note_on_c, 7, 78, 104
14, 1950976, Note_on_c, 7, 78, 0
14, 1951232, Note_on_c, 7, 74, 105
14, 1951488, Note_on_c, 7, 74, 0
14, 1951744, Note_on_c, 7, 69, 105
14, 1952000, Note_on_c, 7, 69, 0
14, 1952256, Note_on_c, 7, 81, 105
14, 1952512, Note_on_c, 7, 81, 0
14, 1952768, Note_on_c, 7, 83, 105
14, 1953024, Note_on_c, 7, 83, 0
14, 1953280, Note_on_c, 7, 81, 106
14, 1953536, Note_on_c, 7, 81, 0
14, 1953792, Note_on_c, 7, 69, 106
14, 1954048, Note_on_c, 7, 69, 0
14, 1954304, Note_on_c, 7, 69, 106
14, 1954560, Note_on_c, 7, 69, 0
14, 1954816, Note_on_c, 7, 58, 106
14, 1955072, Note_on_c, 7, 58, 0
14, 1955328, Note_on_c, 7, 70, 107
14, 1955584, Note_on_c, 7, 70, 0
14, 1955840, Note_on_c, 7, 70, 107
14, 1956096, Note_on_c, 7, 70, 0
14, 1956352, Note_on_c, 7, 66, 107
14, 1956608, Note_on_c, 7, 66, 0
14, 1956864, Note_on_c, 7, 78, 107
14, 1957120, Note_on_c, 7, 78, 0
14, 1957376, Note_on_c, 7, 78, 108
14, 1957632, Note_on_c, 7, 78, 0
14, 1957888, Note_on_c, 7, 59, 108
14, 1958144, Note_on_c, 7, 59, 0
14, 1958400, Note_on_c, 7, 71, 108
14, 1958656, Note_on_c, 7, 71, 0
14, 1958912, Note_on_c, 7, 71, 108
14, 1959168, Note_on_c, 7, 71, 0
14, 1959424, Note_on_c, 7, 64, 109
14, 1959680, Note_on_c, 7, 64, 0
14, 1959936, Note_on_c, 7, 76, 109
14, 1960192, Note_on_c, 7, 76, 0
14, 1960448, Note_on_c, 7, 76, 109
14, 1960704, Note_on_c, 7, 76, 0
14, 1960960, Note_on_c, 7, 69, 109
14, 1961216, Note_on_c, 7, 69, 0
14, 1961472, Note_on_c, 7, 81, 110
14, 1961728, Note_on_c, 7, 81, 0
14, 1961984, Note_on_c, 7, 81, 110
14, 1962240, Note_on_c, 7, 81, 0
14, 1962496, Note_on_c, 7, 57, 110
14, 1962752, Note_on_c, 7, 57, 0
14, 1963008, Note_on_c, 7, 69, 110
14, 1963264, Note_on_c, 7, 69, 0
14, 1963520, Note_on_c, 7, 69, 111
14, 1963776, Note_on_c, 7, 69, 0
14, 1964032, Note_on_c, 7, 74, 111
14, 1964288, Note_on_c, 7, 74, 0
14, 1964544, Note_on_c, 7, 86, 111
14, 1964800, Note_on_c, 7, 86, 0
14, 1965056, Note_on_c, 7, 84, 111
14, 1965312, Note_on_c, 7, 84, 0
14, 1965568, Note_on_c, 7, 83, 111
14, 1965824, Note_on_c, 7, 83, 0
14, 1966080, Note_on_c, 7, 81, 111
14, 1966336, Note_on_c, 7, 81, 0
14, 1966592, Note_on_c, 7, 79, 111
14, 1966848, Note_on_c, 7, 79, 0
14, 1967104, Note_on_c, 7, 78, 111
14, 1967360, Note_on_c, 7, 78, 0
14, 1967616, Note_on_c, 7, 76, 111
14, 1967872, Note_on_c, 7, 76, 0
14, 1968128, Note_on_c, 7, 74, 111
14, 1968384, Note_on_c, 7, 74, 0
14, 1968640, Note_on_c, 7, 72, 111
14, 1968896, Note_on_c, 7, 72, 0
14, 1969152, Note_on_c, 7, 71, 111
14, 1969408, Note_on_c, 7, 71, 0
14, 1969664, Note_on_c, 7, 69, 111
14, 1969920, Note_on_c, 7, 69, 0
14, 1970176, Note_on_c, 7, 55, 111
14, 1970432, Note_on_c, 7, 55, 0
14, 1970688, Note_on_c, 7, 69, 111
14, 1970944, Note_on_c, 7, 69, 0
14, 1971200, Note_on_c, 7, 71, 111
14, 1971456, Note_on_c, 7, 71, 0
14, 1971712, Note_on_c, 7, 72, 111
14, 1971968, Note_on_c, 7, 72, 0
14, 1972224, Note_on_c, 7, 74, 111
14, 1972480, Note_on_c, 7, 74, 0
14, 1972736, Note_on_c, 7, 76, 111
14, 1972992, Note_on_c, 7, 76, 0
14, 1973248, Note_on_c, 7, 78, 111
14, 1973504, Note_on_c, 7, 78, 0
14, 1973760, Note_on_c, 7, 79, 111
14, 1974016, Note_on_c, 7, 79, 0
14, 1974272, Note_on_c, 7, 81, 111
14, 1974528, Note_on_c, 7, 81, 0
14, 1974784, Note_on_c, 7, 83, 111
14, 1975040, Note_on_c, 7, 83, 0
14, 1975296, Note_on_c, 7, 67, 111
14, 1975552, Note_on_c, 7, 67, 0
14, 1975808, Note_on_c, 7, 67, 111
14, 1976064, Note_on_c, 7, 67, 0
14, 1976320, Note_on_c, 7, 57, 111
14, 1976576, Note_on_c, 7, 57, 0
14, 1976832, Note_on_c, 7, 79, 111
14, 1977088, Note_on_c, 7, 79, 0
14, 1977344, Note_on_c, 7, 78, 111
14, 1977600, Note_on_c, 7, 78, 0
14, 1977856, Note_on_c, 7, 76, 111
14, 1978112, Note_on_c, 7, 76, 0
14, 1978368, Note_on_c, 7, 74, 111
14, 1978624, Note_on_c, 7, 74, 0
14, 1978880, Note_on_c, 7, 73, 111
14, 1979136, Note_on_c, 7, 73, 0
14, 1979392, Note_on_c, 7, 71, 111
14, 1979648, Note_on_c, 7, 71, 0
14, 1979904, Note_on_c, 7, 69, 111
14, 1980160, Note_on_c, 7, 69, 0
14, 1980416, Note_on_c, 7, 74, 111
14, 1980672, Note_on_c, 7, 74, 0
14, 1980928, Note_on_c, 7, 69, 111
14, 1981184, Note_on_c, 7, 69, 0
14, 1981440, Note_on_c, 7, 66, 111
14, 1981696, Note_on_c, 7, 66, 0
14, 1981952, Note_on_c, 7, 62, 111
14, 1982208, Note_on_c, 7, 62, 0
14, 1982464, Note_on_c, 7, 59, 111
14, 1982720, Note_on_c, 7, 59, 0
14, 1982976, Note_on_c, 7, 57, 111
14, 1983232, Note_on_c, 7, 57, 0
14, 1983488, Note_on_c, 7, 56, 111
14, 1983744, Note_on_c, 7, 56, 0
14, 1984000, Note_on_c, 7, 57, 111
14, 1984256, Note_on_c, 7, 57, 0
14, 1984512, Note_on_c, 7, 69, 111
14, 1984768, Note_on_c, 7, 69, 0
14, 1985024, Note_on_c, 7, 69, 111
14, 1985280, Note_on_c, 7, 69, 0
14, 1985536, Note_on_c, 7, 62, 111
14, 1985792, Note_on_c, 7, 62, 0
14, 1986048, Note_on_c, 7, 69, 110
14, 1986304, Note_on_c, 7, 69, 0
14, 1986560, Note_on_c, 7, 68, 109
14, 1986816, Note_on_c, 7, 68, 0
14, 1987072, Note_on_c, 7, 69, 108
14, 1987328, Note_on_c, 7, 69, 0
14, 1987584, Note_on_c, 7, 78, 107
14, 1987840, Note_on_c, 7, 78, 0
14, 1988096, Note_on_c, 7, 74, 106
14, 1988352, Note_on_c, 7, 74, 0
14, 1988608, Note_on_c, 7, 69, 105
14, 1988864, Note_on_c, 7, 69, 0
14, 1989120, Note_on_c, 7, 81, 104
14, 1989376, Note_on_c, 7, 81, 0
14, 1989632, Note_on_c, 7, 80, 104
14, 1989888, Note_on_c, 7, 80, 0
14, 1990144, Note_on_c, 7, 81, 104
14, 1990400, Note_on_c, 7, 81, 0
14, 1990656, Note_on_c, 7, 76, 104
14, 1990912, Note_on_c, 7, 76, 0
14, 1991168, Note_on_c, 7, 73, 105
14, 1991424, Note_on_c, 7, 73, 0
14, 1991680, Note_on_c, 7, 69, 105
14, 1991936, Note_on_c, 7, 69, 0
14, 1992192, Note_on_c, 7, 81, 105
14, 1992448, Note_on_c, 7, 81, 0
14, 1992704, Note_on_c, 7, 80, 105
14, 1992960, Note_on_c, 7, 80, 0
14, 1993216, Note_on_c, 7, 81, 106
14, 1993472, Note_on_c, 7, 81, 0
14, 1993728, Note_on_c, 7, 78, 106
14, 1993984, Note_on_c, 7, 78, 0
14, 1994240, Note_on_c, 7, 74, 106
14, 1994496, Note_on_c, 7, 74, 0
14, 1994752, Note_on_c, 7, 69, 106
14, 1995008, Note_on_c, 7, 69, 0
14, 1995264, Note_on_c, 7, 81, 107
14, 1995520, Note_on_c, 7, 81, 0
14, 1995776, Note_on_c, 7, 83, 107
14, 1996032, Note_on_c, 7, 83, 0
14, 1996288, Note_on_c, 7, 81, 107
14, 1996544, Note_on_c, 7, 81, 0
14, 1996800, Note_on_c, 7, 69, 107
14, 1997056, Note_on_c, 7, 69, 0
14, 1997312, Note_on_c, 7, 69, 108
14, 1997568, Note_on_c, 7, 69, 0
14, 1997824, Note_on_c, 7, 69, 108
14, 1998080, Note_on_c, 7, 69, 0
14, 1998336, Note_on_c, 7, 81, 108
14, 1998592, Note_on_c, 7, 81, 0
14, 1998848, Note_on_c, 7, 80, 108
14, 1999104, Note_on_c, 7, 80, 0
14, 1999360, Note_on_c, 7, 81, 109
14, 1999616, Note_on_c, 7, 81, 0
14, 1999872, Note_on_c, 7, 78, 109
14, 2000128, Note_on_c, 7, 78, 0
14, 2000384, Note_on_c, 7, 74, 109
14, 2000640, Note_on_c, 7, 74, 0
14, 2000896, Note_on_c, 7, 69, 109
14, 2001152, Note_on_c, 7, 69, 0
14, 2001408, Note_on_c, 7, 81, 109
14, 2001664, Note_on_c, 7, 81, 0
14, 2001920, Note_on_c, 7, 83, 110
14, 2002176, Note_on_c, 7, 83, 0
14, 2002432, Note_on_c, 7, 81, 110
14, 2002688, Note_on_c, 7, 81, 0
14, 2002944, Note_on_c, 7, 69, 110
14, 2003200, Note_on_c, 7, 69, 0
14, 2003456, Note_on_c, 7, 69, 110
14, 2003712, Note_on_c, 7, 69, 0
14, 2003968, Note_on_c, 7, 58, 111
14, 2004224, Note_on_c, 7, 58, 0
14, 2004480, Note_on_c, 7, 70, 111
14, 2004736, Note_on_c, 7, 70, 0
14, 2004992, Note_on_c, 7, 70, 111
14, 2005248, Note_on_c, 7, 70, 0
14, 2005504, Note_on_c, 7, 66, 111
14, 2005760, Note_on_c, 7, 66, 0
14, 2006016, Note_on_c, 7, 78, 112
14, 2006272, Note_on_c, 7, 78, 0
14, 2006528, Note_on_c, 7, 78, 112
14, 2006784, Note_on_c, 7, 78, 0
14, 2007040, Note_on_c, 7, 59, 112
14, 2007296, Note_on_c, 7, 59, 0
14, 2007552, Note_on_c, 7, 71, 112
14, 2007808, Note_on_c, 7, 71, 0
14, 2008064, Note_on_c, 7, 71, 113
14, 2008320, Note_on_c, 7, 71, 0
14, 2008576, Note_on_c, 7, 64, 113
14, 2008832, Note_on_c, 7, 64, 0
14, 2009088, Note_on_c, 7, 76, 113
14, 2009344, Note_on_c, 7, 76, 0
14, 2009600, Note_on_c, 7, 76, 113
14, 2009856, Note_on_c, 7, 76, 0
14, 2010112, Note_on_c, 7, 69, 114
14, 2010368, Note_on_c, 7, 69, 0
14, 2010624, Note_on_c, 7, 81, 114
14, 2010880, Note_on_c, 7, 81, 0
14, 2011136, Note_on_c, 7, 81, 114
14, 2011392, Note_on_c, 7, 81, 0
14, 2011648, Note_on_c, 7, 57, 114
14, 2011904, Note_on_c, 7, 57, 0
14, 2012160, Note_on_c, 7, 69, 114
14, 2012416, Note_on_c, 7, 69, 0
14, 2012672, Note_on_c, 7, 69, 114
14, 2012928, Note_on_c, 7, 69, 0
14, 2013184, Note_on_c, 7, 62, 114
14, 2013440, Note_on_c, 7, 62, 0
14, 2013696, Note_on_c, 7, 86, 113
14, 2013952, Note_on_c, 7, 86, 0
14, 2014208, Note_on_c, 7, 84, 113
14, 2014464, Note_on_c, 7, 84, 0
14, 2014720, Note_on_c, 7, 83, 113
14, 2014976, Note_on_c, 7, 83, 0
14, 2015232, Note_on_c, 7, 81, 113
14, 2015488, Note_on_c, 7, 81, 0
14, 2015744, Note_on_c, 7, 79, 112
14, 2016000, Note_on_c, 7, 79, 0
14, 2016256, Note_on_c, 7, 78, 112
14, 2016512, Note_on_c, 7, 78, 0
14, 2016768, Note_on_c, 7, 76, 112
14, 2017024, Note_on_c, 7, 76, 0
14, 2017280, Note_on_c, 7, 74, 112
14, 2017536, Note_on_c, 7, 74, 0
14, 2017792, Note_on_c, 7, 72, 112
14, 2018048, Note_on_c, 7, 72, 0
14, 2018304, Note_on_c, 7, 71, 111
14, 2018560, Note_on_c, 7, 71, 0
14, 2018816, Note_on_c, 7, 69, 111
14, 2019072, Note_on_c, 7, 69, 0
14, 2019328, Note_on_c, 7, 55, 111
14, 2019584, Note_on_c, 7, 55, 0
14, 2019840, Note_on_c, 7, 69, 111
14, 2020096, Note_on_c, 7, 69, 0
14, 2020352, Note_on_c, 7, 71, 110
14, 2020608, Note_on_c, 7, 71, 0
14, 2020864, Note_on_c, 7, 72, 110
14, 2021120, Note_on_c, 7, 72, 0
14, 2021376, Note_on_c, 7, 74, 110
14, 2021632, Note_on_c, 7, 74, 0
14, 2021888, Note_on_c, 7, 76, 110
14, 2022144, Note_on_c, 7, 76, 0
14, 2022400, Note_on_c, 7, 78, 109
14, 2022656, Note_on_c, 7, 78, 0
14, 2022912, Note_on_c, 7, 79, 109
14, 2023168, Note_on_c, 7, 79, 0
14, 2023424, Note_on_c, 7, 81, 109
14, 2023680, Note_on_c, 7, 81, 0
14, 2023936, Note_on_c, 7, 83, 109
14, 2024192, Note_on_c, 7, 83, 0
14, 2024448, Note_on_c, 7, 67, 108
14, 2024704, Note_on_c, 7, 67, 0
14, 2024960, Note_on_c, 7, 67, 108
14, 2025216, Note_on_c, 7, 67, 0
14, 2025472, Note_on_c, 7, 57, 108
14, 2025728, Note_on_c, 7, 57, 0
14, 2025984, Note_on_c, 7, 79, 108
14, 2026240, Note_on_c, 7, 79, 0
14, 2026496, Note_on_c, 7, 78, 107
14, 2026752, Note_on_c, 7, 78, 0
14, 2027008, Note_on_c, 7, 76, 107
14, 2027264, Note_on_c, 7, 76, 0
14, 2027520, Note_on_c, 7, 74, 107
14, 2027776, Note_on_c, 7, 74, 0
14, 2028032, Note_on_c, 7, 73, 107
14, 2028288, Note_on_c, 7, 73, 0
14, 2028544, Note_on_c, 7, 71, 106
14, 2028800, Note_on_c, 7, 71, 0
14, 2029056, Note_on_c, 7, 69, 106
14, 2029312, Note_on_c, 7, 69, 0
14, 2029568, Note_on_c, 7, 74, 106
14, 2029824, Note_on_c, 7, 74, 0
14, 2030080, Note_on_c, 7, 69, 106
14, 2030336, Note_on_c, 7, 69, 0
14, 2030592, Note_on_c, 7, 66, 105
14, 2030848, Note_on_c, 7, 66, 0
14, 2031104, Note_on_c, 7, 62, 105
14, 2031360, Note_on_c, 7, 62, 0
14, 2031616, Note_on_c, 7, 59, 105
14, 2031872, Note_on_c, 7, 59, 0
14, 2032128, Note_on_c, 7, 57, 105
14, 2032384, Note_on_c, 7, 57, 0
14, 2032640, Note_on_c, 7, 56, 105
14, 2032896, Note_on_c, 7, 56, 0
14, 2033152, Note_on_c, 7, 57, 104
14, 2033408, Note_on_c, 7, 57, 0
14, 2033664, Note_on_c, 7, 69, 104
14, 2033920, Note_on_c, 7, 69, 0
14, 2034176, Note_on_c, 7, 69, 104
14, 2034432, Note_on_c, 7, 69, 0
14, 2034688, Note_on_c, 7, 62, 104
14, 2034944, Note_on_c, 7, 62, 0
14, 2035200, Note_on_c, 7, 74, 104
14, 2035456, Note_on_c, 7, 74, 0
14, 2035712, Note_on_c, 7, 73, 104
14, 2035968, Note_on_c, 7, 73, 0
14, 2036224, Note_on_c, 7, 74, 104
14, 2036480, Note_on_c, 7, 74, 0
14, 2036736, Note_on_c, 7, 78, 104
14, 2036992, Note_on_c, 7, 78, 0
14, 2037248, Note_on_c, 7, 81, 104
14, 2037504, Note_on_c, 7, 81, 0
14, 2037760, Note_on_c, 7, 86, 118
14, 2038016, Note_on_c, 7, 86, 0
14, 2038272, Note_on_c, 7, 62, 104
14, 2038528, Note_on_c, 7, 62, 0
14, 2038784, Note_on_c, 7, 61, 104
14, 2039040, Note_on_c, 7, 61, 0
14, 2039296, Note_on_c, 7, 62, 104
14, 2039552, Note_on_c, 7, 62, 0
14, 2039808, Note_on_c, 7, 66, 104
14, 2040064, Note_on_c, 7, 66, 0
14, 2040320, Note_on_c, 7, 69, 104
14, 2040576, Note_on_c, 7, 69, 0
14, 2040832, Note_on_c, 7, 72, 104
14, 2041088, Note_on_c, 7, 72, 0
14, 2041344, Note_on_c, 7, 64, 104
14, 2041600, Note_on_c, 7, 64, 0
14, 2041856, Note_on_c, 7, 62, 104
14, 2042112, Note_on_c, 7, 62, 0
14, 2042368, Note_on_c, 7, 60, 104
14, 2042624, Note_on_c, 7, 60, 0
14, 2042880, Note_on_c, 7, 59, 104
14, 2043136, Note_on_c, 7, 59, 0
14, 2043392, Note_on_c, 7, 57, 104
14, 2043648, Note_on_c, 7, 57, 0
14, 2043904, Note_on_c, 7, 55, 118
14, 2044160, Note_on_c, 7, 55, 0
14, 2044416, Note_on_c, 7, 59, 105
14, 2044672, Note_on_c, 7, 59, 0
14, 2044928, Note_on_c, 7, 62, 107
14, 2045184, Note_on_c, 7, 62, 0
14, 2045440, Note_on_c, 7, 67, 108
14, 2045696, Note_on_c, 7, 67, 0
14, 2045952, Note_on_c, 7, 71, 110
14, 2046208, Note_on_c, 7, 71, 0
14, 2046464, Note_on_c, 7, 74, 111
14, 2046720, Note_on_c, 7, 74, 0
14, 2046976, Note_on_c, 7, 79, 113
14, 2047724, Note_on_c, 7, 79, 0
14, 2050048, End_track
15, 0, Start_track
15, 0, Title_t, "Viola"
15, 0, Program_c, 8, 48
15, 0, Control_c, 8, 121, 127
15, 0, Control_c, 8, 91, 127
15, 0, Control_c, 8, 1, 10
15, 0, Control_c, 8, 10, 70
15, 0, Control_c, 8, 11, 100
15, 108544, Note_on_c, 8, 54, 103
15, 108544, Note_on_c, 8, 57, 103
15, 108954, Note_on_c, 8, 54, 0
15, 108954, Note_on_c, 8, 57, 0
15, 139264, Program_c, 8, 45
15, 139264, Note_on_c, 8, 64, 45
15, 140288, Note_on_c, 8, 64, 0
15, 142336, Note_on_c, 8, 57, 45
15, 143360, Note_on_c, 8, 57, 0
15, 145408, Note_on_c, 8, 52, 44
15, 146432, Note_on_c, 8, 52, 0
15, 148480, Note_on_c, 8, 57, 44
15, 149504, Note_on_c, 8, 57, 0
15, 151552, Note_on_c, 8, 60, 44
15, 152576, Note_on_c, 8, 60, 0
15, 154624, Note_on_c, 8, 53, 44
15, 155648, Note_on_c, 8, 53, 0
15, 157696, Note_on_c, 8, 48, 44
15, 157696, Note_on_c, 8, 60, 44
15, 158720, Note_on_c, 8, 48, 0
15, 158720, Note_on_c, 8, 60, 0
15, 160768, Note_on_c, 8, 53, 42
15, 161792, Note_on_c, 8, 53, 0
15, 163840, Program_c, 8, 48
15, 380928, Note_on_c, 8, 66, 41
15, 382976, Note_on_c, 8, 66, 0
15, 382976, Note_on_c, 8, 67, 42
15, 384000, Note_on_c, 8, 67, 0
15, 384000, Note_on_c, 8, 69, 43
15, 385024, Note_on_c, 8, 69, 0
15, 385024, Note_on_c, 8, 69, 43
15, 386048, Note_on_c, 8, 69, 0
15, 386048, Note_on_c, 8, 67, 44
15, 387072, Note_on_c, 8, 67, 0
15, 387072, Note_on_c, 8, 66, 45
15, 388096, Note_on_c, 8, 66, 0
15, 388096, Note_on_c, 8, 64, 46
15, 389120, Note_on_c, 8, 64, 0
15, 389120, Note_on_c, 8, 62, 46
15, 391168, Note_on_c, 8, 62, 0
15, 391168, Note_on_c, 8, 64, 44
15, 392192, Note_on_c, 8, 64, 0
15, 392192, Note_on_c, 8, 66, 43
15, 393216, Note_on_c, 8, 66, 0
15, 393216, Note_on_c, 8, 66, 41
15, 394752, Note_on_c, 8, 66, 0
15, 394752, Note_on_c, 8, 64, 38
15, 395264, Note_on_c, 8, 64, 0
15, 395264, Note_on_c, 8, 64, 38
15, 396902, Note_on_c, 8, 64, 0
15, 397312, Note_on_c, 8, 66, 35
15, 399360, Note_on_c, 8, 66, 0
15, 399360, Note_on_c, 8, 67, 38
15, 400384, Note_on_c, 8, 67, 0
15, 400384, Note_on_c, 8, 69, 39
15, 401408, Note_on_c, 8, 69, 0
15, 401408, Note_on_c, 8, 69, 41
15, 402432, Note_on_c, 8, 69, 0
15, 402432, Note_on_c, 8, 67, 42
15, 403456, Note_on_c, 8, 67, 0
15, 403456, Note_on_c, 8, 66, 43
15, 404480, Note_on_c, 8, 66, 0
15, 404480, Note_on_c, 8, 64, 45
15, 405504, Note_on_c, 8, 64, 0
15, 405504, Note_on_c, 8, 62, 46
15, 407552, Note_on_c, 8, 62, 0
15, 407552, Note_on_c, 8, 64, 43
15, 408576, Note_on_c, 8, 64, 0
15, 408576, Note_on_c, 8, 66, 42
15, 409600, Note_on_c, 8, 66, 0
15, 409600, Note_on_c, 8, 64, 40
15, 411136, Note_on_c, 8, 64, 0
15, 411136, Note_on_c, 8, 62, 38
15, 411648, Note_on_c, 8, 62, 0
15, 411648, Note_on_c, 8, 62, 37
15, 413286, Note_on_c, 8, 62, 0
15, 413696, Note_on_c, 8, 64, 36
15, 415744, Note_on_c, 8, 64, 0
15, 415744, Note_on_c, 8, 66, 38
15, 416768, Note_on_c, 8, 66, 0
15, 416768, Note_on_c, 8, 62, 40
15, 417792, Note_on_c, 8, 62, 0
15, 417792, Note_on_c, 8, 64, 41
15, 418816, Note_on_c, 8, 64, 0
15, 418816, Note_on_c, 8, 66, 42
15, 419328, Note_on_c, 8, 66, 0
15, 419328, Note_on_c, 8, 67, 43
15, 419840, Note_on_c, 8, 67, 0
15, 419840, Note_on_c, 8, 66, 44
15, 420864, Note_on_c, 8, 66, 0
15, 420864, Note_on_c, 8, 62, 45
15, 421888, Note_on_c, 8, 62, 0
15, 421888, Note_on_c, 8, 64, 46
15, 422912, Note_on_c, 8, 64, 0
15, 422912, Note_on_c, 8, 66, 47
15, 423424, Note_on_c, 8, 66, 0
15, 423424, Note_on_c, 8, 67, 48
15, 423936, Note_on_c, 8, 67, 0
15, 423936, Note_on_c, 8, 66, 49
15, 424960, Note_on_c, 8, 66, 0
15, 424960, Note_on_c, 8, 64, 50
15, 425984, Note_on_c, 8, 64, 0
15, 425984, Note_on_c, 8, 62, 48
15, 427008, Note_on_c, 8, 62, 0
15, 427008, Note_on_c, 8, 64, 51
15, 428032, Note_on_c, 8, 64, 0
15, 428032, Note_on_c, 8, 57, 55
15, 428851, Note_on_c, 8, 57, 0
15, 429056, Note_on_c, 8, 66, 59
15, 431104, Note_on_c, 8, 66, 0
15, 431104, Note_on_c, 8, 66, 37
15, 432128, Note_on_c, 8, 66, 0
15, 432128, Note_on_c, 8, 67, 37
15, 433152, Note_on_c, 8, 67, 0
15, 433152, Note_on_c, 8, 69, 38
15, 434176, Note_on_c, 8, 69, 0
15, 434176, Note_on_c, 8, 69, 38
15, 435200, Note_on_c, 8, 69, 0
15, 435200, Note_on_c, 8, 67, 38
15, 436224, Note_on_c, 8, 67, 0
15, 436224, Note_on_c, 8, 66, 39
15, 437248, Note_on_c, 8, 66, 0
15, 437248, Note_on_c, 8, 64, 39
15, 438272, Note_on_c, 8, 64, 0
15, 438272, Note_on_c, 8, 62, 39
15, 440320, Note_on_c, 8, 62, 0
15, 440320, Note_on_c, 8, 64, 36
15, 441344, Note_on_c, 8, 64, 0
15, 441344, Note_on_c, 8, 66, 35
15, 442368, Note_on_c, 8, 66, 0
15, 442368, Note_on_c, 8, 64, 35
15, 443904, Note_on_c, 8, 64, 0
15, 443904, Note_on_c, 8, 62, 34
15, 444416, Note_on_c, 8, 62, 0
15, 444416, Note_on_c, 8, 62, 33
15, 446054, Note_on_c, 8, 62, 0
15, 446464, Note_on_c, 8, 64, 36
15, 448512, Note_on_c, 8, 64, 0
15, 448512, Note_on_c, 8, 66, 38
15, 449536, Note_on_c, 8, 66, 0
15, 449536, Note_on_c, 8, 62, 39
15, 450560, Note_on_c, 8, 62, 0
15, 450560, Note_on_c, 8, 64, 41
15, 451584, Note_on_c, 8, 64, 0
15, 451584, Note_on_c, 8, 66, 42
15, 452096, Note_on_c, 8, 66, 0
15, 452096, Note_on_c, 8, 67, 42
15, 452608, Note_on_c, 8, 67, 0
15, 452608, Note_on_c, 8, 66, 43
15, 453632, Note_on_c, 8, 66, 0
15, 453632, Note_on_c, 8, 62, 44
15, 454656, Note_on_c, 8, 62, 0
15, 454656, Note_on_c, 8, 64, 46
15, 455680, Note_on_c, 8, 64, 0
15, 455680, Note_on_c, 8, 66, 47
15, 456192, Note_on_c, 8, 66, 0
15, 456192, Note_on_c, 8, 67, 47
15, 456704, Note_on_c, 8, 67, 0
15, 456704, Note_on_c, 8, 66, 48
15, 457728, Note_on_c, 8, 66, 0
15, 457728, Note_on_c, 8, 64, 49
15, 458752, Note_on_c, 8, 64, 0
15, 458752, Note_on_c, 8, 62, 50
15, 459776, Note_on_c, 8, 62, 0
15, 459776, Note_on_c, 8, 64, 55
15, 460800, Note_on_c, 8, 64, 0
15, 460800, Note_on_c, 8, 57, 60
15, 461619, Note_on_c, 8, 57, 0
15, 461824, Note_on_c, 8, 66, 65
15, 463872, Note_on_c, 8, 66, 0
15, 463872, Note_on_c, 8, 66, 45
15, 464896, Note_on_c, 8, 66, 0
15, 464896, Note_on_c, 8, 67, 45
15, 465920, Note_on_c, 8, 67, 0
15, 465920, Note_on_c, 8, 69, 46
15, 466944, Note_on_c, 8, 69, 0
15, 466944, Note_on_c, 8, 69, 47
15, 467968, Note_on_c, 8, 69, 0
15, 467968, Note_on_c, 8, 67, 48
15, 468992, Note_on_c, 8, 67, 0
15, 468992, Note_on_c, 8, 66, 49
15, 470016, Note_on_c, 8, 66, 0
15, 470016, Note_on_c, 8, 64, 49
15, 471040, Note_on_c, 8, 64, 0
15, 471040, Note_on_c, 8, 62, 50
15, 473088, Note_on_c, 8, 62, 0
15, 473088, Note_on_c, 8, 64, 49
15, 474112, Note_on_c, 8, 64, 0
15, 474112, Note_on_c, 8, 66, 48
15, 475136, Note_on_c, 8, 66, 0
15, 475136, Note_on_c, 8, 64, 47
15, 476672, Note_on_c, 8, 64, 0
15, 476672, Note_on_c, 8, 62, 45
15, 477184, Note_on_c, 8, 62, 0
15, 477184, Note_on_c, 8, 62, 44
15, 479232, Note_on_c, 8, 62, 0
15, 479232, Note_on_c, 8, 69, 44
15, 481280, Note_on_c, 8, 69, 0
15, 481280, Note_on_c, 8, 62, 45
15, 483328, Note_on_c, 8, 62, 0
15, 483328, Note_on_c, 8, 59, 47
15, 484864, Note_on_c, 8, 59, 0
15, 484864, Note_on_c, 8, 61, 48
15, 485376, Note_on_c, 8, 61, 0
15, 485376, Note_on_c, 8, 62, 49
15, 486400, Note_on_c, 8, 62, 0
15, 486400, Note_on_c, 8, 67, 49
15, 488448, Note_on_c, 8, 67, 0
15, 488448, Note_on_c, 8, 66, 47
15, 489472, Note_on_c, 8, 66, 0
15, 489472, Note_on_c, 8, 64, 46
15, 490496, Note_on_c, 8, 64, 0
15, 490496, Note_on_c, 8, 62, 44
15, 492544, Note_on_c, 8, 62, 0
15, 492544, Note_on_c, 8, 61, 41
15, 493568, Note_on_c, 8, 61, 0
15, 493568, Note_on_c, 8, 59, 40
15, 494592, Note_on_c, 8, 59, 0
15, 494592, Note_on_c, 8, 57, 39
15, 495616, Note_on_c, 8, 57, 0
15, 495616, Note_on_c, 8, 69, 38
15, 497664, Note_on_c, 8, 69, 0
15, 497664, Note_on_c, 8, 62, 42
15, 499712, Note_on_c, 8, 62, 0
15, 499712, Note_on_c, 8, 59, 44
15, 501248, Note_on_c, 8, 59, 0
15, 501248, Note_on_c, 8, 61, 45
15, 501760, Note_on_c, 8, 61, 0
15, 501760, Note_on_c, 8, 62, 46
15, 502784, Note_on_c, 8, 62, 0
15, 502784, Note_on_c, 8, 67, 46
15, 504832, Note_on_c, 8, 67, 0
15, 504832, Note_on_c, 8, 66, 48
15, 505344, Note_on_c, 8, 66, 0
15, 505344, Note_on_c, 8, 64, 48
15, 505856, Note_on_c, 8, 64, 0
15, 505856, Note_on_c, 8, 62, 48
15, 506368, Note_on_c, 8, 62, 0
15, 506368, Note_on_c, 8, 61, 48
15, 506880, Note_on_c, 8, 61, 0
15, 506880, Note_on_c, 8, 59, 48
15, 507392, Note_on_c, 8, 59, 0
15, 507392, Note_on_c, 8, 57, 48
15, 507904, Note_on_c, 8, 57, 0
15, 507904, Note_on_c, 8, 55, 48
15, 508928, Note_on_c, 8, 55, 0
15, 508928, Note_on_c, 8, 57, 47
15, 509952, Note_on_c, 8, 57, 0
15, 509952, Note_on_c, 8, 54, 47
15, 510771, Note_on_c, 8, 54, 0
15, 510976, Note_on_c, 8, 66, 47
15, 512000, Note_on_c, 8, 66, 0
15, 512000, Note_on_c, 8, 67, 48
15, 514048, Note_on_c, 8, 67, 0
15, 514048, Note_on_c, 8, 69, 51
15, 515072, Note_on_c, 8, 69, 0
15, 515072, Note_on_c, 8, 59, 53
15, 516096, Note_on_c, 8, 59, 0
15, 516096, Note_on_c, 8, 61, 55
15, 518144, Note_on_c, 8, 61, 0
15, 518144, Note_on_c, 8, 62, 59
15, 519168, Note_on_c, 8, 62, 0
15, 519168, Note_on_c, 8, 64, 61
15, 519680, Note_on_c, 8, 64, 0
15, 519680, Note_on_c, 8, 66, 62
15, 520192, Note_on_c, 8, 66, 0
15, 520192, Note_on_c, 8, 67, 63
15, 522240, Note_on_c, 8, 67, 0
15, 522240, Note_on_c, 8, 69, 67
15, 522752, Note_on_c, 8, 69, 0
15, 522752, Note_on_c, 8, 57, 68
15, 523264, Note_on_c, 8, 57, 0
15, 523264, Note_on_c, 8, 58, 69
15, 524288, Note_on_c, 8, 58, 0
15, 524288, Note_on_c, 8, 59, 71
15, 525312, Note_on_c, 8, 59, 0
15, 525312, Note_on_c, 8, 61, 73
15, 527360, Note_on_c, 8, 61, 0
15, 527360, Note_on_c, 8, 62, 84
15, 528384, Note_on_c, 8, 62, 0
15, 528384, Note_on_c, 8, 69, 55
15, 530432, Note_on_c, 8, 69, 0
15, 530432, Note_on_c, 8, 60, 54
15, 532480, Note_on_c, 8, 60, 0
15, 532480, Note_on_c, 8, 59, 56
15, 534016, Note_on_c, 8, 59, 0
15, 534016, Note_on_c, 8, 61, 57
15, 534528, Note_on_c, 8, 61, 0
15, 534528, Note_on_c, 8, 62, 58
15, 535552, Note_on_c, 8, 62, 0
15, 535552, Note_on_c, 8, 67, 59
15, 537600, Note_on_c, 8, 67, 0
15, 537600, Note_on_c, 8, 66, 61
15, 538112, Note_on_c, 8, 66, 0
15, 538112, Note_on_c, 8, 64, 60
15, 538624, Note_on_c, 8, 64, 0
15, 538624, Note_on_c, 8, 62, 59
15, 539136, Note_on_c, 8, 62, 0
15, 539136, Note_on_c, 8, 61, 58
15, 539648, Note_on_c, 8, 61, 0
15, 539648, Note_on_c, 8, 59, 57
15, 540160, Note_on_c, 8, 59, 0
15, 540160, Note_on_c, 8, 57, 56
15, 540672, Note_on_c, 8, 57, 0
15, 540672, Note_on_c, 8, 55, 57
15, 541696, Note_on_c, 8, 55, 0
15, 541696, Note_on_c, 8, 57, 57
15, 542720, Note_on_c, 8, 57, 0
15, 542720, Note_on_c, 8, 54, 57
15, 543539, Note_on_c, 8, 54, 0
15, 543744, Note_on_c, 8, 66, 57
15, 544768, Note_on_c, 8, 66, 0
15, 544768, Note_on_c, 8, 67, 57
15, 546816, Note_on_c, 8, 67, 0
15, 546816, Note_on_c, 8, 69, 58
15, 547840, Note_on_c, 8, 69, 0
15, 547840, Note_on_c, 8, 59, 60
15, 548864, Note_on_c, 8, 59, 0
15, 548864, Note_on_c, 8, 61, 62
15, 550912, Note_on_c, 8, 61, 0
15, 550912, Note_on_c, 8, 62, 65
15, 551936, Note_on_c, 8, 62, 0
15, 551936, Note_on_c, 8, 64, 67
15, 552448, Note_on_c, 8, 64, 0
15, 552448, Note_on_c, 8, 66, 68
15, 552960, Note_on_c, 8, 66, 0
15, 552960, Note_on_c, 8, 67, 68
15, 555008, Note_on_c, 8, 67, 0
15, 555008, Note_on_c, 8, 69, 72
15, 555520, Note_on_c, 8, 69, 0
15, 555520, Note_on_c, 8, 57, 73
15, 556032, Note_on_c, 8, 57, 0
15, 556032, Note_on_c, 8, 58, 73
15, 557056, Note_on_c, 8, 58, 0
15, 557056, Note_on_c, 8, 59, 75
15, 558080, Note_on_c, 8, 59, 0
15, 558080, Note_on_c, 8, 61, 80
15, 560128, Note_on_c, 8, 61, 0
15, 560128, Note_on_c, 8, 62, 92
15, 561152, Note_on_c, 8, 62, 0
15, 561152, Note_on_c, 8, 69, 71
15, 563200, Note_on_c, 8, 69, 0
15, 563200, Note_on_c, 8, 60, 73
15, 565248, Note_on_c, 8, 60, 0
15, 565248, Note_on_c, 8, 59, 75
15, 566784, Note_on_c, 8, 59, 0
15, 566784, Note_on_c, 8, 61, 77
15, 567296, Note_on_c, 8, 61, 0
15, 567296, Note_on_c, 8, 62, 77
15, 568320, Note_on_c, 8, 62, 0
15, 568320, Note_on_c, 8, 67, 79
15, 570368, Note_on_c, 8, 67, 0
15, 570368, Note_on_c, 8, 66, 81
15, 570880, Note_on_c, 8, 66, 0
15, 570880, Note_on_c, 8, 64, 81
15, 571392, Note_on_c, 8, 64, 0
15, 571392, Note_on_c, 8, 62, 82
15, 571904, Note_on_c, 8, 62, 0
15, 571904, Note_on_c, 8, 61, 82
15, 572416, Note_on_c, 8, 61, 0
15, 572416, Note_on_c, 8, 59, 82
15, 572928, Note_on_c, 8, 59, 0
15, 572928, Note_on_c, 8, 57, 82
15, 573440, Note_on_c, 8, 57, 0
15, 573440, Note_on_c, 8, 55, 82
15, 574464, Note_on_c, 8, 55, 0
15, 574464, Note_on_c, 8, 57, 82
15, 575488, Note_on_c, 8, 57, 0
15, 575488, Note_on_c, 8, 54, 82
15, 576000, Note_on_c, 8, 54, 0
15, 576000, Note_on_c, 8, 59, 82
15, 576512, Note_on_c, 8, 59, 0
15, 576512, Note_on_c, 8, 57, 85
15, 577024, Note_on_c, 8, 57, 0
15, 577024, Note_on_c, 8, 55, 91
15, 577536, Note_on_c, 8, 55, 0
15, 577536, Note_on_c, 8, 54, 98
15, 577536, Note_on_c, 8, 62, 98
15, 578048, Note_on_c, 8, 54, 0
15, 578048, Note_on_c, 8, 62, 0
15, 579072, Note_on_c, 8, 50, 99
15, 579482, Note_on_c, 8, 50, 0
15, 579584, Note_on_c, 8, 62, 99
15, 580096, Note_on_c, 8, 62, 0
15, 581120, Note_on_c, 8, 50, 99
15, 581530, Note_on_c, 8, 50, 0
15, 581632, Note_on_c, 8, 69, 99
15, 582144, Note_on_c, 8, 69, 0
15, 583168, Note_on_c, 8, 57, 99
15, 583578, Note_on_c, 8, 57, 0
15, 583680, Note_on_c, 8, 69, 99
15, 584192, Note_on_c, 8, 69, 0
15, 585216, Note_on_c, 8, 57, 99
15, 585626, Note_on_c, 8, 57, 0
15, 585728, Note_on_c, 8, 57, 99
15, 585728, Note_on_c, 8, 66, 99
15, 585728, Note_on_c, 8, 74, 99
15, 586240, Note_on_c, 8, 57, 0
15, 586240, Note_on_c, 8, 66, 0
15, 586240, Note_on_c, 8, 74, 0
15, 588800, Note_on_c, 8, 57, 99
15, 588800, Note_on_c, 8, 66, 99
15, 588800, Note_on_c, 8, 74, 99
15, 589312, Note_on_c, 8, 57, 0
15, 589312, Note_on_c, 8, 66, 0
15, 589312, Note_on_c, 8, 74, 0
15, 589824, Note_on_c, 8, 57, 99
15, 589824, Note_on_c, 8, 66, 99
15, 589824, Note_on_c, 8, 74, 99
15, 590336, Note_on_c, 8, 57, 0
15, 590336, Note_on_c, 8, 66, 0
15, 590336, Note_on_c, 8, 74, 0
15, 591872, Note_on_c, 8, 57, 99
15, 591872, Note_on_c, 8, 64, 99
15, 591872, Note_on_c, 8, 73, 99
15, 592384, Note_on_c, 8, 57, 0
15, 592384, Note_on_c, 8, 64, 0
15, 592384, Note_on_c, 8, 73, 0
15, 593920, Note_on_c, 8, 62, 99
15, 593920, Note_on_c, 8, 74, 99
15, 594432, Note_on_c, 8, 62, 0
15, 594432, Note_on_c, 8, 74, 0
15, 595456, Note_on_c, 8, 50, 99
15, 595866, Note_on_c, 8, 50, 0
15, 595968, Note_on_c, 8, 62, 99
15, 596480, Note_on_c, 8, 62, 0
15, 597504, Note_on_c, 8, 50, 99
15, 597914, Note_on_c, 8, 50, 0
15, 598016, Note_on_c, 8, 69, 99
15, 598528, Note_on_c, 8, 69, 0
15, 599552, Note_on_c, 8, 57, 99
15, 599962, Note_on_c, 8, 57, 0
15, 600064, Note_on_c, 8, 69, 99
15, 600576, Note_on_c, 8, 69, 0
15, 601600, Note_on_c, 8, 57, 99
15, 602010, Note_on_c, 8, 57, 0
15, 602112, Note_on_c, 8, 62, 99
15, 602624, Note_on_c, 8, 62, 0
15, 605184, Note_on_c, 8, 57, 99
15, 605184, Note_on_c, 8, 66, 99
15, 605184, Note_on_c, 8, 74, 99
15, 605696, Note_on_c, 8, 57, 0
15, 605696, Note_on_c, 8, 66, 0
15, 605696, Note_on_c, 8, 74, 0
15, 606208, Note_on_c, 8, 57, 99
15, 606208, Note_on_c, 8, 64, 99
15, 606208, Note_on_c, 8, 73, 99
15, 606720, Note_on_c, 8, 57, 0
15, 606720, Note_on_c, 8, 64, 0
15, 606720, Note_on_c, 8, 73, 0
15, 608256, Note_on_c, 8, 57, 99
15, 608256, Note_on_c, 8, 66, 99
15, 608256, Note_on_c, 8, 74, 99
15, 608768, Note_on_c, 8, 57, 0
15, 608768, Note_on_c, 8, 66, 0
15, 608768, Note_on_c, 8, 74, 0
15, 610304, Note_on_c, 8, 57, 98
15, 610304, Note_on_c, 8, 64, 98
15, 610304, Note_on_c, 8, 73, 98
15, 610816, Note_on_c, 8, 57, 0
15, 610816, Note_on_c, 8, 64, 0
15, 610816, Note_on_c, 8, 73, 0
15, 611840, Note_on_c, 8, 57, 98
15, 612250, Note_on_c, 8, 57, 0
15, 612352, Note_on_c, 8, 69, 98
15, 612864, Note_on_c, 8, 69, 0
15, 613376, Note_on_c, 8, 57, 98
15, 613376, Note_on_c, 8, 66, 98
15, 613376, Note_on_c, 8, 74, 98
15, 613888, Note_on_c, 8, 57, 0
15, 613888, Note_on_c, 8, 66, 0
15, 613888, Note_on_c, 8, 74, 0
15, 614400, Note_on_c, 8, 57, 98
15, 614400, Note_on_c, 8, 64, 98
15, 614400, Note_on_c, 8, 73, 98
15, 614912, Note_on_c, 8, 57, 0
15, 614912, Note_on_c, 8, 64, 0
15, 614912, Note_on_c, 8, 73, 0
15, 615936, Note_on_c, 8, 57, 98
15, 616346, Note_on_c, 8, 57, 0
15, 616448, Note_on_c, 8, 69, 97
15, 616960, Note_on_c, 8, 69, 0
15, 617472, Note_on_c, 8, 57, 97
15, 617472, Note_on_c, 8, 66, 97
15, 617472, Note_on_c, 8, 74, 97
15, 617984, Note_on_c, 8, 57, 0
15, 617984, Note_on_c, 8, 66, 0
15, 617984, Note_on_c, 8, 74, 0
15, 618496, Note_on_c, 8, 57, 97
15, 618496, Note_on_c, 8, 64, 97
15, 618496, Note_on_c, 8, 73, 97
15, 619008, Note_on_c, 8, 57, 0
15, 619008, Note_on_c, 8, 64, 0
15, 619008, Note_on_c, 8, 73, 0
15, 620032, Note_on_c, 8, 57, 97
15, 620442, Note_on_c, 8, 57, 0
15, 620544, Note_on_c, 8, 61, 97
15, 620544, Note_on_c, 8, 66, 97
15, 620954, Note_on_c, 8, 61, 0
15, 620954, Note_on_c, 8, 66, 0
15, 621568, Note_on_c, 8, 61, 100
15, 621568, Note_on_c, 8, 64, 100
15, 621978, Note_on_c, 8, 61, 0
15, 621978, Note_on_c, 8, 64, 0
15, 622592, Note_on_c, 8, 59, 101
15, 622592, Note_on_c, 8, 62, 101
15, 623002, Note_on_c, 8, 59, 0
15, 623002, Note_on_c, 8, 62, 0
15, 623616, Note_on_c, 8, 52, 103
15, 623616, Note_on_c, 8, 59, 103
15, 624026, Note_on_c, 8, 52, 0
15, 624026, Note_on_c, 8, 59, 0
15, 624640, Note_on_c, 8, 57, 104
15, 625050, Note_on_c, 8, 57, 0
15, 625664, Note_on_c, 8, 50, 101
15, 625664, Note_on_c, 8, 57, 101
15, 625664, Note_on_c, 8, 66, 101
15, 626074, Note_on_c, 8, 50, 0
15, 626074, Note_on_c, 8, 57, 0
15, 626074, Note_on_c, 8, 66, 0
15, 626688, Note_on_c, 8, 50, 101
15, 626688, Note_on_c, 8, 57, 101
15, 626688, Note_on_c, 8, 66, 101
15, 627200, Note_on_c, 8, 50, 0
15, 627200, Note_on_c, 8, 57, 0
15, 627200, Note_on_c, 8, 66, 0
15, 628224, Note_on_c, 8, 50, 101
15, 628634, Note_on_c, 8, 50, 0
15, 628736, Note_on_c, 8, 62, 101
15, 629248, Note_on_c, 8, 62, 0
15, 630272, Note_on_c, 8, 50, 101
15, 630682, Note_on_c, 8, 50, 0
15, 630784, Note_on_c, 8, 57, 101
15, 630784, Note_on_c, 8, 69, 101
15, 631296, Note_on_c, 8, 57, 0
15, 631296, Note_on_c, 8, 69, 0
15, 632320, Note_on_c, 8, 57, 101
15, 632730, Note_on_c, 8, 57, 0
15, 632832, Note_on_c, 8, 69, 101
15, 633344, Note_on_c, 8, 69, 0
15, 634368, Note_on_c, 8, 57, 101
15, 634778, Note_on_c, 8, 57, 0
15, 634880, Note_on_c, 8, 50, 101
15, 634880, Note_on_c, 8, 62, 101
15, 635392, Note_on_c, 8, 50, 0
15, 635392, Note_on_c, 8, 62, 0
15, 637952, Note_on_c, 8, 57, 101
15, 637952, Note_on_c, 8, 66, 101
15, 637952, Note_on_c, 8, 74, 101
15, 638464, Note_on_c, 8, 57, 0
15, 638464, Note_on_c, 8, 66, 0
15, 638464, Note_on_c, 8, 74, 0
15, 638976, Note_on_c, 8, 57, 101
15, 638976, Note_on_c, 8, 64, 101
15, 638976, Note_on_c, 8, 73, 101
15, 639488, Note_on_c, 8, 57, 0
15, 639488, Note_on_c, 8, 64, 0
15, 639488, Note_on_c, 8, 73, 0
15, 641024, Note_on_c, 8, 50, 101
15, 641024, Note_on_c, 8, 57, 101
15, 641024, Note_on_c, 8, 66, 101
15, 641024, Note_on_c, 8, 74, 101
15, 641536, Note_on_c, 8, 50, 0
15, 641536, Note_on_c, 8, 57, 0
15, 641536, Note_on_c, 8, 66, 0
15, 641536, Note_on_c, 8, 74, 0
15, 643072, Note_on_c, 8, 57, 98
15, 643072, Note_on_c, 8, 64, 98
15, 643072, Note_on_c, 8, 73, 98
15, 643584, Note_on_c, 8, 57, 0
15, 643584, Note_on_c, 8, 64, 0
15, 643584, Note_on_c, 8, 73, 0
15, 644608, Note_on_c, 8, 57, 98
15, 645018, Note_on_c, 8, 57, 0
15, 645120, Note_on_c, 8, 69, 98
15, 645632, Note_on_c, 8, 69, 0
15, 646144, Note_on_c, 8, 57, 98
15, 646144, Note_on_c, 8, 66, 98
15, 646144, Note_on_c, 8, 74, 98
15, 646656, Note_on_c, 8, 57, 0
15, 646656, Note_on_c, 8, 66, 0
15, 646656, Note_on_c, 8, 74, 0
15, 647168, Note_on_c, 8, 57, 99
15, 647168, Note_on_c, 8, 64, 99
15, 647168, Note_on_c, 8, 73, 99
15, 647680, Note_on_c, 8, 57, 0
15, 647680, Note_on_c, 8, 64, 0
15, 647680, Note_on_c, 8, 73, 0
15, 648704, Note_on_c, 8, 57, 99
15, 649114, Note_on_c, 8, 57, 0
15, 649216, Note_on_c, 8, 69, 99
15, 649728, Note_on_c, 8, 69, 0
15, 650240, Note_on_c, 8, 57, 100
15, 650240, Note_on_c, 8, 66, 100
15, 650240, Note_on_c, 8, 74, 100
15, 650752, Note_on_c, 8, 57, 0
15, 650752, Note_on_c, 8, 66, 0
15, 650752, Note_on_c, 8, 74, 0
15, 651264, Note_on_c, 8, 57, 100
15, 651264, Note_on_c, 8, 64, 100
15, 651264, Note_on_c, 8, 73, 100
15, 651776, Note_on_c, 8, 57, 0
15, 651776, Note_on_c, 8, 64, 0
15, 651776, Note_on_c, 8, 73, 0
15, 652800, Note_on_c, 8, 57, 100
15, 653210, Note_on_c, 8, 57, 0
15, 653312, Note_on_c, 8, 61, 100
15, 653312, Note_on_c, 8, 66, 100
15, 653722, Note_on_c, 8, 61, 0
15, 653722, Note_on_c, 8, 66, 0
15, 654336, Note_on_c, 8, 61, 100
15, 654336, Note_on_c, 8, 64, 100
15, 654746, Note_on_c, 8, 61, 0
15, 654746, Note_on_c, 8, 64, 0
15, 655360, Note_on_c, 8, 59, 101
15, 655360, Note_on_c, 8, 62, 101
15, 655770, Note_on_c, 8, 59, 0
15, 655770, Note_on_c, 8, 62, 0
15, 656384, Note_on_c, 8, 52, 102
15, 656384, Note_on_c, 8, 59, 102
15, 656794, Note_on_c, 8, 52, 0
15, 656794, Note_on_c, 8, 59, 0
15, 657408, Note_on_c, 8, 57, 103
15, 657818, Note_on_c, 8, 57, 0
15, 658432, Note_on_c, 8, 50, 101
15, 658432, Note_on_c, 8, 57, 101
15, 658432, Note_on_c, 8, 66, 101
15, 658842, Note_on_c, 8, 50, 0
15, 658842, Note_on_c, 8, 57, 0
15, 658842, Note_on_c, 8, 66, 0
15, 659456, Note_on_c, 8, 50, 101
15, 659456, Note_on_c, 8, 57, 101
15, 659456, Note_on_c, 8, 66, 101
15, 659968, Note_on_c, 8, 50, 0
15, 659968, Note_on_c, 8, 57, 0
15, 659968, Note_on_c, 8, 66, 0
15, 660992, Note_on_c, 8, 50, 101
15, 661402, Note_on_c, 8, 50, 0
15, 661504, Note_on_c, 8, 62, 101
15, 662016, Note_on_c, 8, 62, 0
15, 663040, Note_on_c, 8, 50, 100
15, 663450, Note_on_c, 8, 50, 0
15, 663552, Note_on_c, 8, 57, 100
15, 663552, Note_on_c, 8, 69, 100
15, 664064, Note_on_c, 8, 57, 0
15, 664064, Note_on_c, 8, 69, 0
15, 665088, Note_on_c, 8, 57, 100
15, 665498, Note_on_c, 8, 57, 0
15, 665600, Note_on_c, 8, 69, 100
15, 666112, Note_on_c, 8, 69, 0
15, 667136, Note_on_c, 8, 57, 100
15, 667546, Note_on_c, 8, 57, 0
15, 667648, Note_on_c, 8, 50, 99
15, 667648, Note_on_c, 8, 62, 99
15, 668160, Note_on_c, 8, 50, 0
15, 668160, Note_on_c, 8, 62, 0
15, 670720, Note_on_c, 8, 57, 99
15, 670720, Note_on_c, 8, 66, 99
15, 670720, Note_on_c, 8, 74, 99
15, 671232, Note_on_c, 8, 57, 0
15, 671232, Note_on_c, 8, 66, 0
15, 671232, Note_on_c, 8, 74, 0
15, 671744, Note_on_c, 8, 57, 99
15, 671744, Note_on_c, 8, 64, 99
15, 671744, Note_on_c, 8, 73, 99
15, 672256, Note_on_c, 8, 57, 0
15, 672256, Note_on_c, 8, 64, 0
15, 672256, Note_on_c, 8, 73, 0
15, 673792, Note_on_c, 8, 54, 83
15, 674048, Note_on_c, 8, 54, 0
15, 674048, Note_on_c, 8, 57, 83
15, 674304, Note_on_c, 8, 57, 0
15, 674304, Note_on_c, 8, 55, 83
15, 674560, Note_on_c, 8, 55, 0
15, 674560, Note_on_c, 8, 54, 83
15, 674816, Note_on_c, 8, 54, 0
15, 674816, Note_on_c, 8, 52, 83
15, 675072, Note_on_c, 8, 52, 0
15, 675072, Note_on_c, 8, 54, 83
15, 675328, Note_on_c, 8, 54, 0
15, 675328, Note_on_c, 8, 55, 83
15, 675584, Note_on_c, 8, 55, 0
15, 675584, Note_on_c, 8, 54, 83
15, 675840, Note_on_c, 8, 54, 0
15, 675840, Note_on_c, 8, 54, 83
15, 676096, Note_on_c, 8, 54, 0
15, 676096, Note_on_c, 8, 49, 83
15, 676352, Note_on_c, 8, 49, 0
15, 676352, Note_on_c, 8, 50, 83
15, 676608, Note_on_c, 8, 50, 0
15, 676608, Note_on_c, 8, 52, 83
15, 676864, Note_on_c, 8, 52, 0
15, 676864, Note_on_c, 8, 54, 83
15, 677120, Note_on_c, 8, 54, 0
15, 677120, Note_on_c, 8, 52, 83
15, 677376, Note_on_c, 8, 52, 0
15, 677376, Note_on_c, 8, 54, 83
15, 677632, Note_on_c, 8, 54, 0
15, 677632, Note_on_c, 8, 55, 83
15, 677888, Note_on_c, 8, 55, 0
15, 677888, Note_on_c, 8, 57, 83
15, 678144, Note_on_c, 8, 57, 0
15, 678144, Note_on_c, 8, 66, 83
15, 678400, Note_on_c, 8, 66, 0
15, 678400, Note_on_c, 8, 64, 83
15, 678656, Note_on_c, 8, 64, 0
15, 678656, Note_on_c, 8, 62, 83
15, 678912, Note_on_c, 8, 62, 0
15, 678912, Note_on_c, 8, 61, 83
15, 679168, Note_on_c, 8, 61, 0
15, 679168, Note_on_c, 8, 62, 83
15, 679424, Note_on_c, 8, 62, 0
15, 679424, Note_on_c, 8, 64, 83
15, 679680, Note_on_c, 8, 64, 0
15, 679680, Note_on_c, 8, 66, 83
15, 679936, Note_on_c, 8, 66, 0
15, 679936, Note_on_c, 8, 55, 83
15, 680192, Note_on_c, 8, 55, 0
15, 680192, Note_on_c, 8, 57, 83
15, 680448, Note_on_c, 8, 57, 0
15, 680448, Note_on_c, 8, 59, 83
15, 680704, Note_on_c, 8, 59, 0
15, 680704, Note_on_c, 8, 60, 83
15, 680960, Note_on_c, 8, 60, 0
15, 680960, Note_on_c, 8, 62, 83
15, 681216, Note_on_c, 8, 62, 0
15, 681216, Note_on_c, 8, 64, 83
15, 681472, Note_on_c, 8, 64, 0
15, 681472, Note_on_c, 8, 66, 83
15, 681728, Note_on_c, 8, 66, 0
15, 681728, Note_on_c, 8, 67, 83
15, 681984, Note_on_c, 8, 67, 0
15, 681984, Note_on_c, 8, 57, 83
15, 682240, Note_on_c, 8, 57, 0
15, 682240, Note_on_c, 8, 59, 83
15, 682496, Note_on_c, 8, 59, 0
15, 682496, Note_on_c, 8, 61, 83
15, 682752, Note_on_c, 8, 61, 0
15, 682752, Note_on_c, 8, 62, 83
15, 683008, Note_on_c, 8, 62, 0
15, 683008, Note_on_c, 8, 64, 83
15, 683264, Note_on_c, 8, 64, 0
15, 683264, Note_on_c, 8, 66, 83
15, 683520, Note_on_c, 8, 66, 0
15, 683520, Note_on_c, 8, 67, 83
15, 683776, Note_on_c, 8, 67, 0
15, 683776, Note_on_c, 8, 69, 83
15, 684032, Note_on_c, 8, 69, 0
15, 684032, Note_on_c, 8, 59, 83
15, 684288, Note_on_c, 8, 59, 0
15, 684288, Note_on_c, 8, 61, 83
15, 684544, Note_on_c, 8, 61, 0
15, 684544, Note_on_c, 8, 62, 83
15, 684800, Note_on_c, 8, 62, 0
15, 684800, Note_on_c, 8, 64, 83
15, 685056, Note_on_c, 8, 64, 0
15, 685056, Note_on_c, 8, 59, 83
15, 685312, Note_on_c, 8, 59, 0
15, 685312, Note_on_c, 8, 61, 83
15, 685568, Note_on_c, 8, 61, 0
15, 685568, Note_on_c, 8, 62, 83
15, 685824, Note_on_c, 8, 62, 0
15, 685824, Note_on_c, 8, 64, 83
15, 686080, Note_on_c, 8, 64, 0
15, 686080, Note_on_c, 8, 52, 83
15, 686336, Note_on_c, 8, 52, 0
15, 686336, Note_on_c, 8, 54, 83
15, 686592, Note_on_c, 8, 54, 0
15, 686592, Note_on_c, 8, 55, 83
15, 686848, Note_on_c, 8, 55, 0
15, 686848, Note_on_c, 8, 57, 83
15, 687104, Note_on_c, 8, 57, 0
15, 687104, Note_on_c, 8, 59, 83
15, 687360, Note_on_c, 8, 59, 0
15, 687360, Note_on_c, 8, 61, 83
15, 687616, Note_on_c, 8, 61, 0
15, 687616, Note_on_c, 8, 61, 83
15, 687872, Note_on_c, 8, 61, 0
15, 687872, Note_on_c, 8, 61, 83
15, 688128, Note_on_c, 8, 61, 0
15, 688128, Note_on_c, 8, 54, 83
15, 688384, Note_on_c, 8, 54, 0
15, 688384, Note_on_c, 8, 55, 83
15, 688640, Note_on_c, 8, 55, 0
15, 688640, Note_on_c, 8, 57, 83
15, 688896, Note_on_c, 8, 57, 0
15, 688896, Note_on_c, 8, 59, 83
15, 689152, Note_on_c, 8, 59, 0
15, 689152, Note_on_c, 8, 61, 83
15, 689408, Note_on_c, 8, 61, 0
15, 689408, Note_on_c, 8, 62, 83
15, 689664, Note_on_c, 8, 62, 0
15, 689664, Note_on_c, 8, 64, 83
15, 689920, Note_on_c, 8, 64, 0
15, 689920, Note_on_c, 8, 66, 83
15, 690176, Note_on_c, 8, 66, 0
15, 690176, Note_on_c, 8, 57, 83
15, 690432, Note_on_c, 8, 57, 0
15, 690432, Note_on_c, 8, 59, 83
15, 690688, Note_on_c, 8, 59, 0
15, 690688, Note_on_c, 8, 61, 83
15, 690944, Note_on_c, 8, 61, 0
15, 690944, Note_on_c, 8, 62, 83
15, 691200, Note_on_c, 8, 62, 0
15, 691200, Note_on_c, 8, 64, 83
15, 691456, Note_on_c, 8, 64, 0
15, 691456, Note_on_c, 8, 66, 83
15, 691712, Note_on_c, 8, 66, 0
15, 691712, Note_on_c, 8, 67, 83
15, 691968, Note_on_c, 8, 67, 0
15, 691968, Note_on_c, 8, 69, 83
15, 692224, Note_on_c, 8, 69, 0
15, 692224, Note_on_c, 8, 59, 83
15, 692480, Note_on_c, 8, 59, 0
15, 692480, Note_on_c, 8, 61, 83
15, 692736, Note_on_c, 8, 61, 0
15, 692736, Note_on_c, 8, 62, 83
15, 692992, Note_on_c, 8, 62, 0
15, 692992, Note_on_c, 8, 64, 83
15, 693248, Note_on_c, 8, 64, 0
15, 693248, Note_on_c, 8, 66, 83
15, 693504, Note_on_c, 8, 66, 0
15, 693504, Note_on_c, 8, 67, 83
15, 693760, Note_on_c, 8, 67, 0
15, 693760, Note_on_c, 8, 69, 83
15, 694016, Note_on_c, 8, 69, 0
15, 694016, Note_on_c, 8, 71, 83
15, 694272, Note_on_c, 8, 71, 0
15, 694272, Note_on_c, 8, 52, 83
15, 694528, Note_on_c, 8, 52, 0
15, 694528, Note_on_c, 8, 54, 83
15, 694784, Note_on_c, 8, 54, 0
15, 694784, Note_on_c, 8, 55, 83
15, 695040, Note_on_c, 8, 55, 0
15, 695040, Note_on_c, 8, 57, 83
15, 695296, Note_on_c, 8, 57, 0
15, 695296, Note_on_c, 8, 59, 83
15, 695552, Note_on_c, 8, 59, 0
15, 695552, Note_on_c, 8, 61, 83
15, 695808, Note_on_c, 8, 61, 0
15, 695808, Note_on_c, 8, 62, 83
15, 696064, Note_on_c, 8, 62, 0
15, 696064, Note_on_c, 8, 64, 83
15, 696320, Note_on_c, 8, 64, 0
15, 696320, Note_on_c, 8, 49, 83
15, 696576, Note_on_c, 8, 49, 0
15, 696576, Note_on_c, 8, 50, 83
15, 696832, Note_on_c, 8, 50, 0
15, 696832, Note_on_c, 8, 52, 83
15, 697088, Note_on_c, 8, 52, 0
15, 697088, Note_on_c, 8, 54, 83
15, 697344, Note_on_c, 8, 54, 0
15, 697344, Note_on_c, 8, 49, 83
15, 697600, Note_on_c, 8, 49, 0
15, 697600, Note_on_c, 8, 50, 83
15, 697856, Note_on_c, 8, 50, 0
15, 697856, Note_on_c, 8, 52, 83
15, 698112, Note_on_c, 8, 52, 0
15, 698112, Note_on_c, 8, 54, 83
15, 698368, Note_on_c, 8, 54, 0
15, 698368, Note_on_c, 8, 50, 83
15, 698624, Note_on_c, 8, 50, 0
15, 698624, Note_on_c, 8, 49, 83
15, 698880, Note_on_c, 8, 49, 0
15, 698880, Note_on_c, 8, 50, 83
15, 699136, Note_on_c, 8, 50, 0
15, 699136, Note_on_c, 8, 52, 83
15, 699392, Note_on_c, 8, 52, 0
15, 699392, Note_on_c, 8, 54, 83
15, 699648, Note_on_c, 8, 54, 0
15, 699648, Note_on_c, 8, 55, 83
15, 699904, Note_on_c, 8, 55, 0
15, 699904, Note_on_c, 8, 57, 83
15, 700160, Note_on_c, 8, 57, 0
15, 700160, Note_on_c, 8, 59, 83
15, 700416, Note_on_c, 8, 59, 0
15, 700416, Note_on_c, 8, 60, 82
15, 700672, Note_on_c, 8, 60, 0
15, 700672, Note_on_c, 8, 57, 82
15, 700928, Note_on_c, 8, 57, 0
15, 700928, Note_on_c, 8, 54, 82
15, 701184, Note_on_c, 8, 54, 0
15, 701184, Note_on_c, 8, 51, 83
15, 701440, Note_on_c, 8, 51, 0
15, 701440, Note_on_c, 8, 48, 83
15, 701696, Note_on_c, 8, 48, 0
15, 701696, Note_on_c, 8, 51, 84
15, 701952, Note_on_c, 8, 51, 0
15, 701952, Note_on_c, 8, 54, 84
15, 702208, Note_on_c, 8, 54, 0
15, 702208, Note_on_c, 8, 57, 85
15, 702464, Note_on_c, 8, 57, 0
15, 702464, Note_on_c, 8, 49, 85
15, 702720, Note_on_c, 8, 49, 0
15, 702720, Note_on_c, 8, 49, 85
15, 702976, Note_on_c, 8, 49, 0
15, 702976, Note_on_c, 8, 61, 86
15, 703232, Note_on_c, 8, 61, 0
15, 703232, Note_on_c, 8, 61, 86
15, 703488, Note_on_c, 8, 61, 0
15, 703488, Note_on_c, 8, 49, 87
15, 703744, Note_on_c, 8, 49, 0
15, 703744, Note_on_c, 8, 53, 87
15, 704000, Note_on_c, 8, 53, 0
15, 704000, Note_on_c, 8, 56, 88
15, 704256, Note_on_c, 8, 56, 0
15, 704256, Note_on_c, 8, 61, 88
15, 704512, Note_on_c, 8, 61, 0
15, 704512, Note_on_c, 8, 49, 88
15, 704768, Note_on_c, 8, 49, 0
15, 704768, Note_on_c, 8, 52, 89
15, 705024, Note_on_c, 8, 52, 0
15, 705024, Note_on_c, 8, 55, 89
15, 705280, Note_on_c, 8, 55, 0
15, 705280, Note_on_c, 8, 58, 90
15, 705536, Note_on_c, 8, 58, 0
15, 705536, Note_on_c, 8, 49, 90
15, 705792, Note_on_c, 8, 49, 0
15, 705792, Note_on_c, 8, 52, 91
15, 706048, Note_on_c, 8, 52, 0
15, 706048, Note_on_c, 8, 55, 91
15, 706304, Note_on_c, 8, 55, 0
15, 706304, Note_on_c, 8, 58, 91
15, 706560, Note_on_c, 8, 58, 0
15, 706560, Note_on_c, 8, 50, 92
15, 706816, Note_on_c, 8, 50, 0
15, 706816, Note_on_c, 8, 54, 92
15, 707072, Note_on_c, 8, 54, 0
15, 707072, Note_on_c, 8, 59, 93
15, 707328, Note_on_c, 8, 59, 0
15, 707328, Note_on_c, 8, 62, 93
15, 707584, Note_on_c, 8, 62, 0
15, 707584, Note_on_c, 8, 59, 94
15, 707840, Note_on_c, 8, 59, 0
15, 707840, Note_on_c, 8, 57, 94
15, 708096, Note_on_c, 8, 57, 0
15, 708096, Note_on_c, 8, 54, 94
15, 708352, Note_on_c, 8, 54, 0
15, 708352, Note_on_c, 8, 59, 95
15, 708608, Note_on_c, 8, 59, 0
15, 708608, Note_on_c, 8, 56, 95
15, 708864, Note_on_c, 8, 56, 0
15, 708864, Note_on_c, 8, 61, 96
15, 709120, Note_on_c, 8, 61, 0
15, 709120, Note_on_c, 8, 59, 96
15, 709376, Note_on_c, 8, 59, 0
15, 709376, Note_on_c, 8, 56, 97
15, 709632, Note_on_c, 8, 56, 0
15, 709632, Note_on_c, 8, 56, 97
15, 709888, Note_on_c, 8, 56, 0
15, 709888, Note_on_c, 8, 62, 98
15, 710144, Note_on_c, 8, 62, 0
15, 710144, Note_on_c, 8, 61, 98
15, 710400, Note_on_c, 8, 61, 0
15, 710400, Note_on_c, 8, 56, 98
15, 710656, Note_on_c, 8, 56, 0
15, 710656, Note_on_c, 8, 57, 99
15, 710912, Note_on_c, 8, 57, 0
15, 710912, Note_on_c, 8, 62, 99
15, 711168, Note_on_c, 8, 62, 0
15, 711168, Note_on_c, 8, 61, 100
15, 711424, Note_on_c, 8, 61, 0
15, 711424, Note_on_c, 8, 57, 100
15, 711680, Note_on_c, 8, 57, 0
15, 711680, Note_on_c, 8, 57, 101
15, 711936, Note_on_c, 8, 57, 0
15, 711936, Note_on_c, 8, 64, 101
15, 712192, Note_on_c, 8, 64, 0
15, 712192, Note_on_c, 8, 62, 101
15, 712448, Note_on_c, 8, 62, 0
15, 712448, Note_on_c, 8, 57, 102
15, 712704, Note_on_c, 8, 57, 0
15, 712704, Note_on_c, 8, 59, 102
15, 712960, Note_on_c, 8, 59, 0
15, 712960, Note_on_c, 8, 64, 103
15, 713216, Note_on_c, 8, 64, 0
15, 713216, Note_on_c, 8, 62, 103
15, 713472, Note_on_c, 8, 62, 0
15, 713472, Note_on_c, 8, 59, 103
15, 713728, Note_on_c, 8, 59, 0
15, 713728, Note_on_c, 8, 59, 103
15, 713984, Note_on_c, 8, 59, 0
15, 713984, Note_on_c, 8, 66, 103
15, 714240, Note_on_c, 8, 66, 0
15, 714240, Note_on_c, 8, 64, 103
15, 714496, Note_on_c, 8, 64, 0
15, 714496, Note_on_c, 8, 59, 103
15, 714752, Note_on_c, 8, 59, 0
15, 714752, Note_on_c, 8, 59, 103
15, 715008, Note_on_c, 8, 59, 0
15, 715008, Note_on_c, 8, 64, 103
15, 715264, Note_on_c, 8, 64, 0
15, 715264, Note_on_c, 8, 62, 103
15, 715520, Note_on_c, 8, 62, 0
15, 715520, Note_on_c, 8, 59, 103
15, 715776, Note_on_c, 8, 59, 0
15, 715776, Note_on_c, 8, 59, 103
15, 716032, Note_on_c, 8, 59, 0
15, 716032, Note_on_c, 8, 66, 103
15, 716288, Note_on_c, 8, 66, 0
15, 716288, Note_on_c, 8, 64, 103
15, 716544, Note_on_c, 8, 64, 0
15, 716544, Note_on_c, 8, 59, 103
15, 716800, Note_on_c, 8, 59, 0
15, 716800, Note_on_c, 8, 59, 103
15, 717056, Note_on_c, 8, 59, 0
15, 717056, Note_on_c, 8, 64, 103
15, 717312, Note_on_c, 8, 64, 0
15, 717312, Note_on_c, 8, 62, 103
15, 717568, Note_on_c, 8, 62, 0
15, 717568, Note_on_c, 8, 59, 103
15, 717824, Note_on_c, 8, 59, 0
15, 717824, Note_on_c, 8, 59, 103
15, 718080, Note_on_c, 8, 59, 0
15, 718080, Note_on_c, 8, 66, 103
15, 718336, Note_on_c, 8, 66, 0
15, 718336, Note_on_c, 8, 64, 103
15, 718592, Note_on_c, 8, 64, 0
15, 718592, Note_on_c, 8, 59, 103
15, 718848, Note_on_c, 8, 59, 0
15, 718848, Note_on_c, 8, 59, 103
15, 719104, Note_on_c, 8, 59, 0
15, 719104, Note_on_c, 8, 64, 103
15, 719360, Note_on_c, 8, 64, 0
15, 719360, Note_on_c, 8, 62, 103
15, 719616, Note_on_c, 8, 62, 0
15, 719616, Note_on_c, 8, 59, 103
15, 719872, Note_on_c, 8, 59, 0
15, 719872, Note_on_c, 8, 59, 103
15, 720128, Note_on_c, 8, 59, 0
15, 720128, Note_on_c, 8, 66, 103
15, 720384, Note_on_c, 8, 66, 0
15, 720384, Note_on_c, 8, 64, 103
15, 720640, Note_on_c, 8, 64, 0
15, 720640, Note_on_c, 8, 59, 103
15, 720896, Note_on_c, 8, 59, 0
15, 720896, Note_on_c, 8, 61, 103
15, 721152, Note_on_c, 8, 61, 0
15, 721152, Note_on_c, 8, 61, 103
15, 721408, Note_on_c, 8, 61, 0
15, 721408, Note_on_c, 8, 61, 103
15, 721664, Note_on_c, 8, 61, 0
15, 721664, Note_on_c, 8, 61, 103
15, 721920, Note_on_c, 8, 61, 0
15, 721920, Note_on_c, 8, 61, 103
15, 722176, Note_on_c, 8, 61, 0
15, 722176, Note_on_c, 8, 61, 103
15, 722432, Note_on_c, 8, 61, 0
15, 722432, Note_on_c, 8, 62, 103
15, 722688, Note_on_c, 8, 62, 0
15, 722688, Note_on_c, 8, 64, 103
15, 722944, Note_on_c, 8, 64, 0
15, 722944, Note_on_c, 8, 66, 103
15, 723200, Note_on_c, 8, 66, 0
15, 723200, Note_on_c, 8, 54, 103
15, 723456, Note_on_c, 8, 54, 0
15, 723456, Note_on_c, 8, 66, 103
15, 723712, Note_on_c, 8, 66, 0
15, 723712, Note_on_c, 8, 66, 103
15, 723968, Note_on_c, 8, 66, 0
15, 723968, Note_on_c, 8, 66, 103
15, 724224, Note_on_c, 8, 66, 0
15, 724224, Note_on_c, 8, 66, 103
15, 724480, Note_on_c, 8, 66, 0
15, 724480, Note_on_c, 8, 64, 103
15, 724736, Note_on_c, 8, 64, 0
15, 724736, Note_on_c, 8, 62, 103
15, 724992, Note_on_c, 8, 62, 0
15, 724992, Note_on_c, 8, 61, 103
15, 725248, Note_on_c, 8, 61, 0
15, 725248, Note_on_c, 8, 61, 103
15, 725504, Note_on_c, 8, 61, 0
15, 725504, Note_on_c, 8, 61, 103
15, 725760, Note_on_c, 8, 61, 0
15, 725760, Note_on_c, 8, 61, 103
15, 726016, Note_on_c, 8, 61, 0
15, 726016, Note_on_c, 8, 61, 103
15, 726272, Note_on_c, 8, 61, 0
15, 726272, Note_on_c, 8, 61, 103
15, 726528, Note_on_c, 8, 61, 0
15, 726528, Note_on_c, 8, 62, 103
15, 726784, Note_on_c, 8, 62, 0
15, 726784, Note_on_c, 8, 62, 104
15, 727040, Note_on_c, 8, 62, 0
15, 727040, Note_on_c, 8, 69, 105
15, 727296, Note_on_c, 8, 69, 0
15, 727296, Note_on_c, 8, 69, 106
15, 727552, Note_on_c, 8, 69, 0
15, 727552, Note_on_c, 8, 69, 107
15, 727808, Note_on_c, 8, 69, 0
15, 727808, Note_on_c, 8, 69, 108
15, 728064, Note_on_c, 8, 69, 0
15, 728064, Note_on_c, 8, 69, 109
15, 728320, Note_on_c, 8, 69, 0
15, 728320, Note_on_c, 8, 69, 110
15, 728576, Note_on_c, 8, 69, 0
15, 728576, Note_on_c, 8, 71, 111
15, 728832, Note_on_c, 8, 71, 0
15, 728832, Note_on_c, 8, 71, 112
15, 729088, Note_on_c, 8, 71, 0
15, 729088, Note_on_c, 8, 69, 113
15, 730726, Note_on_c, 8, 69, 0
15, 731136, Note_on_c, 8, 64, 114
15, 731648, Note_on_c, 8, 64, 0
15, 732160, Note_on_c, 8, 64, 114
15, 732672, Note_on_c, 8, 64, 0
15, 733184, Note_on_c, 8, 57, 114
15, 733440, Note_on_c, 8, 57, 0
15, 733696, Note_on_c, 8, 57, 114
15, 733952, Note_on_c, 8, 57, 0
15, 733952, Note_on_c, 8, 59, 114
15, 734208, Note_on_c, 8, 59, 0
15, 734208, Note_on_c, 8, 61, 114
15, 734464, Note_on_c, 8, 61, 0
15, 734720, Note_on_c, 8, 61, 114
15, 734976, Note_on_c, 8, 61, 0
15, 734976, Note_on_c, 8, 62, 114
15, 735232, Note_on_c, 8, 62, 0
15, 735232, Note_on_c, 8, 64, 114
15, 735488, Note_on_c, 8, 64, 0
15, 735744, Note_on_c, 8, 64, 114
15, 736000, Note_on_c, 8, 64, 0
15, 736000, Note_on_c, 8, 66, 114
15, 736256, Note_on_c, 8, 66, 0
15, 736256, Note_on_c, 8, 68, 114
15, 736512, Note_on_c, 8, 68, 0
15, 736768, Note_on_c, 8, 64, 106
15, 736939, Note_on_c, 8, 64, 0
15, 736939, Note_on_c, 8, 66, 98
15, 737109, Note_on_c, 8, 66, 0
15, 737109, Note_on_c, 8, 68, 90
15, 737280, Note_on_c, 8, 68, 0
15, 737792, Note_on_c, 8, 61, 45
15, 739328, Note_on_c, 8, 61, 0
15, 739328, Note_on_c, 8, 63, 40
15, 739840, Note_on_c, 8, 63, 0
15, 739840, Note_on_c, 8, 64, 38
15, 742912, Note_on_c, 8, 64, 0
15, 742912, Note_on_c, 8, 62, 38
15, 743424, Note_on_c, 8, 62, 0
15, 743424, Note_on_c, 8, 64, 37
15, 743936, Note_on_c, 8, 64, 0
15, 743936, Note_on_c, 8, 66, 36
15, 745984, Note_on_c, 8, 66, 0
15, 745984, Note_on_c, 8, 58, 39
15, 747520, Note_on_c, 8, 58, 0
15, 747520, Note_on_c, 8, 59, 33
15, 748032, Note_on_c, 8, 59, 0
15, 748032, Note_on_c, 8, 58, 32
15, 749056, Note_on_c, 8, 58, 0
15, 749056, Note_on_c, 8, 59, 30
15, 749312, Note_on_c, 8, 59, 0
15, 749568, Note_on_c, 8, 71, 98
15, 750080, Note_on_c, 8, 71, 0
15, 750080, Note_on_c, 8, 69, 102
15, 750336, Note_on_c, 8, 69, 0
15, 750336, Note_on_c, 8, 64, 105
15, 750592, Note_on_c, 8, 64, 0
15, 750592, Note_on_c, 8, 64, 105
15, 750848, Note_on_c, 8, 64, 0
15, 750848, Note_on_c, 8, 64, 105
15, 751104, Note_on_c, 8, 64, 0
15, 751104, Note_on_c, 8, 66, 105
15, 751360, Note_on_c, 8, 66, 0
15, 751360, Note_on_c, 8, 66, 105
15, 751616, Note_on_c, 8, 66, 0
15, 751616, Note_on_c, 8, 66, 105
15, 751872, Note_on_c, 8, 66, 0
15, 751872, Note_on_c, 8, 66, 105
15, 752128, Note_on_c, 8, 66, 0
15, 752128, Note_on_c, 8, 64, 105
15, 752384, Note_on_c, 8, 64, 0
15, 752384, Note_on_c, 8, 69, 105
15, 752640, Note_on_c, 8, 69, 0
15, 752640, Note_on_c, 8, 69, 105
15, 752896, Note_on_c, 8, 69, 0
15, 752896, Note_on_c, 8, 69, 105
15, 753152, Note_on_c, 8, 69, 0
15, 753152, Note_on_c, 8, 68, 105
15, 753408, Note_on_c, 8, 68, 0
15, 753408, Note_on_c, 8, 68, 105
15, 753664, Note_on_c, 8, 68, 0
15, 753664, Note_on_c, 8, 68, 105
15, 753920, Note_on_c, 8, 68, 0
15, 753920, Note_on_c, 8, 68, 105
15, 754176, Note_on_c, 8, 68, 0
15, 754176, Note_on_c, 8, 68, 105
15, 754432, Note_on_c, 8, 68, 0
15, 754432, Note_on_c, 8, 68, 105
15, 754688, Note_on_c, 8, 68, 0
15, 754688, Note_on_c, 8, 59, 105
15, 754944, Note_on_c, 8, 59, 0
15, 754944, Note_on_c, 8, 59, 105
15, 755200, Note_on_c, 8, 59, 0
15, 755200, Note_on_c, 8, 68, 105
15, 755456, Note_on_c, 8, 68, 0
15, 755456, Note_on_c, 8, 68, 105
15, 755712, Note_on_c, 8, 68, 0
15, 755712, Note_on_c, 8, 59, 105
15, 755968, Note_on_c, 8, 59, 0
15, 755968, Note_on_c, 8, 59, 105
15, 756224, Note_on_c, 8, 59, 0
15, 756224, Note_on_c, 8, 69, 105
15, 756480, Note_on_c, 8, 69, 0
15, 756480, Note_on_c, 8, 69, 105
15, 756736, Note_on_c, 8, 69, 0
15, 756736, Note_on_c, 8, 61, 106
15, 756992, Note_on_c, 8, 61, 0
15, 756992, Note_on_c, 8, 61, 106
15, 757248, Note_on_c, 8, 61, 0
15, 757248, Note_on_c, 8, 57, 116
15, 757248, Note_on_c, 8, 64, 116
15, 757248, Note_on_c, 8, 69, 116
15, 757760, Note_on_c, 8, 57, 0
15, 757760, Note_on_c, 8, 64, 0
15, 757760, Note_on_c, 8, 69, 0
15, 760320, Note_on_c, 8, 61, 116
15, 760320, Note_on_c, 8, 64, 116
15, 762573, Note_on_c, 8, 61, 0
15, 762573, Note_on_c, 8, 64, 0
15, 762880, Note_on_c, 8, 62, 108
15, 762880, Note_on_c, 8, 65, 108
15, 763136, Note_on_c, 8, 62, 0
15, 763136, Note_on_c, 8, 65, 0
15, 763392, Note_on_c, 8, 62, 106
15, 763392, Note_on_c, 8, 65, 106
15, 763648, Note_on_c, 8, 62, 0
15, 763648, Note_on_c, 8, 65, 0
15, 763904, Note_on_c, 8, 74, 104
15, 764160, Note_on_c, 8, 74, 0
15, 764416, Note_on_c, 8, 74, 102
15, 764672, Note_on_c, 8, 74, 0
15, 764928, Note_on_c, 8, 65, 101
15, 765184, Note_on_c, 8, 65, 0
15, 765440, Note_on_c, 8, 65, 102
15, 765696, Note_on_c, 8, 65, 0
15, 765952, Note_on_c, 8, 69, 102
15, 766208, Note_on_c, 8, 69, 0
15, 766464, Note_on_c, 8, 69, 103
15, 766720, Note_on_c, 8, 69, 0
15, 766976, Note_on_c, 8, 62, 103
15, 767232, Note_on_c, 8, 62, 0
15, 767488, Note_on_c, 8, 62, 104
15, 767744, Note_on_c, 8, 62, 0
15, 768000, Note_on_c, 8, 65, 104
15, 768256, Note_on_c, 8, 65, 0
15, 768512, Note_on_c, 8, 65, 105
15, 768768, Note_on_c, 8, 65, 0
15, 769024, Note_on_c, 8, 57, 106
15, 769280, Note_on_c, 8, 57, 0
15, 769536, Note_on_c, 8, 57, 106
15, 769792, Note_on_c, 8, 57, 0
15, 770048, Note_on_c, 8, 62, 107
15, 770304, Note_on_c, 8, 62, 0
15, 770560, Note_on_c, 8, 62, 107
15, 770816, Note_on_c, 8, 62, 0
15, 771072, Note_on_c, 8, 53, 108
15, 771328, Note_on_c, 8, 53, 0
15, 771584, Note_on_c, 8, 53, 109
15, 771840, Note_on_c, 8, 53, 0
15, 772096, Note_on_c, 8, 57, 109
15, 772352, Note_on_c, 8, 57, 0
15, 772608, Note_on_c, 8, 57, 110
15, 772864, Note_on_c, 8, 57, 0
15, 773120, Note_on_c, 8, 50, 110
15, 773376, Note_on_c, 8, 50, 0
15, 773632, Note_on_c, 8, 50, 111
15, 773888, Note_on_c, 8, 50, 0
15, 774144, Note_on_c, 8, 50, 112
15, 774144, Note_on_c, 8, 62, 112
15, 774400, Note_on_c, 8, 50, 0
15, 774400, Note_on_c, 8, 62, 0
15, 774656, Note_on_c, 8, 50, 112
15, 774656, Note_on_c, 8, 62, 112
15, 774912, Note_on_c, 8, 50, 0
15, 774912, Note_on_c, 8, 62, 0
15, 775168, Note_on_c, 8, 48, 113
15, 775424, Note_on_c, 8, 48, 0
15, 775680, Note_on_c, 8, 48, 113
15, 775936, Note_on_c, 8, 48, 0
15, 776192, Note_on_c, 8, 59, 114
15, 776448, Note_on_c, 8, 59, 0
15, 776704, Note_on_c, 8, 59, 115
15, 776960, Note_on_c, 8, 59, 0
15, 777216, Note_on_c, 8, 58, 115
15, 777216, Note_on_c, 8, 62, 115
15, 777472, Note_on_c, 8, 58, 0
15, 777472, Note_on_c, 8, 62, 0
15, 777728, Note_on_c, 8, 65, 116
15, 777984, Note_on_c, 8, 65, 0
15, 778240, Note_on_c, 8, 65, 116
15, 778496, Note_on_c, 8, 65, 0
15, 778752, Note_on_c, 8, 65, 117
15, 779008, Note_on_c, 8, 65, 0
15, 779264, Note_on_c, 8, 62, 117
15, 779520, Note_on_c, 8, 62, 0
15, 779776, Note_on_c, 8, 58, 118
15, 780288, Note_on_c, 8, 58, 0
15, 780800, Note_on_c, 8, 57, 120
15, 781312, Note_on_c, 8, 57, 0
15, 800256, Note_on_c, 8, 62, 34
15, 801280, Note_on_c, 8, 62, 0
15, 801280, Note_on_c, 8, 63, 33
15, 803328, Note_on_c, 8, 63, 0
15, 803328, Note_on_c, 8, 62, 30
15, 804352, Note_on_c, 8, 62, 0
15, 804352, Note_on_c, 8, 59, 29
15, 804352, Note_on_c, 8, 62, 29
15, 823808, Note_on_c, 8, 59, 0
15, 823808, Note_on_c, 8, 62, 0
15, 825856, Note_on_c, 8, 64, 100
15, 825856, Note_on_c, 8, 69, 100
15, 826368, Note_on_c, 8, 64, 0
15, 826368, Note_on_c, 8, 69, 0
15, 826880, Note_on_c, 8, 66, 102
15, 826880, Note_on_c, 8, 69, 102
15, 827136, Note_on_c, 8, 66, 0
15, 827136, Note_on_c, 8, 69, 0
15, 827392, Note_on_c, 8, 66, 102
15, 827392, Note_on_c, 8, 69, 102
15, 827648, Note_on_c, 8, 66, 0
15, 827648, Note_on_c, 8, 69, 0
15, 827904, Note_on_c, 8, 66, 103
15, 827904, Note_on_c, 8, 69, 103
15, 828416, Note_on_c, 8, 66, 0
15, 828416, Note_on_c, 8, 69, 0
15, 840192, Note_on_c, 8, 55, 53
15, 840602, Note_on_c, 8, 55, 0
15, 841216, Note_on_c, 8, 67, 88
15, 841626, Note_on_c, 8, 67, 0
15, 847360, Note_on_c, 8, 61, 106
15, 847360, Note_on_c, 8, 64, 106
15, 847360, Note_on_c, 8, 69, 106
15, 847872, Note_on_c, 8, 61, 0
15, 847872, Note_on_c, 8, 64, 0
15, 847872, Note_on_c, 8, 69, 0
15, 848384, Program_c, 8, 45
15, 855040, Note_on_c, 8, 57, 48
15, 856064, Note_on_c, 8, 57, 0
15, 856064, Note_on_c, 8, 57, 45
15, 857088, Note_on_c, 8, 57, 0
15, 863232, Note_on_c, 8, 57, 49
15, 864256, Note_on_c, 8, 57, 0
15, 864256, Note_on_c, 8, 57, 43
15, 865280, Note_on_c, 8, 57, 0
15, 865280, Note_on_c, 8, 54, 37
15, 866304, Note_on_c, 8, 54, 0
15, 866304, Note_on_c, 8, 54, 34
15, 867328, Note_on_c, 8, 54, 0
15, 867328, Note_on_c, 8, 55, 34
15, 868352, Note_on_c, 8, 55, 0
15, 868352, Note_on_c, 8, 57, 34
15, 869376, Note_on_c, 8, 57, 0
15, 869376, Note_on_c, 8, 57, 34
15, 870400, Note_on_c, 8, 57, 0
15, 870400, Note_on_c, 8, 55, 34
15, 871424, Note_on_c, 8, 55, 0
15, 871424, Note_on_c, 8, 54, 34
15, 872448, Note_on_c, 8, 54, 0
15, 872448, Note_on_c, 8, 52, 34
15, 873472, Note_on_c, 8, 52, 0
15, 873472, Note_on_c, 8, 50, 34
15, 874496, Note_on_c, 8, 50, 0
15, 874496, Note_on_c, 8, 50, 34
15, 875520, Note_on_c, 8, 50, 0
15, 875520, Note_on_c, 8, 52, 34
15, 876544, Note_on_c, 8, 52, 0
15, 876544, Note_on_c, 8, 54, 34
15, 877568, Note_on_c, 8, 54, 0
15, 877568, Note_on_c, 8, 54, 34
15, 878592, Note_on_c, 8, 54, 0
15, 879616, Note_on_c, 8, 52, 34
15, 880640, Note_on_c, 8, 52, 0
15, 881664, Note_on_c, 8, 54, 34
15, 882688, Note_on_c, 8, 54, 0
15, 882688, Note_on_c, 8, 54, 34
15, 883712, Note_on_c, 8, 54, 0
15, 883712, Note_on_c, 8, 55, 34
15, 884736, Note_on_c, 8, 55, 0
15, 884736, Note_on_c, 8, 57, 34
15, 885760, Note_on_c, 8, 57, 0
15, 885760, Note_on_c, 8, 57, 34
15, 886784, Note_on_c, 8, 57, 0
15, 886784, Note_on_c, 8, 55, 34
15, 887808, Note_on_c, 8, 55, 0
15, 887808, Note_on_c, 8, 54, 34
15, 888832, Note_on_c, 8, 54, 0
15, 888832, Note_on_c, 8, 52, 34
15, 889856, Note_on_c, 8, 52, 0
15, 889856, Note_on_c, 8, 50, 34
15, 890880, Note_on_c, 8, 50, 0
15, 890880, Note_on_c, 8, 50, 34
15, 891904, Note_on_c, 8, 50, 0
15, 891904, Note_on_c, 8, 52, 34
15, 892928, Note_on_c, 8, 52, 0
15, 892928, Note_on_c, 8, 54, 34
15, 893952, Note_on_c, 8, 54, 0
15, 893952, Note_on_c, 8, 52, 34
15, 894976, Note_on_c, 8, 52, 0
15, 896000, Note_on_c, 8, 50, 34
15, 897024, Note_on_c, 8, 50, 0
15, 898048, Note_on_c, 8, 52, 34
15, 899072, Note_on_c, 8, 52, 0
15, 899072, Note_on_c, 8, 52, 35
15, 900096, Note_on_c, 8, 52, 0
15, 900096, Note_on_c, 8, 54, 36
15, 901120, Note_on_c, 8, 54, 0
15, 901120, Note_on_c, 8, 50, 37
15, 902144, Note_on_c, 8, 50, 0
15, 902144, Note_on_c, 8, 52, 37
15, 903168, Note_on_c, 8, 52, 0
15, 903168, Note_on_c, 8, 54, 38
15, 903680, Note_on_c, 8, 54, 0
15, 903680, Note_on_c, 8, 55, 39
15, 904192, Note_on_c, 8, 55, 0
15, 904192, Note_on_c, 8, 54, 39
15, 905216, Note_on_c, 8, 54, 0
15, 905216, Note_on_c, 8, 50, 40
15, 906240, Note_on_c, 8, 50, 0
15, 906240, Note_on_c, 8, 52, 40
15, 907264, Note_on_c, 8, 52, 0
15, 907264, Note_on_c, 8, 54, 41
15, 907776, Note_on_c, 8, 54, 0
15, 907776, Note_on_c, 8, 55, 42
15, 908288, Note_on_c, 8, 55, 0
15, 908288, Note_on_c, 8, 54, 42
15, 909312, Note_on_c, 8, 54, 0
15, 909312, Note_on_c, 8, 52, 43
15, 910336, Note_on_c, 8, 52, 0
15, 910336, Note_on_c, 8, 50, 43
15, 911360, Note_on_c, 8, 50, 0
15, 911360, Note_on_c, 8, 52, 44
15, 912384, Note_on_c, 8, 52, 0
15, 912384, Note_on_c, 8, 57, 45
15, 913408, Note_on_c, 8, 57, 0
15, 913408, Note_on_c, 8, 54, 46
15, 914432, Note_on_c, 8, 54, 0
15, 914432, Note_on_c, 8, 54, 47
15, 915456, Note_on_c, 8, 54, 0
15, 915456, Note_on_c, 8, 54, 47
15, 916480, Note_on_c, 8, 54, 0
15, 916480, Note_on_c, 8, 55, 48
15, 917504, Note_on_c, 8, 55, 0
15, 917504, Note_on_c, 8, 57, 49
15, 918528, Note_on_c, 8, 57, 0
15, 918528, Note_on_c, 8, 57, 50
15, 919552, Note_on_c, 8, 57, 0
15, 919552, Note_on_c, 8, 55, 50
15, 920576, Note_on_c, 8, 55, 0
15, 920576, Note_on_c, 8, 54, 51
15, 921600, Note_on_c, 8, 54, 0
15, 921600, Note_on_c, 8, 52, 46
15, 922624, Note_on_c, 8, 52, 0
15, 922624, Note_on_c, 8, 50, 41
15, 923648, Note_on_c, 8, 50, 0
15, 923648, Note_on_c, 8, 50, 41
15, 924672, Note_on_c, 8, 50, 0
15, 924672, Note_on_c, 8, 52, 41
15, 925696, Note_on_c, 8, 52, 0
15, 925696, Note_on_c, 8, 54, 41
15, 926720, Note_on_c, 8, 54, 0
15, 926720, Note_on_c, 8, 52, 41
15, 927744, Note_on_c, 8, 52, 0
15, 928768, Note_on_c, 8, 50, 47
15, 929792, Note_on_c, 8, 50, 0
15, 929987, Program_c, 8, 48
15, 930816, Note_on_c, 8, 52, 96
15, 931840, Note_on_c, 8, 52, 0
15, 931840, Note_on_c, 8, 52, 96
15, 932864, Note_on_c, 8, 52, 0
15, 932864, Note_on_c, 8, 54, 96
15, 933888, Note_on_c, 8, 54, 0
15, 933888, Note_on_c, 8, 50, 96
15, 934912, Note_on_c, 8, 50, 0
15, 934912, Note_on_c, 8, 52, 96
15, 935936, Note_on_c, 8, 52, 0
15, 935936, Note_on_c, 8, 54, 96
15, 936448, Note_on_c, 8, 54, 0
15, 936448, Note_on_c, 8, 55, 96
15, 936960, Note_on_c, 8, 55, 0
15, 936960, Note_on_c, 8, 54, 96
15, 937984, Note_on_c, 8, 54, 0
15, 937984, Note_on_c, 8, 50, 96
15, 939008, Note_on_c, 8, 50, 0
15, 939008, Note_on_c, 8, 52, 96
15, 940032, Note_on_c, 8, 52, 0
15, 940032, Note_on_c, 8, 54, 96
15, 940544, Note_on_c, 8, 54, 0
15, 940544, Note_on_c, 8, 55, 96
15, 941056, Note_on_c, 8, 55, 0
15, 941056, Note_on_c, 8, 54, 96
15, 942080, Note_on_c, 8, 54, 0
15, 942080, Note_on_c, 8, 52, 96
15, 943104, Note_on_c, 8, 52, 0
15, 943104, Note_on_c, 8, 50, 96
15, 944128, Note_on_c, 8, 50, 0
15, 944128, Note_on_c, 8, 52, 98
15, 945152, Note_on_c, 8, 52, 0
15, 945152, Note_on_c, 8, 45, 101
15, 945971, Note_on_c, 8, 45, 0
15, 946176, Note_on_c, 8, 54, 103
15, 948224, Note_on_c, 8, 54, 0
15, 948224, Note_on_c, 8, 54, 102
15, 949248, Note_on_c, 8, 54, 0
15, 949248, Note_on_c, 8, 55, 100
15, 950272, Note_on_c, 8, 55, 0
15, 950272, Note_on_c, 8, 57, 98
15, 951296, Note_on_c, 8, 57, 0
15, 951296, Note_on_c, 8, 57, 96
15, 952320, Note_on_c, 8, 57, 0
15, 952320, Note_on_c, 8, 55, 96
15, 953344, Note_on_c, 8, 55, 0
15, 953344, Note_on_c, 8, 54, 96
15, 954368, Note_on_c, 8, 54, 0
15, 954368, Note_on_c, 8, 55, 96
15, 954880, Note_on_c, 8, 55, 0
15, 954880, Note_on_c, 8, 52, 96
15, 955392, Note_on_c, 8, 52, 0
15, 955392, Note_on_c, 8, 50, 96
15, 956416, Note_on_c, 8, 50, 0
15, 956416, Note_on_c, 8, 50, 96
15, 957440, Note_on_c, 8, 50, 0
15, 957440, Note_on_c, 8, 52, 95
15, 958464, Note_on_c, 8, 52, 0
15, 958464, Note_on_c, 8, 54, 95
15, 959488, Note_on_c, 8, 54, 0
15, 959488, Note_on_c, 8, 52, 95
15, 961024, Note_on_c, 8, 52, 0
15, 961024, Note_on_c, 8, 50, 95
15, 961434, Note_on_c, 8, 50, 0
15, 961536, Note_on_c, 8, 50, 95
15, 962355, Note_on_c, 8, 50, 0
15, 962560, Note_on_c, 8, 57, 94
15, 963584, Note_on_c, 8, 57, 0
15, 963584, Note_on_c, 8, 55, 94
15, 965120, Note_on_c, 8, 55, 0
15, 965120, Note_on_c, 8, 54, 94
15, 965530, Note_on_c, 8, 54, 0
15, 965632, Note_on_c, 8, 54, 94
15, 966451, Note_on_c, 8, 54, 0
15, 966656, Note_on_c, 8, 62, 94
15, 967680, Note_on_c, 8, 62, 0
15, 967680, Note_on_c, 8, 60, 98
15, 969216, Note_on_c, 8, 60, 0
15, 969216, Note_on_c, 8, 59, 95
15, 969626, Note_on_c, 8, 59, 0
15, 969728, Note_on_c, 8, 59, 94
15, 970547, Note_on_c, 8, 59, 0
15, 970752, Note_on_c, 8, 67, 94
15, 971264, Note_on_c, 8, 67, 0
15, 971264, Note_on_c, 8, 64, 97
15, 971776, Note_on_c, 8, 64, 0
15, 971776, Note_on_c, 8, 62, 101
15, 972288, Note_on_c, 8, 62, 0
15, 972288, Note_on_c, 8, 61, 103
15, 972800, Note_on_c, 8, 61, 0
15, 972800, Note_on_c, 8, 64, 101
15, 973312, Note_on_c, 8, 64, 0
15, 973312, Note_on_c, 8, 61, 99
15, 973824, Note_on_c, 8, 61, 0
15, 973824, Note_on_c, 8, 59, 97
15, 974336, Note_on_c, 8, 59, 0
15, 974336, Note_on_c, 8, 57, 96
15, 974848, Note_on_c, 8, 57, 0
15, 974848, Note_on_c, 8, 59, 97
15, 975360, Note_on_c, 8, 59, 0
15, 975360, Note_on_c, 8, 61, 99
15, 975872, Note_on_c, 8, 61, 0
15, 975872, Note_on_c, 8, 62, 101
15, 976384, Note_on_c, 8, 62, 0
15, 976384, Note_on_c, 8, 66, 102
15, 976896, Note_on_c, 8, 66, 0
15, 976896, Note_on_c, 8, 64, 98
15, 977408, Note_on_c, 8, 64, 0
15, 977408, Note_on_c, 8, 61, 94
15, 977920, Note_on_c, 8, 61, 0
15, 977920, Note_on_c, 8, 62, 90
15, 978432, Note_on_c, 8, 62, 0
15, 1044480, Note_on_c, 8, 57, 85
15, 1045878, Note_on_c, 8, 57, 0
15, 1046016, Note_on_c, 8, 52, 93
15, 1046528, Note_on_c, 8, 52, 0
15, 1046528, Note_on_c, 8, 61, 93
15, 1046902, Note_on_c, 8, 61, 0
15, 1047040, Note_on_c, 8, 57, 93
15, 1047552, Note_on_c, 8, 57, 0
15, 1047552, Note_on_c, 8, 62, 93
15, 1047926, Note_on_c, 8, 62, 0
15, 1049600, Note_on_c, 8, 57, 93
15, 1049974, Note_on_c, 8, 57, 0
15, 1050112, Note_on_c, 8, 57, 93
15, 1050624, Note_on_c, 8, 57, 0
15, 1050624, Note_on_c, 8, 62, 93
15, 1050998, Note_on_c, 8, 62, 0
15, 1051136, Note_on_c, 8, 57, 93
15, 1051648, Note_on_c, 8, 57, 0
15, 1051648, Note_on_c, 8, 62, 93
15, 1052022, Note_on_c, 8, 62, 0
15, 1053696, Note_on_c, 8, 49, 94
15, 1054070, Note_on_c, 8, 49, 0
15, 1054208, Note_on_c, 8, 49, 94
15, 1054720, Note_on_c, 8, 49, 0
15, 1054720, Note_on_c, 8, 57, 94
15, 1055094, Note_on_c, 8, 57, 0
15, 1056256, Note_on_c, 8, 58, 94
15, 1056768, Note_on_c, 8, 58, 0
15, 1056768, Note_on_c, 8, 66, 94
15, 1057280, Note_on_c, 8, 66, 0
15, 1058304, Note_on_c, 8, 59, 96
15, 1058304, Note_on_c, 8, 62, 96
15, 1058816, Note_on_c, 8, 59, 0
15, 1058816, Note_on_c, 8, 62, 0
15, 1058816, Note_on_c, 8, 68, 97
15, 1059072, Note_on_c, 8, 68, 0
15, 1060352, Note_on_c, 8, 57, 101
15, 1060864, Note_on_c, 8, 57, 0
15, 1060864, Note_on_c, 8, 69, 103
15, 1061238, Note_on_c, 8, 69, 0
15, 1061376, Note_on_c, 8, 57, 103
15, 1061888, Note_on_c, 8, 57, 0
15, 1061888, Note_on_c, 8, 50, 104
15, 1062636, Note_on_c, 8, 50, 0
15, 1063424, Note_on_c, 8, 50, 107
15, 1063936, Note_on_c, 8, 50, 0
15, 1063936, Note_on_c, 8, 62, 108
15, 1064684, Note_on_c, 8, 62, 0
15, 1065472, Note_on_c, 8, 50, 106
15, 1065984, Note_on_c, 8, 50, 0
15, 1065984, Note_on_c, 8, 57, 106
15, 1066732, Note_on_c, 8, 57, 0
15, 1067520, Note_on_c, 8, 57, 84
15, 1068032, Note_on_c, 8, 57, 0
15, 1068032, Note_on_c, 8, 69, 76
15, 1068780, Note_on_c, 8, 69, 0
15, 1069568, Note_on_c, 8, 57, 54
15, 1070080, Note_on_c, 8, 57, 0
15, 1070080, Note_on_c, 8, 69, 46
15, 1070828, Note_on_c, 8, 69, 0
15, 1071616, Note_on_c, 8, 62, 41
15, 1072128, Note_on_c, 8, 62, 0
15, 1072128, Note_on_c, 8, 57, 41
15, 1072876, Note_on_c, 8, 57, 0
15, 1073664, Note_on_c, 8, 66, 39
15, 1074176, Note_on_c, 8, 66, 0
15, 1074176, Note_on_c, 8, 57, 39
15, 1074924, Note_on_c, 8, 57, 0
15, 1075712, Note_on_c, 8, 55, 37
15, 1076224, Note_on_c, 8, 55, 0
15, 1076224, Note_on_c, 8, 54, 37
15, 1076972, Note_on_c, 8, 54, 0
15, 1077760, Note_on_c, 8, 66, 46
15, 1078272, Note_on_c, 8, 66, 0
15, 1078272, Note_on_c, 8, 54, 50
15, 1079020, Note_on_c, 8, 54, 0
15, 1079808, Note_on_c, 8, 66, 45
15, 1080320, Note_on_c, 8, 66, 0
15, 1080320, Note_on_c, 8, 54, 42
15, 1081068, Note_on_c, 8, 54, 0
15, 1081856, Note_on_c, 8, 62, 46
15, 1082368, Note_on_c, 8, 62, 0
15, 1082368, Note_on_c, 8, 55, 51
15, 1083116, Note_on_c, 8, 55, 0
15, 1083904, Note_on_c, 8, 67, 48
15, 1084416, Note_on_c, 8, 67, 0
15, 1084416, Note_on_c, 8, 55, 45
15, 1085164, Note_on_c, 8, 55, 0
15, 1085952, Note_on_c, 8, 67, 42
15, 1086464, Note_on_c, 8, 67, 0
15, 1086464, Note_on_c, 8, 69, 43
15, 1087212, Note_on_c, 8, 69, 0
15, 1088000, Note_on_c, 8, 57, 47
15, 1088512, Note_on_c, 8, 57, 0
15, 1088512, Note_on_c, 8, 69, 46
15, 1089260, Note_on_c, 8, 69, 0
15, 1090048, Note_on_c, 8, 57, 43
15, 1090560, Note_on_c, 8, 57, 0
15, 1090560, Note_on_c, 8, 62, 42
15, 1090970, Note_on_c, 8, 62, 0
15, 1091584, Note_on_c, 8, 64, 40
15, 1091584, Note_on_c, 8, 73, 40
15, 1091994, Note_on_c, 8, 64, 0
15, 1091994, Note_on_c, 8, 73, 0
15, 1092608, Note_on_c, 8, 66, 38
15, 1092608, Note_on_c, 8, 74, 38
15, 1093018, Note_on_c, 8, 66, 0
15, 1093018, Note_on_c, 8, 74, 0
15, 1103872, Note_on_c, 8, 54, 37
15, 1104018, Note_on_c, 8, 54, 0
15, 1104018, Note_on_c, 8, 55, 37
15, 1104165, Note_on_c, 8, 55, 0
15, 1104165, Note_on_c, 8, 54, 37
15, 1104311, Note_on_c, 8, 54, 0
15, 1104311, Note_on_c, 8, 55, 37
15, 1104457, Note_on_c, 8, 55, 0
15, 1104457, Note_on_c, 8, 54, 37
15, 1104603, Note_on_c, 8, 54, 0
15, 1104603, Note_on_c, 8, 52, 37
15, 1104750, Note_on_c, 8, 52, 0
15, 1104750, Note_on_c, 8, 54, 37
15, 1104896, Note_on_c, 8, 54, 0
15, 1105920, Note_on_c, 8, 62, 37
15, 1106066, Note_on_c, 8, 62, 0
15, 1106066, Note_on_c, 8, 64, 37
15, 1106213, Note_on_c, 8, 64, 0
15, 1106213, Note_on_c, 8, 62, 37
15, 1106359, Note_on_c, 8, 62, 0
15, 1106359, Note_on_c, 8, 64, 37
15, 1106505, Note_on_c, 8, 64, 0
15, 1106505, Note_on_c, 8, 62, 37
15, 1106651, Note_on_c, 8, 62, 0
15, 1106651, Note_on_c, 8, 61, 37
15, 1106798, Note_on_c, 8, 61, 0
15, 1106798, Note_on_c, 8, 62, 36
15, 1106944, Note_on_c, 8, 62, 0
15, 1107968, Note_on_c, 8, 64, 36
15, 1108114, Note_on_c, 8, 64, 0
15, 1108114, Note_on_c, 8, 66, 36
15, 1108261, Note_on_c, 8, 66, 0
15, 1108261, Note_on_c, 8, 64, 36
15, 1108407, Note_on_c, 8, 64, 0
15, 1108407, Note_on_c, 8, 66, 36
15, 1108553, Note_on_c, 8, 66, 0
15, 1108553, Note_on_c, 8, 64, 36
15, 1108699, Note_on_c, 8, 64, 0
15, 1108699, Note_on_c, 8, 62, 36
15, 1108846, Note_on_c, 8, 62, 0
15, 1108846, Note_on_c, 8, 64, 36
15, 1108992, Note_on_c, 8, 64, 0
15, 1110016, Note_on_c, 8, 67, 36
15, 1110162, Note_on_c, 8, 67, 0
15, 1110162, Note_on_c, 8, 69, 36
15, 1110309, Note_on_c, 8, 69, 0
15, 1110309, Note_on_c, 8, 67, 36
15, 1110455, Note_on_c, 8, 67, 0
15, 1110455, Note_on_c, 8, 69, 36
15, 1110601, Note_on_c, 8, 69, 0
15, 1110601, Note_on_c, 8, 67, 36
15, 1110747, Note_on_c, 8, 67, 0
15, 1110747, Note_on_c, 8, 66, 36
15, 1110894, Note_on_c, 8, 66, 0
15, 1110894, Note_on_c, 8, 67, 36
15, 1111040, Note_on_c, 8, 67, 0
15, 1128448, Note_on_c, 8, 57, 35
15, 1128594, Note_on_c, 8, 57, 0
15, 1128594, Note_on_c, 8, 59, 35
15, 1128741, Note_on_c, 8, 59, 0
15, 1128741, Note_on_c, 8, 57, 35
15, 1128887, Note_on_c, 8, 57, 0
15, 1128887, Note_on_c, 8, 59, 35
15, 1129033, Note_on_c, 8, 59, 0
15, 1129033, Note_on_c, 8, 57, 35
15, 1129179, Note_on_c, 8, 57, 0
15, 1129179, Note_on_c, 8, 56, 35
15, 1129326, Note_on_c, 8, 56, 0
15, 1129326, Note_on_c, 8, 57, 35
15, 1129472, Note_on_c, 8, 57, 0
15, 1130496, Note_on_c, 8, 57, 35
15, 1130642, Note_on_c, 8, 57, 0
15, 1130642, Note_on_c, 8, 59, 35
15, 1130789, Note_on_c, 8, 59, 0
15, 1130789, Note_on_c, 8, 57, 35
15, 1130935, Note_on_c, 8, 57, 0
15, 1130935, Note_on_c, 8, 59, 35
15, 1131081, Note_on_c, 8, 59, 0
15, 1131081, Note_on_c, 8, 57, 35
15, 1131227, Note_on_c, 8, 57, 0
15, 1131227, Note_on_c, 8, 56, 35
15, 1131374, Note_on_c, 8, 56, 0
15, 1131374, Note_on_c, 8, 57, 35
15, 1131520, Note_on_c, 8, 57, 0
15, 1136640, Note_on_c, 8, 57, 35
15, 1136786, Note_on_c, 8, 57, 0
15, 1136786, Note_on_c, 8, 59, 35
15, 1136933, Note_on_c, 8, 59, 0
15, 1136933, Note_on_c, 8, 57, 35
15, 1137079, Note_on_c, 8, 57, 0
15, 1137079, Note_on_c, 8, 59, 35
15, 1137225, Note_on_c, 8, 59, 0
15, 1137225, Note_on_c, 8, 57, 35
15, 1137371, Note_on_c, 8, 57, 0
15, 1137371, Note_on_c, 8, 56, 35
15, 1137518, Note_on_c, 8, 56, 0
15, 1137518, Note_on_c, 8, 57, 35
15, 1137664, Note_on_c, 8, 57, 0
15, 1138688, Note_on_c, 8, 54, 35
15, 1138834, Note_on_c, 8, 54, 0
15, 1138834, Note_on_c, 8, 55, 35
15, 1138981, Note_on_c, 8, 55, 0
15, 1138981, Note_on_c, 8, 54, 35
15, 1139127, Note_on_c, 8, 54, 0
15, 1139127, Note_on_c, 8, 55, 35
15, 1139273, Note_on_c, 8, 55, 0
15, 1139273, Note_on_c, 8, 54, 35
15, 1139419, Note_on_c, 8, 54, 0
15, 1139419, Note_on_c, 8, 52, 35
15, 1139566, Note_on_c, 8, 52, 0
15, 1139566, Note_on_c, 8, 54, 35
15, 1139712, Note_on_c, 8, 54, 0
15, 1143808, Note_on_c, 8, 57, 37
15, 1143954, Note_on_c, 8, 57, 0
15, 1143954, Note_on_c, 8, 59, 38
15, 1144101, Note_on_c, 8, 59, 0
15, 1144101, Note_on_c, 8, 57, 39
15, 1144247, Note_on_c, 8, 57, 0
15, 1144247, Note_on_c, 8, 59, 39
15, 1144393, Note_on_c, 8, 59, 0
15, 1144393, Note_on_c, 8, 57, 40
15, 1144539, Note_on_c, 8, 57, 0
15, 1144539, Note_on_c, 8, 56, 41
15, 1144686, Note_on_c, 8, 56, 0
15, 1144686, Note_on_c, 8, 57, 41
15, 1144832, Note_on_c, 8, 57, 0
15, 1145856, Note_on_c, 8, 57, 46
15, 1146002, Note_on_c, 8, 57, 0
15, 1146002, Note_on_c, 8, 59, 47
15, 1146149, Note_on_c, 8, 59, 0
15, 1146149, Note_on_c, 8, 57, 47
15, 1146295, Note_on_c, 8, 57, 0
15, 1146295, Note_on_c, 8, 59, 48
15, 1146441, Note_on_c, 8, 59, 0
15, 1146441, Note_on_c, 8, 57, 48
15, 1146587, Note_on_c, 8, 57, 0
15, 1146587, Note_on_c, 8, 56, 49
15, 1146734, Note_on_c, 8, 56, 0
15, 1146734, Note_on_c, 8, 57, 50
15, 1146880, Note_on_c, 8, 57, 0
15, 1147904, Note_on_c, 8, 59, 55
15, 1148050, Note_on_c, 8, 59, 0
15, 1148050, Note_on_c, 8, 60, 55
15, 1148197, Note_on_c, 8, 60, 0
15, 1148197, Note_on_c, 8, 59, 56
15, 1148343, Note_on_c, 8, 59, 0
15, 1148343, Note_on_c, 8, 60, 56
15, 1148489, Note_on_c, 8, 60, 0
15, 1148489, Note_on_c, 8, 59, 57
15, 1148635, Note_on_c, 8, 59, 0
15, 1148635, Note_on_c, 8, 57, 58
15, 1148782, Note_on_c, 8, 57, 0
15, 1148782, Note_on_c, 8, 59, 58
15, 1148928, Note_on_c, 8, 59, 0
15, 1149952, Note_on_c, 8, 67, 63
15, 1150098, Note_on_c, 8, 67, 0
15, 1150098, Note_on_c, 8, 69, 64
15, 1150245, Note_on_c, 8, 69, 0
15, 1150245, Note_on_c, 8, 67, 64
15, 1150391, Note_on_c, 8, 67, 0
15, 1150391, Note_on_c, 8, 69, 65
15, 1150537, Note_on_c, 8, 69, 0
15, 1150537, Note_on_c, 8, 67, 66
15, 1150683, Note_on_c, 8, 67, 0
15, 1150683, Note_on_c, 8, 66, 66
15, 1150830, Note_on_c, 8, 66, 0
15, 1150830, Note_on_c, 8, 67, 67
15, 1150976, Note_on_c, 8, 67, 0
15, 1152000, Note_on_c, 8, 66, 72
15, 1152146, Note_on_c, 8, 66, 0
15, 1152146, Note_on_c, 8, 67, 72
15, 1152293, Note_on_c, 8, 67, 0
15, 1152293, Note_on_c, 8, 66, 73
15, 1152439, Note_on_c, 8, 66, 0
15, 1152439, Note_on_c, 8, 67, 74
15, 1152585, Note_on_c, 8, 67, 0
15, 1152585, Note_on_c, 8, 66, 74
15, 1152731, Note_on_c, 8, 66, 0
15, 1152731, Note_on_c, 8, 64, 75
15, 1152878, Note_on_c, 8, 64, 0
15, 1152878, Note_on_c, 8, 66, 75
15, 1153024, Note_on_c, 8, 66, 0
15, 1154048, Note_on_c, 8, 62, 81
15, 1154796, Note_on_c, 8, 62, 0
15, 1155584, Note_on_c, 8, 62, 87
15, 1155958, Note_on_c, 8, 62, 0
15, 1156096, Note_on_c, 8, 62, 87
15, 1156844, Note_on_c, 8, 62, 0
15, 1157632, Note_on_c, 8, 62, 87
15, 1158006, Note_on_c, 8, 62, 0
15, 1158144, Note_on_c, 8, 62, 87
15, 1158892, Note_on_c, 8, 62, 0
15, 1159168, Note_on_c, 8, 66, 89
15, 1159314, Note_on_c, 8, 66, 0
15, 1159314, Note_on_c, 8, 67, 89
15, 1159461, Note_on_c, 8, 67, 0
15, 1159461, Note_on_c, 8, 66, 89
15, 1159607, Note_on_c, 8, 66, 0
15, 1159607, Note_on_c, 8, 67, 89
15, 1159753, Note_on_c, 8, 67, 0
15, 1159753, Note_on_c, 8, 66, 89
15, 1159899, Note_on_c, 8, 66, 0
15, 1159899, Note_on_c, 8, 64, 89
15, 1160046, Note_on_c, 8, 64, 0
15, 1160046, Note_on_c, 8, 66, 89
15, 1160192, Note_on_c, 8, 66, 0
15, 1160192, Note_on_c, 8, 64, 89
15, 1160338, Note_on_c, 8, 64, 0
15, 1160338, Note_on_c, 8, 66, 89
15, 1160485, Note_on_c, 8, 66, 0
15, 1160485, Note_on_c, 8, 64, 89
15, 1160631, Note_on_c, 8, 64, 0
15, 1160631, Note_on_c, 8, 66, 89
15, 1160777, Note_on_c, 8, 66, 0
15, 1160777, Note_on_c, 8, 64, 89
15, 1160923, Note_on_c, 8, 64, 0
15, 1160923, Note_on_c, 8, 62, 89
15, 1161070, Note_on_c, 8, 62, 0
15, 1161070, Note_on_c, 8, 64, 89
15, 1161216, Note_on_c, 8, 64, 0
15, 1162240, Note_on_c, 8, 66, 90
15, 1162386, Note_on_c, 8, 66, 0
15, 1162386, Note_on_c, 8, 67, 90
15, 1162533, Note_on_c, 8, 67, 0
15, 1162533, Note_on_c, 8, 66, 90
15, 1162679, Note_on_c, 8, 66, 0
15, 1162679, Note_on_c, 8, 67, 90
15, 1162825, Note_on_c, 8, 67, 0
15, 1162825, Note_on_c, 8, 66, 90
15, 1162971, Note_on_c, 8, 66, 0
15, 1162971, Note_on_c, 8, 64, 90
15, 1163118, Note_on_c, 8, 64, 0
15, 1163118, Note_on_c, 8, 66, 90
15, 1163264, Note_on_c, 8, 66, 0
15, 1164288, Note_on_c, 8, 64, 90
15, 1164434, Note_on_c, 8, 64, 0
15, 1164434, Note_on_c, 8, 66, 90
15, 1164581, Note_on_c, 8, 66, 0
15, 1164581, Note_on_c, 8, 64, 90
15, 1164727, Note_on_c, 8, 64, 0
15, 1164727, Note_on_c, 8, 66, 90
15, 1164873, Note_on_c, 8, 66, 0
15, 1164873, Note_on_c, 8, 64, 90
15, 1165019, Note_on_c, 8, 64, 0
15, 1165019, Note_on_c, 8, 62, 90
15, 1165166, Note_on_c, 8, 62, 0
15, 1165166, Note_on_c, 8, 64, 90
15, 1165312, Note_on_c, 8, 64, 0
15, 1166336, Note_on_c, 8, 66, 91
15, 1166482, Note_on_c, 8, 66, 0
15, 1166482, Note_on_c, 8, 67, 91
15, 1166629, Note_on_c, 8, 67, 0
15, 1166629, Note_on_c, 8, 66, 91
15, 1166775, Note_on_c, 8, 66, 0
15, 1166775, Note_on_c, 8, 67, 91
15, 1166921, Note_on_c, 8, 67, 0
15, 1166921, Note_on_c, 8, 66, 91
15, 1167067, Note_on_c, 8, 66, 0
15, 1167067, Note_on_c, 8, 64, 91
15, 1167214, Note_on_c, 8, 64, 0
15, 1167214, Note_on_c, 8, 66, 91
15, 1167360, Note_on_c, 8, 66, 0
15, 1168384, Note_on_c, 8, 64, 91
15, 1168530, Note_on_c, 8, 64, 0
15, 1168530, Note_on_c, 8, 66, 92
15, 1168677, Note_on_c, 8, 66, 0
15, 1168677, Note_on_c, 8, 64, 92
15, 1168823, Note_on_c, 8, 64, 0
15, 1168823, Note_on_c, 8, 66, 92
15, 1168969, Note_on_c, 8, 66, 0
15, 1168969, Note_on_c, 8, 64, 92
15, 1169115, Note_on_c, 8, 64, 0
15, 1169115, Note_on_c, 8, 62, 92
15, 1169262, Note_on_c, 8, 62, 0
15, 1169262, Note_on_c, 8, 64, 92
15, 1169408, Note_on_c, 8, 64, 0
15, 1170432, Note_on_c, 8, 66, 94
15, 1170578, Note_on_c, 8, 66, 0
15, 1170578, Note_on_c, 8, 67, 94
15, 1170725, Note_on_c, 8, 67, 0
15, 1170725, Note_on_c, 8, 66, 94
15, 1170871, Note_on_c, 8, 66, 0
15, 1170871, Note_on_c, 8, 67, 94
15, 1171017, Note_on_c, 8, 67, 0
15, 1171017, Note_on_c, 8, 66, 94
15, 1171163, Note_on_c, 8, 66, 0
15, 1171163, Note_on_c, 8, 64, 94
15, 1171310, Note_on_c, 8, 64, 0
15, 1171310, Note_on_c, 8, 66, 94
15, 1171456, Note_on_c, 8, 66, 0
15, 1172480, Note_on_c, 8, 62, 96
15, 1172626, Note_on_c, 8, 62, 0
15, 1172626, Note_on_c, 8, 64, 96
15, 1172773, Note_on_c, 8, 64, 0
15, 1172773, Note_on_c, 8, 62, 96
15, 1172919, Note_on_c, 8, 62, 0
15, 1172919, Note_on_c, 8, 64, 96
15, 1173065, Note_on_c, 8, 64, 0
15, 1173065, Note_on_c, 8, 62, 96
15, 1173211, Note_on_c, 8, 62, 0
15, 1173211, Note_on_c, 8, 61, 96
15, 1173358, Note_on_c, 8, 61, 0
15, 1173358, Note_on_c, 8, 62, 97
15, 1173504, Note_on_c, 8, 62, 0
15, 1174528, Note_on_c, 8, 64, 98
15, 1174674, Note_on_c, 8, 64, 0
15, 1174674, Note_on_c, 8, 66, 98
15, 1174821, Note_on_c, 8, 66, 0
15, 1174821, Note_on_c, 8, 64, 98
15, 1174967, Note_on_c, 8, 64, 0
15, 1174967, Note_on_c, 8, 66, 98
15, 1175113, Note_on_c, 8, 66, 0
15, 1175113, Note_on_c, 8, 64, 98
15, 1175259, Note_on_c, 8, 64, 0
15, 1175259, Note_on_c, 8, 62, 99
15, 1175406, Note_on_c, 8, 62, 0
15, 1175406, Note_on_c, 8, 64, 99
15, 1175552, Note_on_c, 8, 64, 0
15, 1176576, Note_on_c, 8, 66, 99
15, 1176722, Note_on_c, 8, 66, 0
15, 1176722, Note_on_c, 8, 67, 99
15, 1176869, Note_on_c, 8, 67, 0
15, 1176869, Note_on_c, 8, 66, 99
15, 1177015, Note_on_c, 8, 66, 0
15, 1177015, Note_on_c, 8, 67, 99
15, 1177161, Note_on_c, 8, 67, 0
15, 1177161, Note_on_c, 8, 66, 99
15, 1177307, Note_on_c, 8, 66, 0
15, 1177307, Note_on_c, 8, 64, 99
15, 1177454, Note_on_c, 8, 64, 0
15, 1177454, Note_on_c, 8, 66, 99
15, 1177600, Note_on_c, 8, 66, 0
15, 1178624, Note_on_c, 8, 74, 99
15, 1178770, Note_on_c, 8, 74, 0
15, 1178770, Note_on_c, 8, 76, 99
15, 1178917, Note_on_c, 8, 76, 0
15, 1178917, Note_on_c, 8, 74, 99
15, 1179063, Note_on_c, 8, 74, 0
15, 1179063, Note_on_c, 8, 76, 99
15, 1179209, Note_on_c, 8, 76, 0
15, 1179209, Note_on_c, 8, 74, 99
15, 1179355, Note_on_c, 8, 74, 0
15, 1179355, Note_on_c, 8, 73, 99
15, 1179502, Note_on_c, 8, 73, 0
15, 1179502, Note_on_c, 8, 74, 99
15, 1179648, Note_on_c, 8, 74, 0
15, 1180672, Note_on_c, 8, 71, 99
15, 1180818, Note_on_c, 8, 71, 0
15, 1180818, Note_on_c, 8, 72, 99
15, 1180965, Note_on_c, 8, 72, 0
15, 1180965, Note_on_c, 8, 71, 99
15, 1181111, Note_on_c, 8, 71, 0
15, 1181111, Note_on_c, 8, 72, 99
15, 1181257, Note_on_c, 8, 72, 0
15, 1181257, Note_on_c, 8, 71, 99
15, 1181403, Note_on_c, 8, 71, 0
15, 1181403, Note_on_c, 8, 69, 99
15, 1181550, Note_on_c, 8, 69, 0
15, 1181550, Note_on_c, 8, 71, 99
15, 1181696, Note_on_c, 8, 71, 0
15, 1182720, Note_on_c, 8, 67, 99
15, 1182866, Note_on_c, 8, 67, 0
15, 1182866, Note_on_c, 8, 69, 99
15, 1183013, Note_on_c, 8, 69, 0
15, 1183013, Note_on_c, 8, 67, 99
15, 1183159, Note_on_c, 8, 67, 0
15, 1183159, Note_on_c, 8, 69, 99
15, 1183305, Note_on_c, 8, 69, 0
15, 1183305, Note_on_c, 8, 67, 99
15, 1183451, Note_on_c, 8, 67, 0
15, 1183451, Note_on_c, 8, 66, 99
15, 1183598, Note_on_c, 8, 66, 0
15, 1183598, Note_on_c, 8, 67, 99
15, 1183744, Note_on_c, 8, 67, 0
15, 1184768, Note_on_c, 8, 66, 100
15, 1184914, Note_on_c, 8, 66, 0
15, 1184914, Note_on_c, 8, 67, 100
15, 1185061, Note_on_c, 8, 67, 0
15, 1185061, Note_on_c, 8, 66, 100
15, 1185207, Note_on_c, 8, 66, 0
15, 1185207, Note_on_c, 8, 67, 101
15, 1185353, Note_on_c, 8, 67, 0
15, 1185353, Note_on_c, 8, 66, 101
15, 1185499, Note_on_c, 8, 66, 0
15, 1185499, Note_on_c, 8, 64, 102
15, 1185646, Note_on_c, 8, 64, 0
15, 1185646, Note_on_c, 8, 66, 102
15, 1185792, Note_on_c, 8, 66, 0
15, 1186816, Note_on_c, 8, 66, 111
15, 1186816, Note_on_c, 8, 69, 111
15, 1187328, Note_on_c, 8, 66, 0
15, 1187328, Note_on_c, 8, 69, 0
15, 1188864, Note_on_c, 8, 67, 108
15, 1188864, Note_on_c, 8, 69, 108
15, 1189612, Note_on_c, 8, 67, 0
15, 1189612, Note_on_c, 8, 69, 0
15, 1190400, Note_on_c, 8, 66, 107
15, 1190400, Note_on_c, 8, 69, 107
15, 1190774, Note_on_c, 8, 66, 0
15, 1190774, Note_on_c, 8, 69, 0
15, 1190912, Note_on_c, 8, 66, 107
15, 1190912, Note_on_c, 8, 69, 107
15, 1191286, Note_on_c, 8, 66, 0
15, 1191286, Note_on_c, 8, 69, 0
15, 1191424, Note_on_c, 8, 50, 103
15, 1191611, Note_on_c, 8, 50, 0
15, 1191680, Note_on_c, 8, 49, 103
15, 1191936, Note_on_c, 8, 49, 0
15, 1191936, Note_on_c, 8, 50, 103
15, 1192192, Note_on_c, 8, 50, 0
15, 1192192, Note_on_c, 8, 52, 103
15, 1192448, Note_on_c, 8, 52, 0
15, 1192448, Note_on_c, 8, 54, 103
15, 1192704, Note_on_c, 8, 54, 0
15, 1192704, Note_on_c, 8, 55, 103
15, 1192960, Note_on_c, 8, 55, 0
15, 1192960, Note_on_c, 8, 50, 103
15, 1192960, Note_on_c, 8, 57, 103
15, 1193984, Note_on_c, 8, 50, 0
15, 1193984, Note_on_c, 8, 57, 0
15, 1195008, Note_on_c, 8, 74, 103
15, 1196032, Note_on_c, 8, 74, 0
15, 1197056, Note_on_c, 8, 67, 103
15, 1197056, Note_on_c, 8, 71, 103
15, 1198080, Note_on_c, 8, 67, 0
15, 1198080, Note_on_c, 8, 71, 0
15, 1199104, Note_on_c, 8, 55, 103
15, 1200128, Note_on_c, 8, 55, 0
15, 1201152, Note_on_c, 8, 57, 103
15, 1202176, Note_on_c, 8, 57, 0
15, 1203200, Note_on_c, 8, 69, 103
15, 1204224, Note_on_c, 8, 69, 0
15, 1205248, Note_on_c, 8, 66, 103
15, 1206272, Note_on_c, 8, 66, 0
15, 1207296, Note_on_c, 8, 59, 103
15, 1207296, Note_on_c, 8, 62, 103
15, 1210368, Note_on_c, 8, 59, 0
15, 1210368, Note_on_c, 8, 62, 0
15, 1211392, Note_on_c, 8, 59, 106
15, 1211392, Note_on_c, 8, 64, 106
15, 1212416, Note_on_c, 8, 59, 0
15, 1212416, Note_on_c, 8, 64, 0
15, 1213440, Note_on_c, 8, 69, 109
15, 1213696, Note_on_c, 8, 69, 0
15, 1213696, Note_on_c, 8, 71, 109
15, 1213952, Note_on_c, 8, 71, 0
15, 1213952, Note_on_c, 8, 69, 109
15, 1214208, Note_on_c, 8, 69, 0
15, 1214208, Note_on_c, 8, 68, 109
15, 1214464, Note_on_c, 8, 68, 0
15, 1214464, Note_on_c, 8, 66, 108
15, 1214720, Note_on_c, 8, 66, 0
15, 1214720, Note_on_c, 8, 68, 108
15, 1214976, Note_on_c, 8, 68, 0
15, 1214976, Note_on_c, 8, 66, 107
15, 1215232, Note_on_c, 8, 66, 0
15, 1215232, Note_on_c, 8, 64, 107
15, 1215488, Note_on_c, 8, 64, 0
15, 1215488, Note_on_c, 8, 62, 107
15, 1215744, Note_on_c, 8, 62, 0
15, 1215744, Note_on_c, 8, 64, 106
15, 1216000, Note_on_c, 8, 64, 0
15, 1216000, Note_on_c, 8, 62, 106
15, 1216256, Note_on_c, 8, 62, 0
15, 1216256, Note_on_c, 8, 61, 106
15, 1216512, Note_on_c, 8, 61, 0
15, 1216512, Note_on_c, 8, 59, 105
15, 1216768, Note_on_c, 8, 59, 0
15, 1216768, Note_on_c, 8, 61, 105
15, 1217024, Note_on_c, 8, 61, 0
15, 1217024, Note_on_c, 8, 59, 104
15, 1217280, Note_on_c, 8, 59, 0
15, 1217280, Note_on_c, 8, 57, 104
15, 1217536, Note_on_c, 8, 57, 0
15, 1217536, Note_on_c, 8, 52, 104
15, 1218560, Note_on_c, 8, 52, 0
15, 1219584, Note_on_c, 8, 64, 107
15, 1219584, Note_on_c, 8, 76, 107
15, 1220608, Note_on_c, 8, 64, 0
15, 1220608, Note_on_c, 8, 76, 0
15, 1221632, Note_on_c, 8, 69, 113
15, 1221888, Note_on_c, 8, 69, 0
15, 1221888, Note_on_c, 8, 71, 113
15, 1222144, Note_on_c, 8, 71, 0
15, 1222144, Note_on_c, 8, 69, 114
15, 1222400, Note_on_c, 8, 69, 0
15, 1222400, Note_on_c, 8, 68, 114
15, 1222656, Note_on_c, 8, 68, 0
15, 1222656, Note_on_c, 8, 66, 114
15, 1222912, Note_on_c, 8, 66, 0
15, 1222912, Note_on_c, 8, 68, 114
15, 1223168, Note_on_c, 8, 68, 0
15, 1223168, Note_on_c, 8, 66, 114
15, 1223424, Note_on_c, 8, 66, 0
15, 1223424, Note_on_c, 8, 64, 114
15, 1223680, Note_on_c, 8, 64, 0
15, 1223680, Note_on_c, 8, 62, 114
15, 1223936, Note_on_c, 8, 62, 0
15, 1223936, Note_on_c, 8, 64, 114
15, 1224192, Note_on_c, 8, 64, 0
15, 1224192, Note_on_c, 8, 62, 114
15, 1224448, Note_on_c, 8, 62, 0
15, 1224448, Note_on_c, 8, 61, 114
15, 1224704, Note_on_c, 8, 61, 0
15, 1224704, Note_on_c, 8, 59, 114
15, 1224960, Note_on_c, 8, 59, 0
15, 1224960, Note_on_c, 8, 61, 114
15, 1225216, Note_on_c, 8, 61, 0
15, 1225216, Note_on_c, 8, 59, 114
15, 1225472, Note_on_c, 8, 59, 0
15, 1225472, Note_on_c, 8, 57, 114
15, 1225728, Note_on_c, 8, 57, 0
15, 1225728, Note_on_c, 8, 57, 114
15, 1226752, Note_on_c, 8, 57, 0
15, 1227776, Note_on_c, 8, 57, 117
15, 1227776, Note_on_c, 8, 69, 117
15, 1228800, Note_on_c, 8, 57, 0
15, 1228800, Note_on_c, 8, 69, 0
15, 1229824, Note_on_c, 8, 53, 122
15, 1229824, Note_on_c, 8, 57, 122
15, 1238016, Note_on_c, 8, 53, 0
15, 1238016, Note_on_c, 8, 57, 0
15, 1321984, Note_on_c, 8, 65, 32
15, 1322496, Note_on_c, 8, 65, 0
15, 1323008, Note_on_c, 8, 69, 31
15, 1323264, Note_on_c, 8, 69, 0
15, 1323520, Note_on_c, 8, 69, 31
15, 1324032, Note_on_c, 8, 69, 0
15, 1324544, Note_on_c, 8, 70, 31
15, 1324800, Note_on_c, 8, 70, 0
15, 1325056, Note_on_c, 8, 69, 31
15, 1325568, Note_on_c, 8, 69, 0
15, 1371136, Note_on_c, 8, 65, 32
15, 1371648, Note_on_c, 8, 65, 0
15, 1372160, Note_on_c, 8, 69, 31
15, 1372416, Note_on_c, 8, 69, 0
15, 1372672, Note_on_c, 8, 69, 31
15, 1373184, Note_on_c, 8, 69, 0
15, 1373696, Note_on_c, 8, 70, 31
15, 1373952, Note_on_c, 8, 70, 0
15, 1374208, Note_on_c, 8, 70, 31
15, 1374720, Note_on_c, 8, 70, 0
15, 1420288, Note_on_c, 8, 70, 30
15, 1420800, Note_on_c, 8, 70, 0
15, 1421312, Note_on_c, 8, 69, 30
15, 1421568, Note_on_c, 8, 69, 0
15, 1421824, Note_on_c, 8, 69, 30
15, 1422336, Note_on_c, 8, 69, 0
15, 1422848, Note_on_c, 8, 70, 30
15, 1423104, Note_on_c, 8, 70, 0
15, 1423360, Note_on_c, 8, 69, 30
15, 1423872, Note_on_c, 8, 69, 0
15, 1469440, Note_on_c, 8, 65, 54
15, 1469952, Note_on_c, 8, 65, 0
15, 1470464, Note_on_c, 8, 69, 46
15, 1470720, Note_on_c, 8, 69, 0
15, 1470976, Note_on_c, 8, 69, 46
15, 1471488, Note_on_c, 8, 69, 0
15, 1472000, Note_on_c, 8, 70, 47
15, 1472256, Note_on_c, 8, 70, 0
15, 1472512, Note_on_c, 8, 69, 47
15, 1473024, Note_on_c, 8, 69, 0
15, 1498624, Note_on_c, 8, 65, 72
15, 1499372, Note_on_c, 8, 65, 0
15, 1501696, Note_on_c, 8, 65, 75
15, 1501696, Note_on_c, 8, 70, 75
15, 1502444, Note_on_c, 8, 65, 0
15, 1502444, Note_on_c, 8, 70, 0
15, 1504768, Note_on_c, 8, 58, 78
15, 1505516, Note_on_c, 8, 58, 0
15, 1507840, Note_on_c, 8, 67, 81
15, 1507840, Note_on_c, 8, 70, 81
15, 1508588, Note_on_c, 8, 67, 0
15, 1508588, Note_on_c, 8, 70, 0
15, 1510400, Note_on_c, 8, 54, 72
15, 1510912, Note_on_c, 8, 54, 0
15, 1510912, Note_on_c, 8, 53, 73
15, 1511660, Note_on_c, 8, 53, 0
15, 1513472, Note_on_c, 8, 54, 79
15, 1513984, Note_on_c, 8, 54, 0
15, 1513984, Note_on_c, 8, 53, 80
15, 1514732, Note_on_c, 8, 53, 0
15, 1516544, Note_on_c, 8, 67, 85
15, 1517056, Note_on_c, 8, 67, 0
15, 1517056, Note_on_c, 8, 65, 86
15, 1517804, Note_on_c, 8, 65, 0
15, 1518592, Note_on_c, 8, 65, 89
15, 1519104, Note_on_c, 8, 65, 0
15, 1519616, Note_on_c, 8, 75, 91
15, 1519872, Note_on_c, 8, 75, 0
15, 1520128, Note_on_c, 8, 75, 92
15, 1520640, Note_on_c, 8, 75, 0
15, 1521152, Note_on_c, 8, 74, 92
15, 1521408, Note_on_c, 8, 74, 0
15, 1521664, Note_on_c, 8, 74, 91
15, 1522412, Note_on_c, 8, 74, 0
15, 1523200, Note_on_c, 8, 58, 88
15, 1523200, Note_on_c, 8, 65, 88
15, 1523200, Note_on_c, 8, 70, 88
15, 1523948, Note_on_c, 8, 58, 0
15, 1523948, Note_on_c, 8, 65, 0
15, 1523948, Note_on_c, 8, 70, 0
15, 1526272, Note_on_c, 8, 58, 82
15, 1526272, Note_on_c, 8, 65, 82
15, 1526272, Note_on_c, 8, 70, 82
15, 1527020, Note_on_c, 8, 58, 0
15, 1527020, Note_on_c, 8, 65, 0
15, 1527020, Note_on_c, 8, 70, 0
15, 1529344, Note_on_c, 8, 51, 75
15, 1529344, Note_on_c, 8, 58, 75
15, 1529344, Note_on_c, 8, 67, 75
15, 1530092, Note_on_c, 8, 51, 0
15, 1530092, Note_on_c, 8, 58, 0
15, 1530092, Note_on_c, 8, 67, 0
15, 1532416, Note_on_c, 8, 60, 80
15, 1532416, Note_on_c, 8, 67, 80
15, 1533164, Note_on_c, 8, 60, 0
15, 1533164, Note_on_c, 8, 67, 0
15, 1535488, Note_on_c, 8, 60, 85
15, 1535488, Note_on_c, 8, 69, 85
15, 1536236, Note_on_c, 8, 60, 0
15, 1536236, Note_on_c, 8, 69, 0
15, 1538560, Note_on_c, 8, 60, 91
15, 1538560, Note_on_c, 8, 65, 91
15, 1538560, Note_on_c, 8, 69, 91
15, 1539308, Note_on_c, 8, 60, 0
15, 1539308, Note_on_c, 8, 65, 0
15, 1539308, Note_on_c, 8, 69, 0
15, 1541632, Note_on_c, 8, 60, 96
15, 1541632, Note_on_c, 8, 65, 96
15, 1541632, Note_on_c, 8, 69, 96
15, 1542380, Note_on_c, 8, 60, 0
15, 1542380, Note_on_c, 8, 65, 0
15, 1542380, Note_on_c, 8, 69, 0
15, 1543168, Note_on_c, 8, 70, 98
15, 1543680, Note_on_c, 8, 70, 0
15, 1543680, Note_on_c, 8, 72, 99
15, 1544192, Note_on_c, 8, 72, 0
15, 1544192, Note_on_c, 8, 74, 99
15, 1545216, Note_on_c, 8, 74, 0
15, 1545216, Note_on_c, 8, 72, 99
15, 1545728, Note_on_c, 8, 72, 0
15, 1545728, Note_on_c, 8, 69, 99
15, 1546102, Note_on_c, 8, 69, 0
15, 1546240, Note_on_c, 8, 70, 108
15, 1546988, Note_on_c, 8, 70, 0
15, 1577984, Note_on_c, 8, 67, 100
15, 1578358, Note_on_c, 8, 67, 0
15, 1578496, Note_on_c, 8, 67, 113
15, 1581056, Note_on_c, 8, 67, 0
15, 1581056, Note_on_c, 8, 69, 100
15, 1581430, Note_on_c, 8, 69, 0
15, 1581568, Note_on_c, 8, 69, 116
15, 1584128, Note_on_c, 8, 69, 0
15, 1584128, Note_on_c, 8, 71, 100
15, 1584502, Note_on_c, 8, 71, 0
15, 1584640, Note_on_c, 8, 76, 100
15, 1585388, Note_on_c, 8, 76, 0
15, 1585664, Note_on_c, 8, 74, 100
15, 1586038, Note_on_c, 8, 74, 0
15, 1586176, Note_on_c, 8, 72, 106
15, 1586924, Note_on_c, 8, 72, 0
15, 1587712, Note_on_c, 8, 71, 100
15, 1588460, Note_on_c, 8, 71, 0
15, 1589248, Note_on_c, 8, 71, 108
15, 1589996, Note_on_c, 8, 71, 0
15, 1590784, Note_on_c, 8, 67, 100
15, 1591532, Note_on_c, 8, 67, 0
15, 1592320, Note_on_c, 8, 67, 108
15, 1593068, Note_on_c, 8, 67, 0
15, 1593856, Note_on_c, 8, 65, 100
15, 1594604, Note_on_c, 8, 65, 0
15, 1595392, Note_on_c, 8, 55, 108
15, 1595392, Note_on_c, 8, 68, 108
15, 1596140, Note_on_c, 8, 55, 0
15, 1596140, Note_on_c, 8, 68, 0
15, 1596928, Note_on_c, 8, 55, 100
15, 1596928, Note_on_c, 8, 67, 100
15, 1597676, Note_on_c, 8, 55, 0
15, 1597676, Note_on_c, 8, 67, 0
15, 1598464, Note_on_c, 8, 55, 108
15, 1598464, Note_on_c, 8, 65, 108
15, 1599212, Note_on_c, 8, 55, 0
15, 1599212, Note_on_c, 8, 65, 0
15, 1600000, Note_on_c, 8, 55, 100
15, 1600000, Note_on_c, 8, 65, 100
15, 1600748, Note_on_c, 8, 55, 0
15, 1600748, Note_on_c, 8, 65, 0
15, 1601536, Note_on_c, 8, 63, 108
15, 1601792, Note_on_c, 8, 63, 0
15, 1602048, Note_on_c, 8, 63, 100
15, 1602304, Note_on_c, 8, 63, 0
15, 1602560, Note_on_c, 8, 63, 100
15, 1602816, Note_on_c, 8, 63, 0
15, 1603072, Note_on_c, 8, 63, 100
15, 1603328, Note_on_c, 8, 63, 0
15, 1603584, Note_on_c, 8, 65, 100
15, 1603840, Note_on_c, 8, 65, 0
15, 1604096, Note_on_c, 8, 67, 100
15, 1604352, Note_on_c, 8, 67, 0
15, 1604608, Note_on_c, 8, 67, 108
15, 1604864, Note_on_c, 8, 67, 0
15, 1605120, Note_on_c, 8, 68, 100
15, 1605376, Note_on_c, 8, 68, 0
15, 1605632, Note_on_c, 8, 67, 100
15, 1605888, Note_on_c, 8, 67, 0
15, 1606144, Note_on_c, 8, 65, 100
15, 1606400, Note_on_c, 8, 65, 0
15, 1606656, Note_on_c, 8, 63, 100
15, 1606912, Note_on_c, 8, 63, 0
15, 1607168, Note_on_c, 8, 62, 100
15, 1607424, Note_on_c, 8, 62, 0
15, 1607680, Note_on_c, 8, 60, 108
15, 1607936, Note_on_c, 8, 60, 0
15, 1608192, Note_on_c, 8, 59, 100
15, 1608448, Note_on_c, 8, 59, 0
15, 1608704, Note_on_c, 8, 60, 100
15, 1608960, Note_on_c, 8, 60, 0
15, 1609216, Note_on_c, 8, 60, 100
15, 1609472, Note_on_c, 8, 60, 0
15, 1609728, Note_on_c, 8, 62, 100
15, 1609984, Note_on_c, 8, 62, 0
15, 1610240, Note_on_c, 8, 63, 100
15, 1610496, Note_on_c, 8, 63, 0
15, 1610752, Note_on_c, 8, 62, 100
15, 1611008, Note_on_c, 8, 62, 0
15, 1611264, Note_on_c, 8, 55, 100
15, 1611520, Note_on_c, 8, 55, 0
15, 1611776, Note_on_c, 8, 55, 100
15, 1612032, Note_on_c, 8, 55, 0
15, 1612288, Note_on_c, 8, 60, 100
15, 1612544, Note_on_c, 8, 60, 0
15, 1612800, Note_on_c, 8, 48, 100
15, 1613056, Note_on_c, 8, 48, 0
15, 1613312, Note_on_c, 8, 48, 100
15, 1613568, Note_on_c, 8, 48, 0
15, 1613824, Note_on_c, 8, 62, 108
15, 1614080, Note_on_c, 8, 62, 0
15, 1614336, Note_on_c, 8, 58, 100
15, 1614592, Note_on_c, 8, 58, 0
15, 1614848, Note_on_c, 8, 58, 100
15, 1615104, Note_on_c, 8, 58, 0
15, 1615360, Note_on_c, 8, 65, 100
15, 1615616, Note_on_c, 8, 65, 0
15, 1615872, Note_on_c, 8, 58, 100
15, 1616128, Note_on_c, 8, 58, 0
15, 1616384, Note_on_c, 8, 58, 100
15, 1616640, Note_on_c, 8, 58, 0
15, 1616896, Note_on_c, 8, 70, 108
15, 1617152, Note_on_c, 8, 70, 0
15, 1617408, Note_on_c, 8, 58, 100
15, 1617664, Note_on_c, 8, 58, 0
15, 1617920, Note_on_c, 8, 58, 100
15, 1618176, Note_on_c, 8, 58, 0
15, 1618432, Note_on_c, 8, 58, 100
15, 1618688, Note_on_c, 8, 58, 0
15, 1618944, Note_on_c, 8, 65, 100
15, 1619200, Note_on_c, 8, 65, 0
15, 1619456, Note_on_c, 8, 65, 100
15, 1619712, Note_on_c, 8, 65, 0
15, 1619968, Note_on_c, 8, 63, 108
15, 1620224, Note_on_c, 8, 63, 0
15, 1620480, Note_on_c, 8, 65, 100
15, 1620736, Note_on_c, 8, 65, 0
15, 1620992, Note_on_c, 8, 67, 100
15, 1621248, Note_on_c, 8, 67, 0
15, 1621504, Note_on_c, 8, 67, 100
15, 1621760, Note_on_c, 8, 67, 0
15, 1622016, Note_on_c, 8, 68, 100
15, 1622272, Note_on_c, 8, 68, 0
15, 1622528, Note_on_c, 8, 70, 100
15, 1622784, Note_on_c, 8, 70, 0
15, 1623040, Note_on_c, 8, 55, 108
15, 1623296, Note_on_c, 8, 55, 0
15, 1623552, Note_on_c, 8, 56, 100
15, 1623808, Note_on_c, 8, 56, 0
15, 1624064, Note_on_c, 8, 55, 100
15, 1624320, Note_on_c, 8, 55, 0
15, 1624576, Note_on_c, 8, 53, 100
15, 1624832, Note_on_c, 8, 53, 0
15, 1625088, Note_on_c, 8, 51, 100
15, 1625344, Note_on_c, 8, 51, 0
15, 1625600, Note_on_c, 8, 50, 100
15, 1625856, Note_on_c, 8, 50, 0
15, 1626112, Note_on_c, 8, 63, 108
15, 1626368, Note_on_c, 8, 63, 0
15, 1626624, Note_on_c, 8, 56, 100
15, 1626880, Note_on_c, 8, 56, 0
15, 1627136, Note_on_c, 8, 55, 100
15, 1627392, Note_on_c, 8, 55, 0
15, 1627648, Note_on_c, 8, 55, 100
15, 1627904, Note_on_c, 8, 55, 0
15, 1628160, Note_on_c, 8, 56, 100
15, 1628416, Note_on_c, 8, 56, 0
15, 1628672, Note_on_c, 8, 64, 100
15, 1628928, Note_on_c, 8, 64, 0
15, 1629184, Note_on_c, 8, 65, 108
15, 1629932, Note_on_c, 8, 65, 0
15, 1630208, Note_on_c, 8, 65, 101
15, 1630582, Note_on_c, 8, 65, 0
15, 1630720, Note_on_c, 8, 72, 101
15, 1631468, Note_on_c, 8, 72, 0
15, 1631744, Note_on_c, 8, 70, 101
15, 1632118, Note_on_c, 8, 70, 0
15, 1632256, Note_on_c, 8, 68, 108
15, 1633004, Note_on_c, 8, 68, 0
15, 1633280, Note_on_c, 8, 65, 101
15, 1633654, Note_on_c, 8, 65, 0
15, 1633792, Note_on_c, 8, 70, 101
15, 1634540, Note_on_c, 8, 70, 0
15, 1634816, Note_on_c, 8, 68, 101
15, 1635190, Note_on_c, 8, 68, 0
15, 1635328, Note_on_c, 8, 67, 108
15, 1636076, Note_on_c, 8, 67, 0
15, 1636864, Note_on_c, 8, 65, 101
15, 1637612, Note_on_c, 8, 65, 0
15, 1639424, Note_on_c, 8, 67, 101
15, 1639798, Note_on_c, 8, 67, 0
15, 1639936, Note_on_c, 8, 72, 101
15, 1640684, Note_on_c, 8, 72, 0
15, 1640960, Note_on_c, 8, 70, 101
15, 1642220, Note_on_c, 8, 70, 0
15, 1642496, Note_on_c, 8, 68, 101
15, 1642870, Note_on_c, 8, 68, 0
15, 1643008, Note_on_c, 8, 75, 101
15, 1643756, Note_on_c, 8, 75, 0
15, 1644032, Note_on_c, 8, 73, 101
15, 1644406, Note_on_c, 8, 73, 0
15, 1644544, Note_on_c, 8, 72, 109
15, 1644800, Note_on_c, 8, 72, 0
15, 1645056, Note_on_c, 8, 60, 101
15, 1645312, Note_on_c, 8, 60, 0
15, 1645568, Note_on_c, 8, 60, 101
15, 1645824, Note_on_c, 8, 60, 0
15, 1646080, Note_on_c, 8, 60, 101
15, 1646336, Note_on_c, 8, 60, 0
15, 1646592, Note_on_c, 8, 61, 101
15, 1646848, Note_on_c, 8, 61, 0
15, 1647104, Note_on_c, 8, 63, 101
15, 1647360, Note_on_c, 8, 63, 0
15, 1647616, Note_on_c, 8, 63, 108
15, 1647872, Note_on_c, 8, 63, 0
15, 1648128, Note_on_c, 8, 63, 101
15, 1648384, Note_on_c, 8, 63, 0
15, 1648640, Note_on_c, 8, 63, 101
15, 1648896, Note_on_c, 8, 63, 0
15, 1649152, Note_on_c, 8, 63, 101
15, 1649408, Note_on_c, 8, 63, 0
15, 1649664, Note_on_c, 8, 65, 101
15, 1649920, Note_on_c, 8, 65, 0
15, 1650176, Note_on_c, 8, 66, 101
15, 1650432, Note_on_c, 8, 66, 0
15, 1650688, Note_on_c, 8, 58, 108
15, 1650944, Note_on_c, 8, 58, 0
15, 1651200, Note_on_c, 8, 58, 101
15, 1651456, Note_on_c, 8, 58, 0
15, 1651712, Note_on_c, 8, 58, 101
15, 1651968, Note_on_c, 8, 58, 0
15, 1652224, Note_on_c, 8, 58, 101
15, 1652480, Note_on_c, 8, 58, 0
15, 1652736, Note_on_c, 8, 60, 101
15, 1652992, Note_on_c, 8, 60, 0
15, 1653248, Note_on_c, 8, 61, 101
15, 1653504, Note_on_c, 8, 61, 0
15, 1653760, Note_on_c, 8, 61, 108
15, 1654016, Note_on_c, 8, 61, 0
15, 1654272, Note_on_c, 8, 61, 101
15, 1654528, Note_on_c, 8, 61, 0
15, 1654784, Note_on_c, 8, 61, 101
15, 1655040, Note_on_c, 8, 61, 0
15, 1655296, Note_on_c, 8, 61, 101
15, 1655552, Note_on_c, 8, 61, 0
15, 1655808, Note_on_c, 8, 63, 101
15, 1656064, Note_on_c, 8, 63, 0
15, 1656320, Note_on_c, 8, 65, 101
15, 1656576, Note_on_c, 8, 65, 0
15, 1656832, Note_on_c, 8, 75, 106
15, 1657088, Note_on_c, 8, 75, 0
15, 1657344, Note_on_c, 8, 75, 101
15, 1657600, Note_on_c, 8, 75, 0
15, 1657856, Note_on_c, 8, 75, 101
15, 1658112, Note_on_c, 8, 75, 0
15, 1658368, Note_on_c, 8, 75, 101
15, 1658624, Note_on_c, 8, 75, 0
15, 1658880, Note_on_c, 8, 73, 101
15, 1659136, Note_on_c, 8, 73, 0
15, 1659392, Note_on_c, 8, 72, 101
15, 1659648, Note_on_c, 8, 72, 0
15, 1659904, Note_on_c, 8, 66, 108
15, 1660160, Note_on_c, 8, 66, 0
15, 1660416, Note_on_c, 8, 65, 101
15, 1660672, Note_on_c, 8, 65, 0
15, 1660928, Note_on_c, 8, 63, 101
15, 1661184, Note_on_c, 8, 63, 0
15, 1661440, Note_on_c, 8, 63, 101
15, 1661696, Note_on_c, 8, 63, 0
15, 1661952, Note_on_c, 8, 72, 101
15, 1662208, Note_on_c, 8, 72, 0
15, 1662464, Note_on_c, 8, 72, 101
15, 1662720, Note_on_c, 8, 72, 0
15, 1662976, Note_on_c, 8, 70, 107
15, 1663724, Note_on_c, 8, 70, 0
15, 1664000, Note_on_c, 8, 49, 101
15, 1664374, Note_on_c, 8, 49, 0
15, 1664512, Note_on_c, 8, 49, 116
15, 1666796, Note_on_c, 8, 49, 0
15, 1667072, Note_on_c, 8, 51, 101
15, 1667446, Note_on_c, 8, 51, 0
15, 1667584, Note_on_c, 8, 51, 118
15, 1669868, Note_on_c, 8, 51, 0
15, 1670144, Note_on_c, 8, 53, 101
15, 1670518, Note_on_c, 8, 53, 0
15, 1670656, Note_on_c, 8, 58, 101
15, 1671404, Note_on_c, 8, 58, 0
15, 1671680, Note_on_c, 8, 56, 101
15, 1672054, Note_on_c, 8, 56, 0
15, 1672192, Note_on_c, 8, 54, 108
15, 1672940, Note_on_c, 8, 54, 0
15, 1673216, Note_on_c, 8, 54, 101
15, 1673590, Note_on_c, 8, 54, 0
15, 1673728, Note_on_c, 8, 59, 101
15, 1674476, Note_on_c, 8, 59, 0
15, 1674752, Note_on_c, 8, 58, 101
15, 1675126, Note_on_c, 8, 58, 0
15, 1675264, Note_on_c, 8, 56, 109
15, 1676012, Note_on_c, 8, 56, 0
15, 1676288, Note_on_c, 8, 56, 101
15, 1676662, Note_on_c, 8, 56, 0
15, 1676800, Note_on_c, 8, 61, 101
15, 1677548, Note_on_c, 8, 61, 0
15, 1677824, Note_on_c, 8, 59, 101
15, 1678198, Note_on_c, 8, 59, 0
15, 1678336, Note_on_c, 8, 58, 108
15, 1679084, Note_on_c, 8, 58, 0
15, 1679360, Note_on_c, 8, 58, 101
15, 1679734, Note_on_c, 8, 58, 0
15, 1679872, Note_on_c, 8, 63, 101
15, 1680620, Note_on_c, 8, 63, 0
15, 1680896, Note_on_c, 8, 61, 101
15, 1681270, Note_on_c, 8, 61, 0
15, 1681408, Note_on_c, 8, 59, 108
15, 1682156, Note_on_c, 8, 59, 0
15, 1682432, Note_on_c, 8, 59, 101
15, 1682806, Note_on_c, 8, 59, 0
15, 1682944, Note_on_c, 8, 68, 101
15, 1683318, Note_on_c, 8, 68, 0
15, 1683456, Note_on_c, 8, 66, 101
15, 1683830, Note_on_c, 8, 66, 0
15, 1683968, Note_on_c, 8, 65, 101
15, 1684342, Note_on_c, 8, 65, 0
15, 1684480, Note_on_c, 8, 61, 109
15, 1684736, Note_on_c, 8, 61, 0
15, 1684992, Note_on_c, 8, 73, 102
15, 1685248, Note_on_c, 8, 73, 0
15, 1685504, Note_on_c, 8, 73, 103
15, 1685760, Note_on_c, 8, 73, 0
15, 1686016, Note_on_c, 8, 73, 104
15, 1686272, Note_on_c, 8, 73, 0
15, 1686528, Note_on_c, 8, 73, 106
15, 1686784, Note_on_c, 8, 73, 0
15, 1687040, Note_on_c, 8, 73, 107
15, 1687296, Note_on_c, 8, 73, 0
15, 1687552, Note_on_c, 8, 73, 114
15, 1688064, Note_on_c, 8, 73, 0
15, 1701376, Note_on_c, 8, 63, 92
15, 1701632, Note_on_c, 8, 63, 0
15, 1701888, Note_on_c, 8, 63, 92
15, 1702144, Note_on_c, 8, 63, 0
15, 1702400, Note_on_c, 8, 63, 92
15, 1702656, Note_on_c, 8, 63, 0
15, 1702912, Note_on_c, 8, 63, 101
15, 1703168, Note_on_c, 8, 63, 0
15, 1703424, Note_on_c, 8, 65, 92
15, 1703680, Note_on_c, 8, 65, 0
15, 1703936, Note_on_c, 8, 66, 92
15, 1704192, Note_on_c, 8, 66, 0
15, 1704448, Note_on_c, 8, 68, 92
15, 1704704, Note_on_c, 8, 68, 0
15, 1704960, Note_on_c, 8, 60, 92
15, 1705216, Note_on_c, 8, 60, 0
15, 1705472, Note_on_c, 8, 61, 92
15, 1705728, Note_on_c, 8, 61, 0
15, 1705984, Note_on_c, 8, 61, 103
15, 1706240, Note_on_c, 8, 61, 0
15, 1706496, Note_on_c, 8, 63, 92
15, 1706752, Note_on_c, 8, 63, 0
15, 1707008, Note_on_c, 8, 65, 92
15, 1707264, Note_on_c, 8, 65, 0
15, 1707520, Note_on_c, 8, 66, 92
15, 1707776, Note_on_c, 8, 66, 0
15, 1708032, Note_on_c, 8, 58, 92
15, 1708288, Note_on_c, 8, 58, 0
15, 1708544, Note_on_c, 8, 60, 92
15, 1708800, Note_on_c, 8, 60, 0
15, 1709056, Note_on_c, 8, 60, 102
15, 1709312, Note_on_c, 8, 60, 0
15, 1709568, Note_on_c, 8, 61, 92
15, 1709824, Note_on_c, 8, 61, 0
15, 1710080, Note_on_c, 8, 63, 92
15, 1710336, Note_on_c, 8, 63, 0
15, 1710592, Note_on_c, 8, 65, 92
15, 1710848, Note_on_c, 8, 65, 0
15, 1711104, Note_on_c, 8, 55, 92
15, 1711360, Note_on_c, 8, 55, 0
15, 1711616, Note_on_c, 8, 57, 92
15, 1711872, Note_on_c, 8, 57, 0
15, 1712128, Note_on_c, 8, 58, 100
15, 1712384, Note_on_c, 8, 58, 0
15, 1712640, Note_on_c, 8, 58, 92
15, 1712896, Note_on_c, 8, 58, 0
15, 1713152, Note_on_c, 8, 58, 92
15, 1713408, Note_on_c, 8, 58, 0
15, 1713664, Note_on_c, 8, 58, 92
15, 1713920, Note_on_c, 8, 58, 0
15, 1714176, Note_on_c, 8, 60, 92
15, 1714432, Note_on_c, 8, 60, 0
15, 1714688, Note_on_c, 8, 61, 92
15, 1714944, Note_on_c, 8, 61, 0
15, 1715200, Note_on_c, 8, 61, 100
15, 1715456, Note_on_c, 8, 61, 0
15, 1715712, Note_on_c, 8, 60, 92
15, 1715968, Note_on_c, 8, 60, 0
15, 1716224, Note_on_c, 8, 58, 92
15, 1716480, Note_on_c, 8, 58, 0
15, 1716736, Note_on_c, 8, 65, 94
15, 1716992, Note_on_c, 8, 65, 0
15, 1717248, Note_on_c, 8, 63, 94
15, 1717504, Note_on_c, 8, 63, 0
15, 1717760, Note_on_c, 8, 61, 94
15, 1718016, Note_on_c, 8, 61, 0
15, 1718272, Note_on_c, 8, 58, 101
15, 1718528, Note_on_c, 8, 58, 0
15, 1718784, Note_on_c, 8, 58, 95
15, 1719040, Note_on_c, 8, 58, 0
15, 1719296, Note_on_c, 8, 58, 95
15, 1719552, Note_on_c, 8, 58, 0
15, 1719808, Note_on_c, 8, 58, 96
15, 1720064, Note_on_c, 8, 58, 0
15, 1720320, Note_on_c, 8, 59, 96
15, 1720576, Note_on_c, 8, 59, 0
15, 1720832, Note_on_c, 8, 61, 96
15, 1721088, Note_on_c, 8, 61, 0
15, 1721344, Note_on_c, 8, 61, 104
15, 1721600, Note_on_c, 8, 61, 0
15, 1721856, Note_on_c, 8, 59, 97
15, 1722112, Note_on_c, 8, 59, 0
15, 1722368, Note_on_c, 8, 58, 97
15, 1722624, Note_on_c, 8, 58, 0
15, 1722880, Note_on_c, 8, 58, 98
15, 1723136, Note_on_c, 8, 58, 0
15, 1723392, Note_on_c, 8, 59, 98
15, 1723648, Note_on_c, 8, 59, 0
15, 1723904, Note_on_c, 8, 61, 98
15, 1724160, Note_on_c, 8, 61, 0
15, 1724416, Note_on_c, 8, 64, 104
15, 1724672, Note_on_c, 8, 64, 0
15, 1724928, Note_on_c, 8, 64, 99
15, 1725184, Note_on_c, 8, 64, 0
15, 1725440, Note_on_c, 8, 64, 99
15, 1725696, Note_on_c, 8, 64, 0
15, 1725952, Note_on_c, 8, 64, 100
15, 1726208, Note_on_c, 8, 64, 0
15, 1726464, Note_on_c, 8, 66, 100
15, 1726720, Note_on_c, 8, 66, 0
15, 1726976, Note_on_c, 8, 67, 100
15, 1727232, Note_on_c, 8, 67, 0
15, 1727488, Note_on_c, 8, 73, 109
15, 1727744, Note_on_c, 8, 73, 0
15, 1728000, Note_on_c, 8, 74, 101
15, 1728256, Note_on_c, 8, 74, 0
15, 1728512, Note_on_c, 8, 76, 101
15, 1728768, Note_on_c, 8, 76, 0
15, 1729024, Note_on_c, 8, 67, 102
15, 1729280, Note_on_c, 8, 67, 0
15, 1729536, Note_on_c, 8, 66, 102
15, 1729792, Note_on_c, 8, 66, 0
15, 1730048, Note_on_c, 8, 64, 102
15, 1730304, Note_on_c, 8, 64, 0
15, 1730560, Note_on_c, 8, 54, 112
15, 1730816, Note_on_c, 8, 54, 0
15, 1731072, Note_on_c, 8, 66, 103
15, 1731328, Note_on_c, 8, 66, 0
15, 1731584, Note_on_c, 8, 66, 103
15, 1731840, Note_on_c, 8, 66, 0
15, 1732096, Note_on_c, 8, 66, 103
15, 1732352, Note_on_c, 8, 66, 0
15, 1732608, Note_on_c, 8, 67, 103
15, 1732864, Note_on_c, 8, 67, 0
15, 1733120, Note_on_c, 8, 71, 103
15, 1733376, Note_on_c, 8, 71, 0
15, 1733632, Note_on_c, 8, 71, 113
15, 1733888, Note_on_c, 8, 71, 0
15, 1734144, Note_on_c, 8, 71, 103
15, 1734400, Note_on_c, 8, 71, 0
15, 1734656, Note_on_c, 8, 70, 103
15, 1734912, Note_on_c, 8, 70, 0
15, 1735168, Note_on_c, 8, 67, 103
15, 1735424, Note_on_c, 8, 67, 0
15, 1735680, Note_on_c, 8, 66, 103
15, 1735936, Note_on_c, 8, 66, 0
15, 1736192, Note_on_c, 8, 64, 103
15, 1736448, Note_on_c, 8, 64, 0
15, 1736704, Note_on_c, 8, 66, 112
15, 1736960, Note_on_c, 8, 66, 0
15, 1737216, Note_on_c, 8, 64, 103
15, 1737472, Note_on_c, 8, 64, 0
15, 1737728, Note_on_c, 8, 57, 103
15, 1737856, Note_on_c, 8, 57, 0
15, 1737984, Note_on_c, 8, 55, 103
15, 1738112, Note_on_c, 8, 55, 0
15, 1738240, Note_on_c, 8, 55, 103
15, 1738496, Note_on_c, 8, 55, 0
15, 1738752, Note_on_c, 8, 72, 103
15, 1739008, Note_on_c, 8, 72, 0
15, 1739264, Note_on_c, 8, 71, 103
15, 1739520, Note_on_c, 8, 71, 0
15, 1739776, Note_on_c, 8, 71, 111
15, 1740032, Note_on_c, 8, 71, 0
15, 1740288, Note_on_c, 8, 72, 103
15, 1740544, Note_on_c, 8, 72, 0
15, 1740800, Note_on_c, 8, 71, 103
15, 1741056, Note_on_c, 8, 71, 0
15, 1741312, Note_on_c, 8, 69, 103
15, 1741568, Note_on_c, 8, 69, 0
15, 1741824, Note_on_c, 8, 67, 103
15, 1742080, Note_on_c, 8, 67, 0
15, 1742336, Note_on_c, 8, 66, 103
15, 1742592, Note_on_c, 8, 66, 0
15, 1742848, Note_on_c, 8, 69, 112
15, 1743104, Note_on_c, 8, 69, 0
15, 1743360, Note_on_c, 8, 69, 103
15, 1743616, Note_on_c, 8, 69, 0
15, 1743872, Note_on_c, 8, 69, 103
15, 1744128, Note_on_c, 8, 69, 0
15, 1744384, Note_on_c, 8, 69, 103
15, 1744640, Note_on_c, 8, 69, 0
15, 1744896, Note_on_c, 8, 71, 103
15, 1745152, Note_on_c, 8, 71, 0
15, 1745408, Note_on_c, 8, 72, 103
15, 1745664, Note_on_c, 8, 72, 0
15, 1745920, Note_on_c, 8, 71, 113
15, 1746176, Note_on_c, 8, 71, 0
15, 1746432, Note_on_c, 8, 71, 103
15, 1746688, Note_on_c, 8, 71, 0
15, 1746944, Note_on_c, 8, 71, 103
15, 1747200, Note_on_c, 8, 71, 0
15, 1747456, Note_on_c, 8, 71, 103
15, 1747712, Note_on_c, 8, 71, 0
15, 1747968, Note_on_c, 8, 69, 103
15, 1748224, Note_on_c, 8, 69, 0
15, 1748480, Note_on_c, 8, 67, 103
15, 1748736, Note_on_c, 8, 67, 0
15, 1748992, Note_on_c, 8, 67, 110
15, 1749248, Note_on_c, 8, 67, 0
15, 1749504, Note_on_c, 8, 69, 103
15, 1749760, Note_on_c, 8, 69, 0
15, 1750016, Note_on_c, 8, 66, 103
15, 1750272, Note_on_c, 8, 66, 0
15, 1750528, Note_on_c, 8, 66, 103
15, 1751040, Note_on_c, 8, 66, 0
15, 1751552, Note_on_c, 8, 66, 103
15, 1751808, Note_on_c, 8, 66, 0
15, 1752064, Note_on_c, 8, 66, 110
15, 1752576, Note_on_c, 8, 66, 0
15, 1753088, Note_on_c, 8, 66, 103
15, 1753344, Note_on_c, 8, 66, 0
15, 1753600, Note_on_c, 8, 67, 103
15, 1754112, Note_on_c, 8, 67, 0
15, 1754624, Note_on_c, 8, 67, 103
15, 1754880, Note_on_c, 8, 67, 0
15, 1755136, Note_on_c, 8, 64, 111
15, 1755648, Note_on_c, 8, 64, 0
15, 1756160, Note_on_c, 8, 64, 103
15, 1756416, Note_on_c, 8, 64, 0
15, 1756672, Note_on_c, 8, 66, 103
15, 1757184, Note_on_c, 8, 66, 0
15, 1757696, Note_on_c, 8, 66, 103
15, 1757952, Note_on_c, 8, 66, 0
15, 1758208, Note_on_c, 8, 62, 111
15, 1758720, Note_on_c, 8, 62, 0
15, 1759232, Note_on_c, 8, 62, 103
15, 1759488, Note_on_c, 8, 62, 0
15, 1759744, Note_on_c, 8, 64, 103
15, 1760256, Note_on_c, 8, 64, 0
15, 1760768, Note_on_c, 8, 64, 103
15, 1761024, Note_on_c, 8, 64, 0
15, 1761280, Note_on_c, 8, 61, 111
15, 1761792, Note_on_c, 8, 61, 0
15, 1762304, Note_on_c, 8, 61, 103
15, 1762560, Note_on_c, 8, 61, 0
15, 1762816, Note_on_c, 8, 62, 103
15, 1763328, Note_on_c, 8, 62, 0
15, 1763840, Note_on_c, 8, 62, 103
15, 1764096, Note_on_c, 8, 62, 0
15, 1764352, Note_on_c, 8, 67, 111
15, 1764608, Note_on_c, 8, 67, 0
15, 1764864, Note_on_c, 8, 67, 103
15, 1765120, Note_on_c, 8, 67, 0
15, 1765376, Note_on_c, 8, 67, 103
15, 1765632, Note_on_c, 8, 67, 0
15, 1765888, Note_on_c, 8, 66, 103
15, 1766144, Note_on_c, 8, 66, 0
15, 1766400, Note_on_c, 8, 64, 103
15, 1766656, Note_on_c, 8, 64, 0
15, 1766912, Note_on_c, 8, 62, 103
15, 1767168, Note_on_c, 8, 62, 0
15, 1767424, Note_on_c, 8, 61, 111
15, 1767680, Note_on_c, 8, 61, 0
15, 1767936, Note_on_c, 8, 68, 103
15, 1768192, Note_on_c, 8, 68, 0
15, 1768448, Note_on_c, 8, 70, 103
15, 1768704, Note_on_c, 8, 70, 0
15, 1768960, Note_on_c, 8, 70, 119
15, 1769216, Note_on_c, 8, 70, 0
15, 1769472, Note_on_c, 8, 70, 103
15, 1769728, Note_on_c, 8, 70, 0
15, 1769984, Note_on_c, 8, 70, 103
15, 1770240, Note_on_c, 8, 70, 0
15, 1770496, Note_on_c, 8, 70, 112
15, 1770752, Note_on_c, 8, 70, 0
15, 1771008, Note_on_c, 8, 71, 103
15, 1771264, Note_on_c, 8, 71, 0
15, 1771520, Note_on_c, 8, 70, 103
15, 1771776, Note_on_c, 8, 70, 0
15, 1772032, Note_on_c, 8, 68, 103
15, 1772288, Note_on_c, 8, 68, 0
15, 1772544, Note_on_c, 8, 66, 103
15, 1772800, Note_on_c, 8, 66, 0
15, 1773056, Note_on_c, 8, 65, 103
15, 1773312, Note_on_c, 8, 65, 0
15, 1773568, Note_on_c, 8, 59, 111
15, 1773824, Note_on_c, 8, 59, 0
15, 1774080, Note_on_c, 8, 59, 103
15, 1774336, Note_on_c, 8, 59, 0
15, 1774592, Note_on_c, 8, 59, 103
15, 1774848, Note_on_c, 8, 59, 0
15, 1775104, Note_on_c, 8, 65, 116
15, 1775360, Note_on_c, 8, 65, 0
15, 1775616, Note_on_c, 8, 65, 103
15, 1775872, Note_on_c, 8, 65, 0
15, 1776128, Note_on_c, 8, 65, 103
15, 1776384, Note_on_c, 8, 65, 0
15, 1776640, Note_on_c, 8, 65, 110
15, 1776896, Note_on_c, 8, 65, 0
15, 1777152, Note_on_c, 8, 65, 103
15, 1777408, Note_on_c, 8, 65, 0
15, 1777664, Note_on_c, 8, 65, 103
15, 1777920, Note_on_c, 8, 65, 0
15, 1778176, Note_on_c, 8, 66, 103
15, 1778432, Note_on_c, 8, 66, 0
15, 1778688, Note_on_c, 8, 66, 103
15, 1778944, Note_on_c, 8, 66, 0
15, 1779200, Note_on_c, 8, 66, 103
15, 1779456, Note_on_c, 8, 66, 0
15, 1779712, Note_on_c, 8, 58, 111
15, 1779968, Note_on_c, 8, 58, 0
15, 1780224, Note_on_c, 8, 59, 103
15, 1780480, Note_on_c, 8, 59, 0
15, 1780736, Note_on_c, 8, 61, 103
15, 1780992, Note_on_c, 8, 61, 0
15, 1781248, Note_on_c, 8, 61, 116
15, 1781504, Note_on_c, 8, 61, 0
15, 1781760, Note_on_c, 8, 61, 103
15, 1782016, Note_on_c, 8, 61, 0
15, 1782272, Note_on_c, 8, 61, 103
15, 1782528, Note_on_c, 8, 61, 0
15, 1782784, Note_on_c, 8, 61, 110
15, 1783040, Note_on_c, 8, 61, 0
15, 1783296, Note_on_c, 8, 62, 103
15, 1783552, Note_on_c, 8, 62, 0
15, 1783808, Note_on_c, 8, 61, 103
15, 1784064, Note_on_c, 8, 61, 0
15, 1784320, Note_on_c, 8, 59, 103
15, 1784576, Note_on_c, 8, 59, 0
15, 1784832, Note_on_c, 8, 58, 103
15, 1785088, Note_on_c, 8, 58, 0
15, 1785344, Note_on_c, 8, 56, 103
15, 1785600, Note_on_c, 8, 56, 0
15, 1785856, Note_on_c, 8, 65, 112
15, 1786112, Note_on_c, 8, 65, 0
15, 1786368, Note_on_c, 8, 65, 95
15, 1786624, Note_on_c, 8, 65, 0
15, 1786880, Note_on_c, 8, 65, 95
15, 1787136, Note_on_c, 8, 65, 0
15, 1787392, Note_on_c, 8, 65, 112
15, 1787648, Note_on_c, 8, 65, 0
15, 1787904, Note_on_c, 8, 65, 96
15, 1788160, Note_on_c, 8, 65, 0
15, 1788416, Note_on_c, 8, 65, 96
15, 1788672, Note_on_c, 8, 65, 0
15, 1788928, Note_on_c, 8, 65, 102
15, 1789184, Note_on_c, 8, 65, 0
15, 1789440, Note_on_c, 8, 65, 97
15, 1789696, Note_on_c, 8, 65, 0
15, 1789952, Note_on_c, 8, 65, 97
15, 1790208, Note_on_c, 8, 65, 0
15, 1790464, Note_on_c, 8, 64, 97
15, 1790720, Note_on_c, 8, 64, 0
15, 1790976, Note_on_c, 8, 64, 98
15, 1791232, Note_on_c, 8, 64, 0
15, 1791488, Note_on_c, 8, 64, 98
15, 1791744, Note_on_c, 8, 64, 0
15, 1792000, Note_on_c, 8, 67, 105
15, 1792256, Note_on_c, 8, 67, 0
15, 1792512, Note_on_c, 8, 67, 98
15, 1792768, Note_on_c, 8, 67, 0
15, 1793024, Note_on_c, 8, 67, 99
15, 1793280, Note_on_c, 8, 67, 0
15, 1793536, Note_on_c, 8, 66, 99
15, 1793792, Note_on_c, 8, 66, 0
15, 1794048, Note_on_c, 8, 66, 99
15, 1794304, Note_on_c, 8, 66, 0
15, 1794560, Note_on_c, 8, 66, 100
15, 1794816, Note_on_c, 8, 66, 0
15, 1795072, Note_on_c, 8, 69, 106
15, 1795328, Note_on_c, 8, 69, 0
15, 1795584, Note_on_c, 8, 71, 100
15, 1795840, Note_on_c, 8, 71, 0
15, 1796096, Note_on_c, 8, 69, 101
15, 1796352, Note_on_c, 8, 69, 0
15, 1796608, Note_on_c, 8, 67, 101
15, 1796864, Note_on_c, 8, 67, 0
15, 1797120, Note_on_c, 8, 69, 101
15, 1797376, Note_on_c, 8, 69, 0
15, 1797632, Note_on_c, 8, 67, 102
15, 1797888, Note_on_c, 8, 67, 0
15, 1798144, Note_on_c, 8, 64, 108
15, 1798400, Note_on_c, 8, 64, 0
15, 1798656, Note_on_c, 8, 66, 102
15, 1798912, Note_on_c, 8, 66, 0
15, 1799168, Note_on_c, 8, 64, 103
15, 1799424, Note_on_c, 8, 64, 0
15, 1799680, Note_on_c, 8, 62, 103
15, 1799936, Note_on_c, 8, 62, 0
15, 1800192, Note_on_c, 8, 64, 103
15, 1800448, Note_on_c, 8, 64, 0
15, 1800704, Note_on_c, 8, 62, 103
15, 1800960, Note_on_c, 8, 62, 0
15, 1801216, Note_on_c, 8, 66, 111
15, 1801472, Note_on_c, 8, 66, 0
15, 1801728, Note_on_c, 8, 67, 104
15, 1801984, Note_on_c, 8, 67, 0
15, 1802240, Note_on_c, 8, 66, 104
15, 1802496, Note_on_c, 8, 66, 0
15, 1802752, Note_on_c, 8, 64, 105
15, 1803008, Note_on_c, 8, 64, 0
15, 1803264, Note_on_c, 8, 66, 105
15, 1803520, Note_on_c, 8, 66, 0
15, 1803776, Note_on_c, 8, 64, 105
15, 1804032, Note_on_c, 8, 64, 0
15, 1804288, Note_on_c, 8, 71, 114
15, 1804544, Note_on_c, 8, 71, 0
15, 1804800, Note_on_c, 8, 73, 106
15, 1805056, Note_on_c, 8, 73, 0
15, 1805312, Note_on_c, 8, 71, 106
15, 1805568, Note_on_c, 8, 71, 0
15, 1805824, Note_on_c, 8, 59, 107
15, 1806080, Note_on_c, 8, 59, 0
15, 1806336, Note_on_c, 8, 61, 107
15, 1806592, Note_on_c, 8, 61, 0
15, 1806848, Note_on_c, 8, 59, 107
15, 1807104, Note_on_c, 8, 59, 0
15, 1807360, Note_on_c, 8, 59, 115
15, 1807616, Note_on_c, 8, 59, 0
15, 1807872, Note_on_c, 8, 61, 108
15, 1808128, Note_on_c, 8, 61, 0
15, 1808384, Note_on_c, 8, 59, 108
15, 1808640, Note_on_c, 8, 59, 0
15, 1808896, Note_on_c, 8, 58, 108
15, 1809152, Note_on_c, 8, 58, 0
15, 1809408, Note_on_c, 8, 59, 109
15, 1809664, Note_on_c, 8, 59, 0
15, 1809920, Note_on_c, 8, 58, 109
15, 1810176, Note_on_c, 8, 58, 0
15, 1810432, Note_on_c, 8, 54, 121
15, 1811180, Note_on_c, 8, 54, 0
15, 1811456, Note_on_c, 8, 54, 109
15, 1811830, Note_on_c, 8, 54, 0
15, 1811968, Note_on_c, 8, 66, 122
15, 1814252, Note_on_c, 8, 66, 0
15, 1814528, Note_on_c, 8, 66, 109
15, 1814902, Note_on_c, 8, 66, 0
15, 1815040, Note_on_c, 8, 66, 124
15, 1817324, Note_on_c, 8, 66, 0
15, 1817600, Note_on_c, 8, 66, 109
15, 1817974, Note_on_c, 8, 66, 0
15, 1818112, Note_on_c, 8, 54, 124
15, 1820396, Note_on_c, 8, 54, 0
15, 1820672, Note_on_c, 8, 54, 108
15, 1821046, Note_on_c, 8, 54, 0
15, 1821184, Note_on_c, 8, 66, 124
15, 1823468, Note_on_c, 8, 66, 0
15, 1823744, Note_on_c, 8, 66, 108
15, 1824118, Note_on_c, 8, 66, 0
15, 1824256, Note_on_c, 8, 66, 123
15, 1826540, Note_on_c, 8, 66, 0
15, 1826816, Note_on_c, 8, 66, 107
15, 1827190, Note_on_c, 8, 66, 0
15, 1827328, Note_on_c, 8, 54, 123
15, 1829612, Note_on_c, 8, 54, 0
15, 1829888, Note_on_c, 8, 54, 107
15, 1830262, Note_on_c, 8, 54, 0
15, 1830400, Note_on_c, 8, 54, 123
15, 1832684, Note_on_c, 8, 54, 0
15, 1832960, Note_on_c, 8, 54, 107
15, 1833334, Note_on_c, 8, 54, 0
15, 1833472, Note_on_c, 8, 66, 123
15, 1835756, Note_on_c, 8, 66, 0
15, 1847296, Note_on_c, 8, 59, 35
15, 1852826, Note_on_c, 8, 59, 0
15, 1865728, Note_on_c, 8, 59, 28
15, 1871258, Note_on_c, 8, 59, 0
15, 1883874, Control_c, 8, 7, 41
15, 1884160, Note_on_c, 8, 57, 103
15, 1884194, Control_c, 8, 7, 41
15, 1884300, Control_c, 8, 7, 42
15, 1884406, Control_c, 8, 7, 43
15, 1884512, Control_c, 8, 7, 45
15, 1884618, Control_c, 8, 7, 46
15, 1884724, Control_c, 8, 7, 48
15, 1884830, Control_c, 8, 7, 49
15, 1884936, Control_c, 8, 7, 51
15, 1885042, Control_c, 8, 7, 52
15, 1885148, Control_c, 8, 7, 54
15, 1885254, Control_c, 8, 7, 55
15, 1885360, Control_c, 8, 7, 57
15, 1885466, Control_c, 8, 7, 58
15, 1885572, Control_c, 8, 7, 60
15, 1885678, Control_c, 8, 7, 61
15, 1885784, Control_c, 8, 7, 63
15, 1885890, Control_c, 8, 7, 64
15, 1885996, Control_c, 8, 7, 66
15, 1886102, Control_c, 8, 7, 67
15, 1886208, Control_c, 8, 7, 69
15, 1886314, Control_c, 8, 7, 70
15, 1886420, Control_c, 8, 7, 72
15, 1886526, Control_c, 8, 7, 73
15, 1886632, Control_c, 8, 7, 75
15, 1886738, Control_c, 8, 7, 76
15, 1886844, Control_c, 8, 7, 78
15, 1886950, Control_c, 8, 7, 79
15, 1887056, Control_c, 8, 7, 81
15, 1887162, Control_c, 8, 7, 82
15, 1887268, Control_c, 8, 7, 84
15, 1887374, Control_c, 8, 7, 85
15, 1887480, Control_c, 8, 7, 86
15, 1887586, Control_c, 8, 7, 88
15, 1887692, Control_c, 8, 7, 89
15, 1887798, Control_c, 8, 7, 91
15, 1887904, Control_c, 8, 7, 92
15, 1888010, Control_c, 8, 7, 94
15, 1888116, Control_c, 8, 7, 95
15, 1888222, Control_c, 8, 7, 97
15, 1888328, Control_c, 8, 7, 98
15, 1888434, Control_c, 8, 7, 100
15, 1888540, Control_c, 8, 7, 101
15, 1888646, Control_c, 8, 7, 103
15, 1888752, Control_c, 8, 7, 104
15, 1888858, Control_c, 8, 7, 106
15, 1888964, Control_c, 8, 7, 107
15, 1889070, Control_c, 8, 7, 109
15, 1889176, Control_c, 8, 7, 110
15, 1889280, Note_on_c, 8, 57, 0
15, 1889280, Note_on_c, 8, 59, 103
15, 1889282, Control_c, 8, 7, 112
15, 1889388, Control_c, 8, 7, 113
15, 1889494, Control_c, 8, 7, 115
15, 1889600, Control_c, 8, 7, 116
15, 1889706, Control_c, 8, 7, 118
15, 1889792, Note_on_c, 8, 59, 0
15, 1889792, Note_on_c, 8, 61, 103
15, 1889812, Control_c, 8, 7, 119
15, 1889918, Control_c, 8, 7, 121
15, 1890024, Control_c, 8, 7, 122
15, 1890130, Control_c, 8, 7, 124
15, 1890236, Control_c, 8, 7, 125
15, 1890304, Note_on_c, 8, 61, 0
15, 1890304, Note_on_c, 8, 50, 105
15, 1890560, Note_on_c, 8, 50, 0
15, 1890816, Note_on_c, 8, 74, 105
15, 1891072, Note_on_c, 8, 74, 0
15, 1891328, Note_on_c, 8, 73, 105
15, 1891584, Note_on_c, 8, 73, 0
15, 1891840, Note_on_c, 8, 71, 105
15, 1892096, Note_on_c, 8, 71, 0
15, 1892352, Note_on_c, 8, 69, 105
15, 1892608, Note_on_c, 8, 69, 0
15, 1892864, Note_on_c, 8, 67, 105
15, 1893120, Note_on_c, 8, 67, 0
15, 1893376, Note_on_c, 8, 66, 105
15, 1893632, Note_on_c, 8, 66, 0
15, 1893888, Note_on_c, 8, 64, 105
15, 1894144, Note_on_c, 8, 64, 0
15, 1894400, Note_on_c, 8, 62, 105
15, 1894656, Note_on_c, 8, 62, 0
15, 1894912, Note_on_c, 8, 61, 105
15, 1895168, Note_on_c, 8, 61, 0
15, 1895424, Note_on_c, 8, 59, 105
15, 1895680, Note_on_c, 8, 59, 0
15, 1895936, Note_on_c, 8, 57, 105
15, 1896192, Note_on_c, 8, 57, 0
15, 1896448, Note_on_c, 8, 57, 105
15, 1896704, Note_on_c, 8, 57, 0
15, 1896960, Note_on_c, 8, 69, 105
15, 1897216, Note_on_c, 8, 69, 0
15, 1897472, Note_on_c, 8, 59, 105
15, 1897728, Note_on_c, 8, 59, 0
15, 1897984, Note_on_c, 8, 61, 105
15, 1898240, Note_on_c, 8, 61, 0
15, 1898496, Note_on_c, 8, 62, 105
15, 1898752, Note_on_c, 8, 62, 0
15, 1899008, Note_on_c, 8, 64, 105
15, 1899264, Note_on_c, 8, 64, 0
15, 1899520, Note_on_c, 8, 66, 105
15, 1899776, Note_on_c, 8, 66, 0
15, 1900032, Note_on_c, 8, 67, 105
15, 1900288, Note_on_c, 8, 67, 0
15, 1900544, Note_on_c, 8, 69, 105
15, 1900800, Note_on_c, 8, 69, 0
15, 1901056, Note_on_c, 8, 71, 105
15, 1901312, Note_on_c, 8, 71, 0
15, 1901568, Note_on_c, 8, 69, 105
15, 1901824, Note_on_c, 8, 69, 0
15, 1902080, Note_on_c, 8, 73, 105
15, 1902336, Note_on_c, 8, 73, 0
15, 1902592, Note_on_c, 8, 74, 105
15, 1902848, Note_on_c, 8, 74, 0
15, 1903104, Note_on_c, 8, 69, 105
15, 1903360, Note_on_c, 8, 69, 0
15, 1903616, Note_on_c, 8, 67, 105
15, 1903872, Note_on_c, 8, 67, 0
15, 1904128, Note_on_c, 8, 66, 105
15, 1904384, Note_on_c, 8, 66, 0
15, 1904640, Note_on_c, 8, 64, 105
15, 1904896, Note_on_c, 8, 64, 0
15, 1905152, Note_on_c, 8, 62, 105
15, 1905408, Note_on_c, 8, 62, 0
15, 1905664, Note_on_c, 8, 61, 105
15, 1905920, Note_on_c, 8, 61, 0
15, 1906176, Note_on_c, 8, 62, 105
15, 1906432, Note_on_c, 8, 62, 0
15, 1906688, Note_on_c, 8, 59, 105
15, 1906944, Note_on_c, 8, 59, 0
15, 1907200, Note_on_c, 8, 57, 105
15, 1907456, Note_on_c, 8, 57, 0
15, 1907712, Note_on_c, 8, 59, 105
15, 1907968, Note_on_c, 8, 59, 0
15, 1908224, Note_on_c, 8, 56, 105
15, 1908480, Note_on_c, 8, 56, 0
15, 1908736, Note_on_c, 8, 57, 105
15, 1908992, Note_on_c, 8, 57, 0
15, 1909248, Note_on_c, 8, 57, 105
15, 1909504, Note_on_c, 8, 57, 0
15, 1909760, Note_on_c, 8, 59, 105
15, 1910016, Note_on_c, 8, 59, 0
15, 1910272, Note_on_c, 8, 61, 105
15, 1910528, Note_on_c, 8, 61, 0
15, 1910784, Note_on_c, 8, 62, 105
15, 1911040, Note_on_c, 8, 62, 0
15, 1911296, Note_on_c, 8, 64, 105
15, 1911552, Note_on_c, 8, 64, 0
15, 1911808, Note_on_c, 8, 66, 105
15, 1912064, Note_on_c, 8, 66, 0
15, 1912320, Note_on_c, 8, 67, 105
15, 1912576, Note_on_c, 8, 67, 0
15, 1912832, Note_on_c, 8, 57, 105
15, 1913088, Note_on_c, 8, 57, 0
15, 1913344, Note_on_c, 8, 59, 105
15, 1913600, Note_on_c, 8, 59, 0
15, 1913856, Note_on_c, 8, 57, 105
15, 1914112, Note_on_c, 8, 57, 0
15, 1914368, Note_on_c, 8, 61, 105
15, 1914624, Note_on_c, 8, 61, 0
15, 1914880, Note_on_c, 8, 62, 105
15, 1915136, Note_on_c, 8, 62, 0
15, 1915392, Note_on_c, 8, 59, 105
15, 1915648, Note_on_c, 8, 59, 0
15, 1915904, Note_on_c, 8, 57, 105
15, 1916160, Note_on_c, 8, 57, 0
15, 1916416, Note_on_c, 8, 55, 105
15, 1916672, Note_on_c, 8, 55, 0
15, 1916928, Note_on_c, 8, 54, 105
15, 1917184, Note_on_c, 8, 54, 0
15, 1917440, Note_on_c, 8, 52, 105
15, 1917696, Note_on_c, 8, 52, 0
15, 1917952, Note_on_c, 8, 50, 105
15, 1918208, Note_on_c, 8, 50, 0
15, 1918464, Note_on_c, 8, 64, 105
15, 1918720, Note_on_c, 8, 64, 0
15, 1918976, Note_on_c, 8, 62, 105
15, 1919232, Note_on_c, 8, 62, 0
15, 1919488, Note_on_c, 8, 60, 105
15, 1919744, Note_on_c, 8, 60, 0
15, 1920000, Note_on_c, 8, 59, 105
15, 1920256, Note_on_c, 8, 59, 0
15, 1920512, Note_on_c, 8, 57, 105
15, 1920768, Note_on_c, 8, 57, 0
15, 1921024, Note_on_c, 8, 55, 105
15, 1921280, Note_on_c, 8, 55, 0
15, 1921536, Note_on_c, 8, 69, 105
15, 1921792, Note_on_c, 8, 69, 0
15, 1922048, Note_on_c, 8, 71, 105
15, 1922304, Note_on_c, 8, 71, 0
15, 1922560, Note_on_c, 8, 72, 105
15, 1922816, Note_on_c, 8, 72, 0
15, 1923072, Note_on_c, 8, 74, 105
15, 1923328, Note_on_c, 8, 74, 0
15, 1923584, Note_on_c, 8, 76, 105
15, 1923840, Note_on_c, 8, 76, 0
15, 1924096, Note_on_c, 8, 66, 105
15, 1924352, Note_on_c, 8, 66, 0
15, 1924608, Note_on_c, 8, 67, 105
15, 1924864, Note_on_c, 8, 67, 0
15, 1925120, Note_on_c, 8, 69, 105
15, 1925376, Note_on_c, 8, 69, 0
15, 1925632, Note_on_c, 8, 71, 105
15, 1925888, Note_on_c, 8, 71, 0
15, 1926144, Note_on_c, 8, 55, 105
15, 1926400, Note_on_c, 8, 55, 0
15, 1926656, Note_on_c, 8, 55, 105
15, 1926912, Note_on_c, 8, 55, 0
15, 1927168, Note_on_c, 8, 57, 105
15, 1927424, Note_on_c, 8, 57, 0
15, 1927680, Note_on_c, 8, 67, 105
15, 1927936, Note_on_c, 8, 67, 0
15, 1928192, Note_on_c, 8, 66, 105
15, 1928448, Note_on_c, 8, 66, 0
15, 1928704, Note_on_c, 8, 76, 105
15, 1928960, Note_on_c, 8, 76, 0
15, 1929216, Note_on_c, 8, 74, 105
15, 1929472, Note_on_c, 8, 74, 0
15, 1929728, Note_on_c, 8, 73, 105
15, 1929984, Note_on_c, 8, 73, 0
15, 1930240, Note_on_c, 8, 71, 105
15, 1930496, Note_on_c, 8, 71, 0
15, 1930752, Note_on_c, 8, 69, 105
15, 1931008, Note_on_c, 8, 69, 0
15, 1931264, Note_on_c, 8, 74, 105
15, 1931520, Note_on_c, 8, 74, 0
15, 1931776, Note_on_c, 8, 69, 105
15, 1932032, Note_on_c, 8, 69, 0
15, 1932288, Note_on_c, 8, 66, 105
15, 1932544, Note_on_c, 8, 66, 0
15, 1932800, Note_on_c, 8, 62, 105
15, 1933056, Note_on_c, 8, 62, 0
15, 1933312, Note_on_c, 8, 59, 105
15, 1933568, Note_on_c, 8, 59, 0
15, 1933824, Note_on_c, 8, 57, 105
15, 1934080, Note_on_c, 8, 57, 0
15, 1934336, Note_on_c, 8, 56, 105
15, 1934592, Note_on_c, 8, 56, 0
15, 1934848, Note_on_c, 8, 57, 105
15, 1935104, Note_on_c, 8, 57, 0
15, 1935360, Note_on_c, 8, 69, 105
15, 1935616, Note_on_c, 8, 69, 0
15, 1935872, Note_on_c, 8, 69, 105
15, 1936128, Note_on_c, 8, 69, 0
15, 1936384, Note_on_c, 8, 62, 105
15, 1936640, Note_on_c, 8, 62, 0
15, 1936896, Note_on_c, 8, 69, 105
15, 1937152, Note_on_c, 8, 69, 0
15, 1937408, Note_on_c, 8, 68, 105
15, 1937664, Note_on_c, 8, 68, 0
15, 1937920, Note_on_c, 8, 69, 105
15, 1938176, Note_on_c, 8, 69, 0
15, 1938432, Note_on_c, 8, 66, 105
15, 1938688, Note_on_c, 8, 66, 0
15, 1938944, Note_on_c, 8, 62, 105
15, 1939200, Note_on_c, 8, 62, 0
15, 1939456, Note_on_c, 8, 57, 99
15, 1939712, Note_on_c, 8, 57, 0
15, 1939968, Note_on_c, 8, 69, 99
15, 1940224, Note_on_c, 8, 69, 0
15, 1940480, Note_on_c, 8, 68, 99
15, 1940736, Note_on_c, 8, 68, 0
15, 1940992, Note_on_c, 8, 69, 99
15, 1941248, Note_on_c, 8, 69, 0
15, 1941504, Note_on_c, 8, 64, 100
15, 1941760, Note_on_c, 8, 64, 0
15, 1942016, Note_on_c, 8, 61, 100
15, 1942272, Note_on_c, 8, 61, 0
15, 1942528, Note_on_c, 8, 57, 100
15, 1942784, Note_on_c, 8, 57, 0
15, 1943040, Note_on_c, 8, 69, 100
15, 1943296, Note_on_c, 8, 69, 0
15, 1943552, Note_on_c, 8, 68, 101
15, 1943808, Note_on_c, 8, 68, 0
15, 1944064, Note_on_c, 8, 69, 101
15, 1944320, Note_on_c, 8, 69, 0
15, 1944576, Note_on_c, 8, 66, 101
15, 1944832, Note_on_c, 8, 66, 0
15, 1945088, Note_on_c, 8, 62, 101
15, 1945344, Note_on_c, 8, 62, 0
15, 1945600, Note_on_c, 8, 57, 102
15, 1945856, Note_on_c, 8, 57, 0
15, 1946112, Note_on_c, 8, 69, 102
15, 1946368, Note_on_c, 8, 69, 0
15, 1946624, Note_on_c, 8, 71, 102
15, 1946880, Note_on_c, 8, 71, 0
15, 1947136, Note_on_c, 8, 69, 102
15, 1947392, Note_on_c, 8, 69, 0
15, 1947648, Note_on_c, 8, 57, 103
15, 1947904, Note_on_c, 8, 57, 0
15, 1948160, Note_on_c, 8, 57, 103
15, 1948416, Note_on_c, 8, 57, 0
15, 1948672, Note_on_c, 8, 57, 103
15, 1948928, Note_on_c, 8, 57, 0
15, 1949184, Note_on_c, 8, 69, 103
15, 1949440, Note_on_c, 8, 69, 0
15, 1949696, Note_on_c, 8, 68, 104
15, 1949952, Note_on_c, 8, 68, 0
15, 1950208, Note_on_c, 8, 69, 104
15, 1950464, Note_on_c, 8, 69, 0
15, 1950720, Note_on_c, 8, 66, 104
15, 1950976, Note_on_c, 8, 66, 0
15, 1951232, Note_on_c, 8, 62, 105
15, 1951488, Note_on_c, 8, 62, 0
15, 1951744, Note_on_c, 8, 57, 105
15, 1952000, Note_on_c, 8, 57, 0
15, 1952256, Note_on_c, 8, 69, 105
15, 1952512, Note_on_c, 8, 69, 0
15, 1952768, Note_on_c, 8, 71, 105
15, 1953024, Note_on_c, 8, 71, 0
15, 1953280, Note_on_c, 8, 69, 106
15, 1953536, Note_on_c, 8, 69, 0
15, 1953792, Note_on_c, 8, 57, 106
15, 1954048, Note_on_c, 8, 57, 0
15, 1954304, Note_on_c, 8, 57, 106
15, 1954560, Note_on_c, 8, 57, 0
15, 1954816, Note_on_c, 8, 58, 106
15, 1955072, Note_on_c, 8, 58, 0
15, 1955328, Note_on_c, 8, 70, 107
15, 1955584, Note_on_c, 8, 70, 0
15, 1955840, Note_on_c, 8, 70, 107
15, 1956096, Note_on_c, 8, 70, 0
15, 1956352, Note_on_c, 8, 54, 107
15, 1956608, Note_on_c, 8, 54, 0
15, 1956864, Note_on_c, 8, 66, 107
15, 1957120, Note_on_c, 8, 66, 0
15, 1957376, Note_on_c, 8, 66, 108
15, 1957632, Note_on_c, 8, 66, 0
15, 1957888, Note_on_c, 8, 59, 108
15, 1958144, Note_on_c, 8, 59, 0
15, 1958400, Note_on_c, 8, 71, 108
15, 1958656, Note_on_c, 8, 71, 0
15, 1958912, Note_on_c, 8, 71, 108
15, 1959168, Note_on_c, 8, 71, 0
15, 1959424, Note_on_c, 8, 52, 109
15, 1959680, Note_on_c, 8, 52, 0
15, 1959936, Note_on_c, 8, 64, 109
15, 1960192, Note_on_c, 8, 64, 0
15, 1960448, Note_on_c, 8, 64, 109
15, 1960704, Note_on_c, 8, 64, 0
15, 1960960, Note_on_c, 8, 57, 109
15, 1961216, Note_on_c, 8, 57, 0
15, 1961472, Note_on_c, 8, 69, 110
15, 1961728, Note_on_c, 8, 69, 0
15, 1961984, Note_on_c, 8, 69, 110
15, 1962240, Note_on_c, 8, 69, 0
15, 1962496, Note_on_c, 8, 57, 110
15, 1962752, Note_on_c, 8, 57, 0
15, 1963008, Note_on_c, 8, 69, 110
15, 1963264, Note_on_c, 8, 69, 0
15, 1963520, Note_on_c, 8, 69, 111
15, 1963776, Note_on_c, 8, 69, 0
15, 1964032, Note_on_c, 8, 50, 111
15, 1964288, Note_on_c, 8, 50, 0
15, 1964544, Note_on_c, 8, 74, 111
15, 1964800, Note_on_c, 8, 74, 0
15, 1965056, Note_on_c, 8, 72, 111
15, 1965312, Note_on_c, 8, 72, 0
15, 1965568, Note_on_c, 8, 71, 111
15, 1965824, Note_on_c, 8, 71, 0
15, 1966080, Note_on_c, 8, 69, 111
15, 1966336, Note_on_c, 8, 69, 0
15, 1966592, Note_on_c, 8, 67, 111
15, 1966848, Note_on_c, 8, 67, 0
15, 1967104, Note_on_c, 8, 66, 111
15, 1967360, Note_on_c, 8, 66, 0
15, 1967616, Note_on_c, 8, 64, 111
15, 1967872, Note_on_c, 8, 64, 0
15, 1968128, Note_on_c, 8, 62, 111
15, 1968384, Note_on_c, 8, 62, 0
15, 1968640, Note_on_c, 8, 60, 111
15, 1968896, Note_on_c, 8, 60, 0
15, 1969152, Note_on_c, 8, 59, 111
15, 1969408, Note_on_c, 8, 59, 0
15, 1969664, Note_on_c, 8, 57, 111
15, 1969920, Note_on_c, 8, 57, 0
15, 1970176, Note_on_c, 8, 55, 111
15, 1970432, Note_on_c, 8, 55, 0
15, 1970688, Note_on_c, 8, 69, 111
15, 1970944, Note_on_c, 8, 69, 0
15, 1971200, Note_on_c, 8, 71, 111
15, 1971456, Note_on_c, 8, 71, 0
15, 1971712, Note_on_c, 8, 72, 111
15, 1971968, Note_on_c, 8, 72, 0
15, 1972224, Note_on_c, 8, 74, 111
15, 1972480, Note_on_c, 8, 74, 0
15, 1972736, Note_on_c, 8, 76, 111
15, 1972992, Note_on_c, 8, 76, 0
15, 1973248, Note_on_c, 8, 66, 111
15, 1973504, Note_on_c, 8, 66, 0
15, 1973760, Note_on_c, 8, 67, 111
15, 1974016, Note_on_c, 8, 67, 0
15, 1974272, Note_on_c, 8, 69, 111
15, 1974528, Note_on_c, 8, 69, 0
15, 1974784, Note_on_c, 8, 71, 111
15, 1975040, Note_on_c, 8, 71, 0
15, 1975296, Note_on_c, 8, 55, 111
15, 1975552, Note_on_c, 8, 55, 0
15, 1975808, Note_on_c, 8, 55, 111
15, 1976064, Note_on_c, 8, 55, 0
15, 1976320, Note_on_c, 8, 57, 111
15, 1976576, Note_on_c, 8, 57, 0
15, 1976832, Note_on_c, 8, 67, 111
15, 1977088, Note_on_c, 8, 67, 0
15, 1977344, Note_on_c, 8, 66, 111
15, 1977600, Note_on_c, 8, 66, 0
15, 1977856, Note_on_c, 8, 76, 111
15, 1978112, Note_on_c, 8, 76, 0
15, 1978368, Note_on_c, 8, 74, 111
15, 1978624, Note_on_c, 8, 74, 0
15, 1978880, Note_on_c, 8, 73, 111
15, 1979136, Note_on_c, 8, 73, 0
15, 1979392, Note_on_c, 8, 71, 111
15, 1979648, Note_on_c, 8, 71, 0
15, 1979904, Note_on_c, 8, 69, 111
15, 1980160, Note_on_c, 8, 69, 0
15, 1980416, Note_on_c, 8, 74, 111
15, 1980672, Note_on_c, 8, 74, 0
15, 1980928, Note_on_c, 8, 69, 111
15, 1981184, Note_on_c, 8, 69, 0
15, 1981440, Note_on_c, 8, 66, 111
15, 1981696, Note_on_c, 8, 66, 0
15, 1981952, Note_on_c, 8, 62, 111
15, 1982208, Note_on_c, 8, 62, 0
15, 1982464, Note_on_c, 8, 59, 111
15, 1982720, Note_on_c, 8, 59, 0
15, 1982976, Note_on_c, 8, 57, 111
15, 1983232, Note_on_c, 8, 57, 0
15, 1983488, Note_on_c, 8, 56, 111
15, 1983744, Note_on_c, 8, 56, 0
15, 1984000, Note_on_c, 8, 57, 111
15, 1984256, Note_on_c, 8, 57, 0
15, 1984512, Note_on_c, 8, 69, 111
15, 1984768, Note_on_c, 8, 69, 0
15, 1985024, Note_on_c, 8, 69, 111
15, 1985280, Note_on_c, 8, 69, 0
15, 1985536, Note_on_c, 8, 62, 111
15, 1985792, Note_on_c, 8, 62, 0
15, 1986048, Note_on_c, 8, 69, 110
15, 1986304, Note_on_c, 8, 69, 0
15, 1986560, Note_on_c, 8, 68, 109
15, 1986816, Note_on_c, 8, 68, 0
15, 1987072, Note_on_c, 8, 69, 108
15, 1987328, Note_on_c, 8, 69, 0
15, 1987584, Note_on_c, 8, 66, 107
15, 1987840, Note_on_c, 8, 66, 0
15, 1988096, Note_on_c, 8, 62, 106
15, 1988352, Note_on_c, 8, 62, 0
15, 1988608, Note_on_c, 8, 57, 105
15, 1988864, Note_on_c, 8, 57, 0
15, 1989120, Note_on_c, 8, 69, 104
15, 1989376, Note_on_c, 8, 69, 0
15, 1989632, Note_on_c, 8, 68, 104
15, 1989888, Note_on_c, 8, 68, 0
15, 1990144, Note_on_c, 8, 69, 104
15, 1990400, Note_on_c, 8, 69, 0
15, 1990656, Note_on_c, 8, 64, 104
15, 1990912, Note_on_c, 8, 64, 0
15, 1991168, Note_on_c, 8, 61, 105
15, 1991424, Note_on_c, 8, 61, 0
15, 1991680, Note_on_c, 8, 57, 105
15, 1991936, Note_on_c, 8, 57, 0
15, 1992192, Note_on_c, 8, 69, 105
15, 1992448, Note_on_c, 8, 69, 0
15, 1992704, Note_on_c, 8, 68, 105
15, 1992960, Note_on_c, 8, 68, 0
15, 1993216, Note_on_c, 8, 69, 106
15, 1993472, Note_on_c, 8, 69, 0
15, 1993728, Note_on_c, 8, 66, 106
15, 1993984, Note_on_c, 8, 66, 0
15, 1994240, Note_on_c, 8, 62, 106
15, 1994496, Note_on_c, 8, 62, 0
15, 1994752, Note_on_c, 8, 57, 106
15, 1995008, Note_on_c, 8, 57, 0
15, 1995264, Note_on_c, 8, 69, 107
15, 1995520, Note_on_c, 8, 69, 0
15, 1995776, Note_on_c, 8, 71, 107
15, 1996032, Note_on_c, 8, 71, 0
15, 1996288, Note_on_c, 8, 69, 107
15, 1996544, Note_on_c, 8, 69, 0
15, 1996800, Note_on_c, 8, 57, 107
15, 1997056, Note_on_c, 8, 57, 0
15, 1997312, Note_on_c, 8, 57, 108
15, 1997568, Note_on_c, 8, 57, 0
15, 1997824, Note_on_c, 8, 57, 108
15, 1998080, Note_on_c, 8, 57, 0
15, 1998336, Note_on_c, 8, 69, 108
15, 1998592, Note_on_c, 8, 69, 0
15, 1998848, Note_on_c, 8, 68, 108
15, 1999104, Note_on_c, 8, 68, 0
15, 1999360, Note_on_c, 8, 69, 109
15, 1999616, Note_on_c, 8, 69, 0
15, 1999872, Note_on_c, 8, 66, 109
15, 2000128, Note_on_c, 8, 66, 0
15, 2000384, Note_on_c, 8, 62, 109
15, 2000640, Note_on_c, 8, 62, 0
15, 2000896, Note_on_c, 8, 57, 109
15, 2001152, Note_on_c, 8, 57, 0
15, 2001408, Note_on_c, 8, 69, 109
15, 2001664, Note_on_c, 8, 69, 0
15, 2001920, Note_on_c, 8, 71, 110
15, 2002176, Note_on_c, 8, 71, 0
15, 2002432, Note_on_c, 8, 69, 110
15, 2002688, Note_on_c, 8, 69, 0
15, 2002944, Note_on_c, 8, 57, 110
15, 2003200, Note_on_c, 8, 57, 0
15, 2003456, Note_on_c, 8, 57, 110
15, 2003712, Note_on_c, 8, 57, 0
15, 2003968, Note_on_c, 8, 58, 111
15, 2004224, Note_on_c, 8, 58, 0
15, 2004480, Note_on_c, 8, 70, 111
15, 2004736, Note_on_c, 8, 70, 0
15, 2004992, Note_on_c, 8, 70, 111
15, 2005248, Note_on_c, 8, 70, 0
15, 2005504, Note_on_c, 8, 54, 111
15, 2005760, Note_on_c, 8, 54, 0
15, 2006016, Note_on_c, 8, 66, 112
15, 2006272, Note_on_c, 8, 66, 0
15, 2006528, Note_on_c, 8, 66, 112
15, 2006784, Note_on_c, 8, 66, 0
15, 2007040, Note_on_c, 8, 59, 112
15, 2007296, Note_on_c, 8, 59, 0
15, 2007552, Note_on_c, 8, 71, 112
15, 2007808, Note_on_c, 8, 71, 0
15, 2008064, Note_on_c, 8, 71, 113
15, 2008320, Note_on_c, 8, 71, 0
15, 2008576, Note_on_c, 8, 52, 113
15, 2008832, Note_on_c, 8, 52, 0
15, 2009088, Note_on_c, 8, 64, 113
15, 2009344, Note_on_c, 8, 64, 0
15, 2009600, Note_on_c, 8, 64, 113
15, 2009856, Note_on_c, 8, 64, 0
15, 2010112, Note_on_c, 8, 57, 114
15, 2010368, Note_on_c, 8, 57, 0
15, 2010624, Note_on_c, 8, 69, 114
15, 2010880, Note_on_c, 8, 69, 0
15, 2011136, Note_on_c, 8, 69, 114
15, 2011392, Note_on_c, 8, 69, 0
15, 2011648, Note_on_c, 8, 57, 114
15, 2011904, Note_on_c, 8, 57, 0
15, 2012160, Note_on_c, 8, 69, 114
15, 2012416, Note_on_c, 8, 69, 0
15, 2012672, Note_on_c, 8, 69, 114
15, 2012928, Note_on_c, 8, 69, 0
15, 2013184, Note_on_c, 8, 50, 114
15, 2013440, Note_on_c, 8, 50, 0
15, 2013696, Note_on_c, 8, 74, 113
15, 2013952, Note_on_c, 8, 74, 0
15, 2014208, Note_on_c, 8, 72, 113
15, 2014464, Note_on_c, 8, 72, 0
15, 2014720, Note_on_c, 8, 71, 113
15, 2014976, Note_on_c, 8, 71, 0
15, 2015232, Note_on_c, 8, 69, 113
15, 2015488, Note_on_c, 8, 69, 0
15, 2015744, Note_on_c, 8, 67, 112
15, 2016000, Note_on_c, 8, 67, 0
15, 2016256, Note_on_c, 8, 66, 112
15, 2016512, Note_on_c, 8, 66, 0
15, 2016768, Note_on_c, 8, 64, 112
15, 2017024, Note_on_c, 8, 64, 0
15, 2017280, Note_on_c, 8, 62, 112
15, 2017536, Note_on_c, 8, 62, 0
15, 2017792, Note_on_c, 8, 60, 112
15, 2018048, Note_on_c, 8, 60, 0
15, 2018304, Note_on_c, 8, 59, 111
15, 2018560, Note_on_c, 8, 59, 0
15, 2018816, Note_on_c, 8, 57, 111
15, 2019072, Note_on_c, 8, 57, 0
15, 2019328, Note_on_c, 8, 55, 111
15, 2019584, Note_on_c, 8, 55, 0
15, 2019840, Note_on_c, 8, 69, 111
15, 2020096, Note_on_c, 8, 69, 0
15, 2020352, Note_on_c, 8, 71, 110
15, 2020608, Note_on_c, 8, 71, 0
15, 2020864, Note_on_c, 8, 72, 110
15, 2021120, Note_on_c, 8, 72, 0
15, 2021376, Note_on_c, 8, 74, 110
15, 2021632, Note_on_c, 8, 74, 0
15, 2021888, Note_on_c, 8, 76, 110
15, 2022144, Note_on_c, 8, 76, 0
15, 2022400, Note_on_c, 8, 66, 109
15, 2022656, Note_on_c, 8, 66, 0
15, 2022912, Note_on_c, 8, 67, 109
15, 2023168, Note_on_c, 8, 67, 0
15, 2023424, Note_on_c, 8, 69, 109
15, 2023680, Note_on_c, 8, 69, 0
15, 2023936, Note_on_c, 8, 71, 109
15, 2024192, Note_on_c, 8, 71, 0
15, 2024448, Note_on_c, 8, 55, 108
15, 2024704, Note_on_c, 8, 55, 0
15, 2024960, Note_on_c, 8, 55, 108
15, 2025216, Note_on_c, 8, 55, 0
15, 2025472, Note_on_c, 8, 57, 108
15, 2025728, Note_on_c, 8, 57, 0
15, 2025984, Note_on_c, 8, 67, 108
15, 2026240, Note_on_c, 8, 67, 0
15, 2026496, Note_on_c, 8, 66, 107
15, 2026752, Note_on_c, 8, 66, 0
15, 2027008, Note_on_c, 8, 76, 107
15, 2027264, Note_on_c, 8, 76, 0
15, 2027520, Note_on_c, 8, 74, 107
15, 2027776, Note_on_c, 8, 74, 0
15, 2028032, Note_on_c, 8, 73, 107
15, 2028288, Note_on_c, 8, 73, 0
15, 2028544, Note_on_c, 8, 71, 106
15, 2028800, Note_on_c, 8, 71, 0
15, 2029056, Note_on_c, 8, 69, 106
15, 2029312, Note_on_c, 8, 69, 0
15, 2029568, Note_on_c, 8, 74, 106
15, 2029824, Note_on_c, 8, 74, 0
15, 2030080, Note_on_c, 8, 69, 106
15, 2030336, Note_on_c, 8, 69, 0
15, 2030592, Note_on_c, 8, 66, 105
15, 2030848, Note_on_c, 8, 66, 0
15, 2031104, Note_on_c, 8, 62, 105
15, 2031360, Note_on_c, 8, 62, 0
15, 2031616, Note_on_c, 8, 59, 105
15, 2031872, Note_on_c, 8, 59, 0
15, 2032128, Note_on_c, 8, 57, 105
15, 2032384, Note_on_c, 8, 57, 0
15, 2032640, Note_on_c, 8, 56, 105
15, 2032896, Note_on_c, 8, 56, 0
15, 2033152, Note_on_c, 8, 57, 104
15, 2033408, Note_on_c, 8, 57, 0
15, 2033664, Note_on_c, 8, 69, 104
15, 2033920, Note_on_c, 8, 69, 0
15, 2034176, Note_on_c, 8, 69, 104
15, 2034432, Note_on_c, 8, 69, 0
15, 2034688, Note_on_c, 8, 62, 104
15, 2034944, Note_on_c, 8, 62, 0
15, 2035200, Note_on_c, 8, 74, 104
15, 2035456, Note_on_c, 8, 74, 0
15, 2035712, Note_on_c, 8, 73, 104
15, 2035968, Note_on_c, 8, 73, 0
15, 2036224, Note_on_c, 8, 74, 104
15, 2036480, Note_on_c, 8, 74, 0
15, 2036736, Note_on_c, 8, 66, 104
15, 2036992, Note_on_c, 8, 66, 0
15, 2037248, Note_on_c, 8, 69, 104
15, 2037504, Note_on_c, 8, 69, 0
15, 2037760, Note_on_c, 8, 74, 118
15, 2038016, Note_on_c, 8, 74, 0
15, 2038272, Note_on_c, 8, 50, 104
15, 2038528, Note_on_c, 8, 50, 0
15, 2038784, Note_on_c, 8, 49, 104
15, 2039040, Note_on_c, 8, 49, 0
15, 2039296, Note_on_c, 8, 50, 104
15, 2039552, Note_on_c, 8, 50, 0
15, 2039808, Note_on_c, 8, 54, 104
15, 2040064, Note_on_c, 8, 54, 0
15, 2040320, Note_on_c, 8, 57, 104
15, 2040576, Note_on_c, 8, 57, 0
15, 2040832, Note_on_c, 8, 60, 104
15, 2041088, Note_on_c, 8, 60, 0
15, 2041344, Note_on_c, 8, 76, 104
15, 2041600, Note_on_c, 8, 76, 0
15, 2041856, Note_on_c, 8, 74, 104
15, 2042112, Note_on_c, 8, 74, 0
15, 2042368, Note_on_c, 8, 72, 104
15, 2042624, Note_on_c, 8, 72, 0
15, 2042880, Note_on_c, 8, 71, 104
15, 2043136, Note_on_c, 8, 71, 0
15, 2043392, Note_on_c, 8, 69, 104
15, 2043648, Note_on_c, 8, 69, 0
15, 2043904, Note_on_c, 8, 67, 118
15, 2044160, Note_on_c, 8, 67, 0
15, 2044416, Note_on_c, 8, 71, 105
15, 2044672, Note_on_c, 8, 71, 0
15, 2044928, Note_on_c, 8, 74, 107
15, 2045184, Note_on_c, 8, 74, 0
15, 2045440, Note_on_c, 8, 55, 108
15, 2045696, Note_on_c, 8, 55, 0
15, 2045952, Note_on_c, 8, 59, 110
15, 2046208, Note_on_c, 8, 59, 0
15, 2046464, Note_on_c, 8, 62, 111
15, 2046720, Note_on_c, 8, 62, 0
15, 2046976, Note_on_c, 8, 67, 113
15, 2047724, Note_on_c, 8, 67, 0
15, 2050048, Control_c, 8, 121, 127
15, 2050048, End_track
16, 0, Start_track
16, 0, Title_t, "Solo soprano"
16, 0, Program_c, 10, 69
16, 0, Control_c, 10, 121, 127
16, 0, Control_c, 10, 91, 127
16, 0, Control_c, 10, 1, 15
16, 0, Control_c, 10, 10, 60
16, 996352, Note_on_c, 10, 74, 61
16, 997376, Note_on_c, 10, 74, 0
16, 997376, Note_on_c, 10, 74, 63
16, 998400, Note_on_c, 10, 74, 0
16, 998400, Note_on_c, 10, 76, 65
16, 999424, Note_on_c, 10, 76, 0
16, 999424, Note_on_c, 10, 78, 68
16, 1000448, Note_on_c, 10, 78, 0
16, 1000448, Note_on_c, 10, 78, 70
16, 1001472, Note_on_c, 10, 78, 0
16, 1001472, Note_on_c, 10, 76, 69
16, 1002496, Note_on_c, 10, 76, 0
16, 1002496, Note_on_c, 10, 74, 65
16, 1003520, Note_on_c, 10, 74, 0
16, 1003520, Note_on_c, 10, 73, 62
16, 1004544, Note_on_c, 10, 73, 0
16, 1004544, Note_on_c, 10, 74, 59
16, 1005568, Note_on_c, 10, 74, 0
16, 1005568, Note_on_c, 10, 74, 64
16, 1006592, Note_on_c, 10, 74, 0
16, 1006592, Note_on_c, 10, 76, 66
16, 1007616, Note_on_c, 10, 76, 0
16, 1007616, Note_on_c, 10, 78, 68
16, 1008640, Note_on_c, 10, 78, 0
16, 1008640, Note_on_c, 10, 76, 70
16, 1010176, Note_on_c, 10, 76, 0
16, 1010176, Note_on_c, 10, 74, 67
16, 1010688, Note_on_c, 10, 74, 0
16, 1010688, Note_on_c, 10, 74, 65
16, 1012326, Note_on_c, 10, 74, 0
16, 1012736, Note_on_c, 10, 76, 58
16, 1013760, Note_on_c, 10, 76, 0
16, 1013760, Note_on_c, 10, 76, 59
16, 1014784, Note_on_c, 10, 76, 0
16, 1014784, Note_on_c, 10, 78, 60
16, 1015808, Note_on_c, 10, 78, 0
16, 1015808, Note_on_c, 10, 74, 61
16, 1016832, Note_on_c, 10, 74, 0
16, 1016832, Note_on_c, 10, 76, 62
16, 1017856, Note_on_c, 10, 76, 0
16, 1017856, Note_on_c, 10, 78, 63
16, 1018368, Note_on_c, 10, 78, 0
16, 1018368, Note_on_c, 10, 79, 64
16, 1018880, Note_on_c, 10, 79, 0
16, 1018880, Note_on_c, 10, 78, 64
16, 1019904, Note_on_c, 10, 78, 0
16, 1019904, Note_on_c, 10, 74, 66
16, 1020928, Note_on_c, 10, 74, 0
16, 1020928, Note_on_c, 10, 76, 67
16, 1021952, Note_on_c, 10, 76, 0
16, 1021952, Note_on_c, 10, 78, 68
16, 1022464, Note_on_c, 10, 78, 0
16, 1022464, Note_on_c, 10, 79, 68
16, 1022976, Note_on_c, 10, 79, 0
16, 1022976, Note_on_c, 10, 78, 69
16, 1024000, Note_on_c, 10, 78, 0
16, 1024000, Note_on_c, 10, 76, 70
16, 1025024, Note_on_c, 10, 76, 0
16, 1025024, Note_on_c, 10, 74, 71
16, 1026048, Note_on_c, 10, 74, 0
16, 1026048, Note_on_c, 10, 76, 72
16, 1027072, Note_on_c, 10, 76, 0
16, 1027072, Note_on_c, 10, 69, 72
16, 1027820, Note_on_c, 10, 69, 0
16, 1028096, Note_on_c, 10, 78, 76
16, 1030144, Note_on_c, 10, 78, 0
16, 1030144, Note_on_c, 10, 78, 85
16, 1031168, Note_on_c, 10, 78, 0
16, 1031168, Note_on_c, 10, 79, 93
16, 1032192, Note_on_c, 10, 79, 0
16, 1032192, Note_on_c, 10, 81, 87
16, 1033216, Note_on_c, 10, 81, 0
16, 1033216, Note_on_c, 10, 81, 85
16, 1034240, Note_on_c, 10, 81, 0
16, 1034240, Note_on_c, 10, 79, 81
16, 1035264, Note_on_c, 10, 79, 0
16, 1035264, Note_on_c, 10, 78, 76
16, 1036288, Note_on_c, 10, 78, 0
16, 1036288, Note_on_c, 10, 76, 72
16, 1037312, Note_on_c, 10, 76, 0
16, 1037312, Note_on_c, 10, 74, 67
16, 1038336, Note_on_c, 10, 74, 0
16, 1038336, Note_on_c, 10, 74, 63
16, 1039360, Note_on_c, 10, 74, 0
16, 1039360, Note_on_c, 10, 76, 65
16, 1040384, Note_on_c, 10, 76, 0
16, 1040384, Note_on_c, 10, 78, 68
16, 1041408, Note_on_c, 10, 78, 0
16, 1041408, Note_on_c, 10, 76, 70
16, 1042944, Note_on_c, 10, 76, 0
16, 1042944, Note_on_c, 10, 74, 62
16, 1043456, Note_on_c, 10, 74, 0
16, 1043456, Note_on_c, 10, 74, 58
16, 1045094, Note_on_c, 10, 74, 0
16, 1125888, Note_on_c, 10, 74, 50
16, 1126400, Note_on_c, 10, 74, 0
16, 1126400, Note_on_c, 10, 76, 48
16, 1126912, Note_on_c, 10, 76, 0
16, 1126912, Note_on_c, 10, 78, 47
16, 1127936, Note_on_c, 10, 78, 0
16, 1127936, Note_on_c, 10, 76, 46
16, 1128310, Note_on_c, 10, 76, 0
16, 1128448, Note_on_c, 10, 74, 47
16, 1128960, Note_on_c, 10, 74, 0
16, 1128960, Note_on_c, 10, 76, 47
16, 1129334, Note_on_c, 10, 76, 0
16, 1129472, Note_on_c, 10, 79, 48
16, 1129984, Note_on_c, 10, 79, 0
16, 1129984, Note_on_c, 10, 78, 48
16, 1130358, Note_on_c, 10, 78, 0
16, 1130496, Note_on_c, 10, 76, 49
16, 1131008, Note_on_c, 10, 76, 0
16, 1131008, Note_on_c, 10, 74, 49
16, 1131382, Note_on_c, 10, 74, 0
16, 1131520, Note_on_c, 10, 78, 50
16, 1132032, Note_on_c, 10, 78, 0
16, 1132032, Note_on_c, 10, 76, 50
16, 1132406, Note_on_c, 10, 76, 0
16, 1132544, Note_on_c, 10, 74, 50
16, 1133056, Note_on_c, 10, 74, 0
16, 1133056, Note_on_c, 10, 76, 51
16, 1133430, Note_on_c, 10, 76, 0
16, 1133568, Note_on_c, 10, 79, 51
16, 1134080, Note_on_c, 10, 79, 0
16, 1134080, Note_on_c, 10, 78, 52
16, 1134454, Note_on_c, 10, 78, 0
16, 1134592, Note_on_c, 10, 76, 52
16, 1135104, Note_on_c, 10, 76, 0
16, 1135104, Note_on_c, 10, 74, 53
16, 1135478, Note_on_c, 10, 74, 0
16, 1135616, Note_on_c, 10, 78, 53
16, 1136128, Note_on_c, 10, 78, 0
16, 1136128, Note_on_c, 10, 76, 54
16, 1136502, Note_on_c, 10, 76, 0
16, 1136640, Note_on_c, 10, 74, 54
16, 1137152, Note_on_c, 10, 74, 0
16, 1137152, Note_on_c, 10, 76, 55
16, 1137526, Note_on_c, 10, 76, 0
16, 1137664, Note_on_c, 10, 79, 55
16, 1138176, Note_on_c, 10, 79, 0
16, 1138176, Note_on_c, 10, 78, 56
16, 1138550, Note_on_c, 10, 78, 0
16, 1138688, Note_on_c, 10, 78, 56
16, 1139200, Note_on_c, 10, 78, 0
16, 1139200, Note_on_c, 10, 76, 57
16, 1139574, Note_on_c, 10, 76, 0
16, 1139712, Note_on_c, 10, 76, 57
16, 1140224, Note_on_c, 10, 76, 0
16, 1140224, Note_on_c, 10, 74, 58
16, 1140598, Note_on_c, 10, 74, 0
16, 1140736, Note_on_c, 10, 74, 58
16, 1141248, Note_on_c, 10, 74, 0
16, 1141248, Note_on_c, 10, 76, 59
16, 1141622, Note_on_c, 10, 76, 0
16, 1141760, Note_on_c, 10, 69, 59
16, 1142508, Note_on_c, 10, 69, 0
16, 1142784, Note_on_c, 10, 78, 58
16, 1144320, Note_on_c, 10, 78, 0
16, 1144320, Note_on_c, 10, 79, 63
16, 1144694, Note_on_c, 10, 79, 0
16, 1144832, Note_on_c, 10, 76, 64
16, 1145344, Note_on_c, 10, 76, 0
16, 1145344, Note_on_c, 10, 78, 65
16, 1145718, Note_on_c, 10, 78, 0
16, 1145856, Note_on_c, 10, 79, 67
16, 1146368, Note_on_c, 10, 79, 0
16, 1146368, Note_on_c, 10, 81, 68
16, 1146742, Note_on_c, 10, 81, 0
16, 1146880, Note_on_c, 10, 83, 69
16, 1147392, Note_on_c, 10, 83, 0
16, 1147392, Note_on_c, 10, 81, 71
16, 1147766, Note_on_c, 10, 81, 0
16, 1147904, Note_on_c, 10, 81, 72
16, 1148416, Note_on_c, 10, 81, 0
16, 1148416, Note_on_c, 10, 79, 74
16, 1148790, Note_on_c, 10, 79, 0
16, 1148928, Note_on_c, 10, 83, 75
16, 1149440, Note_on_c, 10, 83, 0
16, 1149440, Note_on_c, 10, 79, 76
16, 1149814, Note_on_c, 10, 79, 0
16, 1149952, Note_on_c, 10, 78, 78
16, 1150464, Note_on_c, 10, 78, 0
16, 1150464, Note_on_c, 10, 76, 79
16, 1150838, Note_on_c, 10, 76, 0
16, 1150976, Note_on_c, 10, 79, 80
16, 1151488, Note_on_c, 10, 79, 0
16, 1151488, Note_on_c, 10, 76, 82
16, 1151862, Note_on_c, 10, 76, 0
16, 1152000, Note_on_c, 10, 76, 83
16, 1152512, Note_on_c, 10, 76, 0
16, 1152512, Note_on_c, 10, 74, 85
16, 1152886, Note_on_c, 10, 74, 0
16, 1153024, Note_on_c, 10, 73, 86
16, 1153536, Note_on_c, 10, 73, 0
16, 1153536, Note_on_c, 10, 74, 87
16, 1153910, Note_on_c, 10, 74, 0
16, 1154048, Note_on_c, 10, 78, 89
16, 1154560, Note_on_c, 10, 78, 0
16, 1154560, Note_on_c, 10, 76, 90
16, 1154934, Note_on_c, 10, 76, 0
16, 1155072, Note_on_c, 10, 79, 91
16, 1155584, Note_on_c, 10, 79, 0
16, 1155584, Note_on_c, 10, 78, 91
16, 1155958, Note_on_c, 10, 78, 0
16, 1156096, Note_on_c, 10, 78, 92
16, 1156608, Note_on_c, 10, 78, 0
16, 1156608, Note_on_c, 10, 76, 93
16, 1157427, Note_on_c, 10, 76, 0
16, 1157632, Note_on_c, 10, 69, 94
16, 1158144, Note_on_c, 10, 69, 0
16, 1158144, Note_on_c, 10, 74, 95
16, 1159782, Note_on_c, 10, 74, 0
16, 2050048, Control_c, 10, 121, 127
16, 2050048, End_track
17, 0, Start_track
17, 0, Title_t, "Solo alto"
17, 0, Program_c, 10, 69
17, 979968, Note_on_c, 10, 66, 72
17, 980992, Note_on_c, 10, 66, 0
17, 980992, Note_on_c, 10, 66, 73
17, 982016, Note_on_c, 10, 66, 0
17, 982016, Note_on_c, 10, 67, 74
17, 983040, Note_on_c, 10, 67, 0
17, 983040, Note_on_c, 10, 69, 75
17, 984064, Note_on_c, 10, 69, 0
17, 984064, Note_on_c, 10, 69, 75
17, 985088, Note_on_c, 10, 69, 0
17, 985088, Note_on_c, 10, 67, 75
17, 986112, Note_on_c, 10, 67, 0
17, 986112, Note_on_c, 10, 66, 74
17, 987136, Note_on_c, 10, 66, 0
17, 987136, Note_on_c, 10, 64, 73
17, 988160, Note_on_c, 10, 64, 0
17, 988160, Note_on_c, 10, 62, 72
17, 989184, Note_on_c, 10, 62, 0
17, 989184, Note_on_c, 10, 62, 72
17, 990208, Note_on_c, 10, 62, 0
17, 990208, Note_on_c, 10, 64, 74
17, 991232, Note_on_c, 10, 64, 0
17, 991232, Note_on_c, 10, 66, 76
17, 992256, Note_on_c, 10, 66, 0
17, 992256, Note_on_c, 10, 66, 78
17, 993792, Note_on_c, 10, 66, 0
17, 993792, Note_on_c, 10, 64, 72
17, 994304, Note_on_c, 10, 64, 0
17, 994304, Note_on_c, 10, 64, 70
17, 995942, Note_on_c, 10, 64, 0
17, 996352, Note_on_c, 10, 66, 61
17, 997376, Note_on_c, 10, 66, 0
17, 997376, Note_on_c, 10, 66, 63
17, 998400, Note_on_c, 10, 66, 0
17, 998400, Note_on_c, 10, 67, 65
17, 999424, Note_on_c, 10, 67, 0
17, 999424, Note_on_c, 10, 69, 68
17, 1000448, Note_on_c, 10, 69, 0
17, 1000448, Note_on_c, 10, 69, 70
17, 1001472, Note_on_c, 10, 69, 0
17, 1001472, Note_on_c, 10, 67, 69
17, 1002496, Note_on_c, 10, 67, 0
17, 1002496, Note_on_c, 10, 66, 65
17, 1003520, Note_on_c, 10, 66, 0
17, 1003520, Note_on_c, 10, 64, 62
17, 1004544, Note_on_c, 10, 64, 0
17, 1004544, Note_on_c, 10, 62, 59
17, 1005568, Note_on_c, 10, 62, 0
17, 1005568, Note_on_c, 10, 66, 64
17, 1006592, Note_on_c, 10, 66, 0
17, 1006592, Note_on_c, 10, 67, 66
17, 1007616, Note_on_c, 10, 67, 0
17, 1007616, Note_on_c, 10, 69, 68
17, 1008640, Note_on_c, 10, 69, 0
17, 1008640, Note_on_c, 10, 67, 70
17, 1010176, Note_on_c, 10, 67, 0
17, 1010176, Note_on_c, 10, 66, 67
17, 1010688, Note_on_c, 10, 66, 0
17, 1010688, Note_on_c, 10, 66, 65
17, 1011200, Note_on_c, 10, 66, 0
17, 1011200, Note_on_c, 10, 69, 64
17, 1011712, Note_on_c, 10, 69, 0
17, 1011712, Note_on_c, 10, 67, 62
17, 1012224, Note_on_c, 10, 67, 0
17, 1012224, Note_on_c, 10, 66, 61
17, 1012736, Note_on_c, 10, 66, 0
17, 1012736, Note_on_c, 10, 64, 58
17, 1013760, Note_on_c, 10, 64, 0
17, 1013760, Note_on_c, 10, 69, 59
17, 1014784, Note_on_c, 10, 69, 0
17, 1014784, Note_on_c, 10, 69, 60
17, 1015808, Note_on_c, 10, 69, 0
17, 1015808, Note_on_c, 10, 66, 61
17, 1016320, Note_on_c, 10, 66, 0
17, 1016320, Note_on_c, 10, 69, 62
17, 1016832, Note_on_c, 10, 69, 0
17, 1016832, Note_on_c, 10, 69, 62
17, 1017856, Note_on_c, 10, 69, 0
17, 1017856, Note_on_c, 10, 69, 63
17, 1018880, Note_on_c, 10, 69, 0
17, 1018880, Note_on_c, 10, 69, 64
17, 1019904, Note_on_c, 10, 69, 0
17, 1019904, Note_on_c, 10, 67, 66
17, 1020416, Note_on_c, 10, 67, 0
17, 1020416, Note_on_c, 10, 66, 66
17, 1020928, Note_on_c, 10, 66, 0
17, 1020928, Note_on_c, 10, 64, 67
17, 1021440, Note_on_c, 10, 64, 0
17, 1021440, Note_on_c, 10, 73, 67
17, 1021952, Note_on_c, 10, 73, 0
17, 1021952, Note_on_c, 10, 74, 68
17, 1022464, Note_on_c, 10, 74, 0
17, 1022464, Note_on_c, 10, 76, 68
17, 1022976, Note_on_c, 10, 76, 0
17, 1022976, Note_on_c, 10, 73, 69
17, 1024000, Note_on_c, 10, 73, 0
17, 1024000, Note_on_c, 10, 73, 70
17, 1025024, Note_on_c, 10, 73, 0
17, 1025024, Note_on_c, 10, 71, 71
17, 1026048, Note_on_c, 10, 71, 0
17, 1026048, Note_on_c, 10, 68, 72
17, 1027072, Note_on_c, 10, 68, 0
17, 1027072, Note_on_c, 10, 69, 72
17, 1027820, Note_on_c, 10, 69, 0
17, 1028096, Note_on_c, 10, 69, 76
17, 1030144, Note_on_c, 10, 69, 0
17, 1030144, Note_on_c, 10, 69, 85
17, 1031168, Note_on_c, 10, 69, 0
17, 1031168, Note_on_c, 10, 69, 93
17, 1032192, Note_on_c, 10, 69, 0
17, 1032192, Note_on_c, 10, 69, 87
17, 1033216, Note_on_c, 10, 69, 0
17, 1033216, Note_on_c, 10, 69, 85
17, 1034240, Note_on_c, 10, 69, 0
17, 1034240, Note_on_c, 10, 69, 81
17, 1035264, Note_on_c, 10, 69, 0
17, 1035264, Note_on_c, 10, 69, 76
17, 1036288, Note_on_c, 10, 69, 0
17, 1036288, Note_on_c, 10, 69, 72
17, 1037312, Note_on_c, 10, 69, 0
17, 1037312, Note_on_c, 10, 69, 67
17, 1038336, Note_on_c, 10, 69, 0
17, 1038336, Note_on_c, 10, 66, 63
17, 1039360, Note_on_c, 10, 66, 0
17, 1039360, Note_on_c, 10, 67, 65
17, 1040384, Note_on_c, 10, 67, 0
17, 1040384, Note_on_c, 10, 69, 68
17, 1041408, Note_on_c, 10, 69, 0
17, 1041408, Note_on_c, 10, 67, 70
17, 1042944, Note_on_c, 10, 67, 0
17, 1042944, Note_on_c, 10, 66, 62
17, 1043456, Note_on_c, 10, 66, 0
17, 1043456, Note_on_c, 10, 66, 58
17, 1045094, Note_on_c, 10, 66, 0
17, 1108992, Note_on_c, 10, 67, 49
17, 1109504, Note_on_c, 10, 67, 0
17, 1109504, Note_on_c, 10, 66, 48
17, 1110016, Note_on_c, 10, 66, 0
17, 1110016, Note_on_c, 10, 69, 47
17, 1110528, Note_on_c, 10, 69, 0
17, 1110528, Note_on_c, 10, 67, 46
17, 1111040, Note_on_c, 10, 67, 0
17, 1111040, Note_on_c, 10, 66, 45
17, 1111552, Note_on_c, 10, 66, 0
17, 1111552, Note_on_c, 10, 67, 45
17, 1111926, Note_on_c, 10, 67, 0
17, 1112064, Note_on_c, 10, 68, 45
17, 1112576, Note_on_c, 10, 68, 0
17, 1112576, Note_on_c, 10, 69, 45
17, 1112950, Note_on_c, 10, 69, 0
17, 1113088, Note_on_c, 10, 68, 45
17, 1113600, Note_on_c, 10, 68, 0
17, 1113600, Note_on_c, 10, 69, 44
17, 1113974, Note_on_c, 10, 69, 0
17, 1114112, Note_on_c, 10, 71, 44
17, 1114624, Note_on_c, 10, 71, 0
17, 1114624, Note_on_c, 10, 69, 44
17, 1114998, Note_on_c, 10, 69, 0
17, 1115136, Note_on_c, 10, 69, 44
17, 1115648, Note_on_c, 10, 69, 0
17, 1115648, Note_on_c, 10, 67, 44
17, 1116022, Note_on_c, 10, 67, 0
17, 1116160, Note_on_c, 10, 71, 44
17, 1116672, Note_on_c, 10, 71, 0
17, 1116672, Note_on_c, 10, 67, 43
17, 1117046, Note_on_c, 10, 67, 0
17, 1117184, Note_on_c, 10, 66, 43
17, 1117696, Note_on_c, 10, 66, 0
17, 1117696, Note_on_c, 10, 64, 43
17, 1118070, Note_on_c, 10, 64, 0
17, 1118208, Note_on_c, 10, 67, 43
17, 1118720, Note_on_c, 10, 67, 0
17, 1118720, Note_on_c, 10, 64, 43
17, 1119094, Note_on_c, 10, 64, 0
17, 1119232, Note_on_c, 10, 62, 46
17, 1119744, Note_on_c, 10, 62, 0
17, 1119744, Note_on_c, 10, 64, 43
17, 1120118, Note_on_c, 10, 64, 0
17, 1120256, Note_on_c, 10, 66, 45
17, 1120768, Note_on_c, 10, 66, 0
17, 1120768, Note_on_c, 10, 67, 47
17, 1121142, Note_on_c, 10, 67, 0
17, 1121280, Note_on_c, 10, 69, 48
17, 1121792, Note_on_c, 10, 69, 0
17, 1121792, Note_on_c, 10, 71, 50
17, 1122166, Note_on_c, 10, 71, 0
17, 1122304, Note_on_c, 10, 73, 52
17, 1122816, Note_on_c, 10, 73, 0
17, 1122816, Note_on_c, 10, 74, 54
17, 1123190, Note_on_c, 10, 74, 0
17, 1123328, Note_on_c, 10, 74, 55
17, 1123840, Note_on_c, 10, 74, 0
17, 1123840, Note_on_c, 10, 73, 54
17, 1124214, Note_on_c, 10, 73, 0
17, 1124352, Note_on_c, 10, 71, 53
17, 1124864, Note_on_c, 10, 71, 0
17, 1124864, Note_on_c, 10, 73, 52
17, 1125238, Note_on_c, 10, 73, 0
17, 1125376, Note_on_c, 10, 74, 51
17, 1125888, Note_on_c, 10, 74, 0
17, 1125888, Note_on_c, 10, 69, 50
17, 1126262, Note_on_c, 10, 69, 0
17, 1126400, Note_on_c, 10, 67, 48
17, 1126912, Note_on_c, 10, 67, 0
17, 1126912, Note_on_c, 10, 66, 47
17, 1127424, Note_on_c, 10, 66, 0
17, 1127424, Note_on_c, 10, 64, 46
17, 1128172, Note_on_c, 10, 64, 0
17, 1128448, Note_on_c, 10, 69, 47
17, 1129196, Note_on_c, 10, 69, 0
17, 1129472, Note_on_c, 10, 69, 48
17, 1130220, Note_on_c, 10, 69, 0
17, 1130496, Note_on_c, 10, 69, 49
17, 1131244, Note_on_c, 10, 69, 0
17, 1131520, Note_on_c, 10, 69, 50
17, 1132268, Note_on_c, 10, 69, 0
17, 1132544, Note_on_c, 10, 69, 50
17, 1133292, Note_on_c, 10, 69, 0
17, 1133568, Note_on_c, 10, 69, 51
17, 1134316, Note_on_c, 10, 69, 0
17, 1134592, Note_on_c, 10, 73, 52
17, 1135104, Note_on_c, 10, 73, 0
17, 1135104, Note_on_c, 10, 74, 53
17, 1135616, Note_on_c, 10, 74, 0
17, 1135616, Note_on_c, 10, 74, 53
17, 1136128, Note_on_c, 10, 74, 0
17, 1136128, Note_on_c, 10, 73, 54
17, 1136502, Note_on_c, 10, 73, 0
17, 1136640, Note_on_c, 10, 71, 54
17, 1137152, Note_on_c, 10, 71, 0
17, 1137152, Note_on_c, 10, 73, 55
17, 1137526, Note_on_c, 10, 73, 0
17, 1137664, Note_on_c, 10, 76, 55
17, 1138176, Note_on_c, 10, 76, 0
17, 1138176, Note_on_c, 10, 74, 56
17, 1138550, Note_on_c, 10, 74, 0
17, 1138688, Note_on_c, 10, 74, 56
17, 1139200, Note_on_c, 10, 74, 0
17, 1139200, Note_on_c, 10, 73, 57
17, 1139574, Note_on_c, 10, 73, 0
17, 1139712, Note_on_c, 10, 73, 57
17, 1140224, Note_on_c, 10, 73, 0
17, 1140224, Note_on_c, 10, 74, 58
17, 1140598, Note_on_c, 10, 74, 0
17, 1140736, Note_on_c, 10, 71, 58
17, 1141484, Note_on_c, 10, 71, 0
17, 1141760, Note_on_c, 10, 69, 59
17, 1142508, Note_on_c, 10, 69, 0
17, 1142784, Note_on_c, 10, 69, 58
17, 1144627, Note_on_c, 10, 69, 0
17, 1144832, Note_on_c, 10, 69, 64
17, 1145651, Note_on_c, 10, 69, 0
17, 1145856, Note_on_c, 10, 62, 67
17, 1146675, Note_on_c, 10, 62, 0
17, 1146880, Note_on_c, 10, 62, 69
17, 1147699, Note_on_c, 10, 62, 0
17, 1147904, Note_on_c, 10, 62, 72
17, 1148723, Note_on_c, 10, 62, 0
17, 1148928, Note_on_c, 10, 67, 75
17, 1149952, Note_on_c, 10, 67, 0
17, 1149952, Note_on_c, 10, 67, 78
17, 1150464, Note_on_c, 10, 67, 0
17, 1150464, Note_on_c, 10, 76, 79
17, 1150838, Note_on_c, 10, 76, 0
17, 1150976, Note_on_c, 10, 76, 80
17, 1151488, Note_on_c, 10, 76, 0
17, 1151488, Note_on_c, 10, 67, 82
17, 1151862, Note_on_c, 10, 67, 0
17, 1152000, Note_on_c, 10, 67, 83
17, 1152512, Note_on_c, 10, 67, 0
17, 1152512, Note_on_c, 10, 69, 85
17, 1152886, Note_on_c, 10, 69, 0
17, 1153024, Note_on_c, 10, 69, 86
17, 1153843, Note_on_c, 10, 69, 0
17, 1154048, Note_on_c, 10, 66, 89
17, 1154560, Note_on_c, 10, 66, 0
17, 1154560, Note_on_c, 10, 67, 90
17, 1155308, Note_on_c, 10, 67, 0
17, 1155584, Note_on_c, 10, 69, 91
17, 1155958, Note_on_c, 10, 69, 0
17, 1156096, Note_on_c, 10, 74, 92
17, 1156608, Note_on_c, 10, 74, 0
17, 1156608, Note_on_c, 10, 73, 93
17, 1157427, Note_on_c, 10, 73, 0
17, 1157632, Note_on_c, 10, 74, 94
17, 1158144, Note_on_c, 10, 74, 0
17, 1158144, Note_on_c, 10, 74, 95
17, 1159782, Note_on_c, 10, 74, 0
17, 2050048, End_track
18, 0, Start_track
18, 0, Title_t, "Solo tenor"
18, 0, Program_c, 10, 69
18, 979968, Note_on_c, 10, 62, 72
18, 980992, Note_on_c, 10, 62, 0
18, 980992, Note_on_c, 10, 62, 73
18, 982016, Note_on_c, 10, 62, 0
18, 982016, Note_on_c, 10, 64, 74
18, 983040, Note_on_c, 10, 64, 0
18, 983040, Note_on_c, 10, 66, 75
18, 984064, Note_on_c, 10, 66, 0
18, 984064, Note_on_c, 10, 66, 75
18, 985088, Note_on_c, 10, 66, 0
18, 985088, Note_on_c, 10, 64, 75
18, 986112, Note_on_c, 10, 64, 0
18, 986112, Note_on_c, 10, 62, 74
18, 987136, Note_on_c, 10, 62, 0
18, 987136, Note_on_c, 10, 61, 73
18, 988160, Note_on_c, 10, 61, 0
18, 988160, Note_on_c, 10, 66, 72
18, 989184, Note_on_c, 10, 66, 0
18, 989184, Note_on_c, 10, 66, 72
18, 990208, Note_on_c, 10, 66, 0
18, 990208, Note_on_c, 10, 67, 74
18, 990720, Note_on_c, 10, 67, 0
18, 990720, Note_on_c, 10, 66, 75
18, 991232, Note_on_c, 10, 66, 0
18, 991232, Note_on_c, 10, 64, 76
18, 991744, Note_on_c, 10, 64, 0
18, 991744, Note_on_c, 10, 62, 77
18, 992256, Note_on_c, 10, 62, 0
18, 992256, Note_on_c, 10, 62, 78
18, 993792, Note_on_c, 10, 62, 0
18, 993792, Note_on_c, 10, 61, 72
18, 994304, Note_on_c, 10, 61, 0
18, 994304, Note_on_c, 10, 61, 70
18, 995328, Note_on_c, 10, 61, 0
18, 995328, Note_on_c, 10, 57, 65
18, 995840, Note_on_c, 10, 57, 0
18, 995840, Note_on_c, 10, 55, 62
18, 996352, Note_on_c, 10, 55, 0
18, 996352, Note_on_c, 10, 54, 61
18, 997376, Note_on_c, 10, 54, 0
18, 997376, Note_on_c, 10, 57, 63
18, 998400, Note_on_c, 10, 57, 0
18, 998400, Note_on_c, 10, 57, 65
18, 999424, Note_on_c, 10, 57, 0
18, 999424, Note_on_c, 10, 57, 68
18, 999936, Note_on_c, 10, 57, 0
18, 999936, Note_on_c, 10, 62, 69
18, 1000448, Note_on_c, 10, 62, 0
18, 1000448, Note_on_c, 10, 61, 70
18, 1000960, Note_on_c, 10, 61, 0
18, 1000960, Note_on_c, 10, 62, 70
18, 1001472, Note_on_c, 10, 62, 0
18, 1001472, Note_on_c, 10, 64, 69
18, 1001984, Note_on_c, 10, 64, 0
18, 1001984, Note_on_c, 10, 66, 67
18, 1002496, Note_on_c, 10, 66, 0
18, 1002496, Note_on_c, 10, 67, 65
18, 1003008, Note_on_c, 10, 67, 0
18, 1003008, Note_on_c, 10, 57, 64
18, 1003520, Note_on_c, 10, 57, 0
18, 1003520, Note_on_c, 10, 59, 62
18, 1004032, Note_on_c, 10, 59, 0
18, 1004032, Note_on_c, 10, 55, 61
18, 1004544, Note_on_c, 10, 55, 0
18, 1004544, Note_on_c, 10, 54, 59
18, 1005568, Note_on_c, 10, 54, 0
18, 1005568, Note_on_c, 10, 62, 64
18, 1006592, Note_on_c, 10, 62, 0
18, 1006592, Note_on_c, 10, 62, 66
18, 1007616, Note_on_c, 10, 62, 0
18, 1007616, Note_on_c, 10, 61, 68
18, 1008128, Note_on_c, 10, 61, 0
18, 1008128, Note_on_c, 10, 59, 69
18, 1008640, Note_on_c, 10, 59, 0
18, 1008640, Note_on_c, 10, 61, 70
18, 1010176, Note_on_c, 10, 61, 0
18, 1010176, Note_on_c, 10, 62, 67
18, 1010688, Note_on_c, 10, 62, 0
18, 1010688, Note_on_c, 10, 62, 65
18, 1011200, Note_on_c, 10, 62, 0
18, 1011200, Note_on_c, 10, 66, 64
18, 1011712, Note_on_c, 10, 66, 0
18, 1011712, Note_on_c, 10, 64, 62
18, 1012224, Note_on_c, 10, 64, 0
18, 1012224, Note_on_c, 10, 62, 61
18, 1012736, Note_on_c, 10, 62, 0
18, 1012736, Note_on_c, 10, 61, 58
18, 1013760, Note_on_c, 10, 61, 0
18, 1013760, Note_on_c, 10, 61, 59
18, 1014784, Note_on_c, 10, 61, 0
18, 1014784, Note_on_c, 10, 62, 60
18, 1015808, Note_on_c, 10, 62, 0
18, 1015808, Note_on_c, 10, 62, 61
18, 1016320, Note_on_c, 10, 62, 0
18, 1016320, Note_on_c, 10, 66, 62
18, 1016832, Note_on_c, 10, 66, 0
18, 1016832, Note_on_c, 10, 61, 62
18, 1017856, Note_on_c, 10, 61, 0
18, 1017856, Note_on_c, 10, 62, 63
18, 1018368, Note_on_c, 10, 62, 0
18, 1018368, Note_on_c, 10, 64, 64
18, 1018880, Note_on_c, 10, 64, 0
18, 1018880, Note_on_c, 10, 62, 64
18, 1019904, Note_on_c, 10, 62, 0
18, 1019904, Note_on_c, 10, 64, 66
18, 1020416, Note_on_c, 10, 64, 0
18, 1020416, Note_on_c, 10, 62, 66
18, 1020928, Note_on_c, 10, 62, 0
18, 1020928, Note_on_c, 10, 61, 67
18, 1021440, Note_on_c, 10, 61, 0
18, 1021440, Note_on_c, 10, 64, 67
18, 1021952, Note_on_c, 10, 64, 0
18, 1021952, Note_on_c, 10, 62, 68
18, 1022464, Note_on_c, 10, 62, 0
18, 1022464, Note_on_c, 10, 61, 68
18, 1022976, Note_on_c, 10, 61, 0
18, 1022976, Note_on_c, 10, 61, 69
18, 1024000, Note_on_c, 10, 61, 0
18, 1024000, Note_on_c, 10, 58, 70
18, 1025024, Note_on_c, 10, 58, 0
18, 1025024, Note_on_c, 10, 59, 71
18, 1026048, Note_on_c, 10, 59, 0
18, 1026048, Note_on_c, 10, 59, 72
18, 1027072, Note_on_c, 10, 59, 0
18, 1027072, Note_on_c, 10, 61, 72
18, 1027820, Note_on_c, 10, 61, 0
18, 1028096, Note_on_c, 10, 62, 76
18, 1030144, Note_on_c, 10, 62, 0
18, 1030144, Note_on_c, 10, 62, 85
18, 1031168, Note_on_c, 10, 62, 0
18, 1031168, Note_on_c, 10, 64, 93
18, 1032192, Note_on_c, 10, 64, 0
18, 1032192, Note_on_c, 10, 66, 87
18, 1033216, Note_on_c, 10, 66, 0
18, 1033216, Note_on_c, 10, 66, 85
18, 1034240, Note_on_c, 10, 66, 0
18, 1034240, Note_on_c, 10, 64, 81
18, 1035264, Note_on_c, 10, 64, 0
18, 1035264, Note_on_c, 10, 62, 76
18, 1036288, Note_on_c, 10, 62, 0
18, 1036288, Note_on_c, 10, 61, 72
18, 1037312, Note_on_c, 10, 61, 0
18, 1037312, Note_on_c, 10, 62, 67
18, 1038336, Note_on_c, 10, 62, 0
18, 1038336, Note_on_c, 10, 57, 63
18, 1039360, Note_on_c, 10, 57, 0
18, 1039360, Note_on_c, 10, 57, 65
18, 1040384, Note_on_c, 10, 57, 0
18, 1040384, Note_on_c, 10, 57, 68
18, 1041408, Note_on_c, 10, 57, 0
18, 1041408, Note_on_c, 10, 61, 70
18, 1042944, Note_on_c, 10, 61, 0
18, 1042944, Note_on_c, 10, 62, 62
18, 1043456, Note_on_c, 10, 62, 0
18, 1043456, Note_on_c, 10, 62, 58
18, 1045094, Note_on_c, 10, 62, 0
18, 1093120, Note_on_c, 10, 57, 44
18, 1093632, Note_on_c, 10, 57, 0
18, 1093632, Note_on_c, 10, 59, 45
18, 1094144, Note_on_c, 10, 59, 0
18, 1094144, Note_on_c, 10, 61, 45
18, 1094656, Note_on_c, 10, 61, 0
18, 1094656, Note_on_c, 10, 62, 46
18, 1095168, Note_on_c, 10, 62, 0
18, 1095168, Note_on_c, 10, 64, 46
18, 1095542, Note_on_c, 10, 64, 0
18, 1095680, Note_on_c, 10, 61, 47
18, 1096192, Note_on_c, 10, 61, 0
18, 1096192, Note_on_c, 10, 62, 47
18, 1096566, Note_on_c, 10, 62, 0
18, 1096704, Note_on_c, 10, 64, 48
18, 1097216, Note_on_c, 10, 64, 0
18, 1097216, Note_on_c, 10, 66, 48
18, 1097590, Note_on_c, 10, 66, 0
18, 1097728, Note_on_c, 10, 67, 49
18, 1098240, Note_on_c, 10, 67, 0
18, 1098240, Note_on_c, 10, 66, 50
18, 1098614, Note_on_c, 10, 66, 0
18, 1098752, Note_on_c, 10, 66, 50
18, 1099264, Note_on_c, 10, 66, 0
18, 1099264, Note_on_c, 10, 64, 51
18, 1099638, Note_on_c, 10, 64, 0
18, 1099776, Note_on_c, 10, 67, 51
18, 1100288, Note_on_c, 10, 67, 0
18, 1100288, Note_on_c, 10, 64, 52
18, 1100662, Note_on_c, 10, 64, 0
18, 1100800, Note_on_c, 10, 62, 52
18, 1101312, Note_on_c, 10, 62, 0
18, 1101312, Note_on_c, 10, 61, 52
18, 1101686, Note_on_c, 10, 61, 0
18, 1101824, Note_on_c, 10, 64, 49
18, 1102336, Note_on_c, 10, 64, 0
18, 1102336, Note_on_c, 10, 55, 47
18, 1102710, Note_on_c, 10, 55, 0
18, 1102848, Note_on_c, 10, 54, 44
18, 1103360, Note_on_c, 10, 54, 0
18, 1103360, Note_on_c, 10, 55, 45
18, 1103734, Note_on_c, 10, 55, 0
18, 1103872, Note_on_c, 10, 57, 46
18, 1104384, Note_on_c, 10, 57, 0
18, 1104384, Note_on_c, 10, 59, 47
18, 1104758, Note_on_c, 10, 59, 0
18, 1104896, Note_on_c, 10, 61, 48
18, 1105408, Note_on_c, 10, 61, 0
18, 1105408, Note_on_c, 10, 62, 49
18, 1105782, Note_on_c, 10, 62, 0
18, 1105920, Note_on_c, 10, 64, 50
18, 1106432, Note_on_c, 10, 64, 0
18, 1106432, Note_on_c, 10, 66, 52
18, 1106806, Note_on_c, 10, 66, 0
18, 1106944, Note_on_c, 10, 66, 53
18, 1107456, Note_on_c, 10, 66, 0
18, 1107456, Note_on_c, 10, 64, 52
18, 1107830, Note_on_c, 10, 64, 0
18, 1107968, Note_on_c, 10, 67, 51
18, 1108480, Note_on_c, 10, 67, 0
18, 1108480, Note_on_c, 10, 66, 50
18, 1108854, Note_on_c, 10, 66, 0
18, 1108992, Note_on_c, 10, 64, 49
18, 1111040, Note_on_c, 10, 64, 0
18, 1111040, Note_on_c, 10, 66, 45
18, 1111859, Note_on_c, 10, 66, 0
18, 1112064, Note_on_c, 10, 66, 45
18, 1112883, Note_on_c, 10, 66, 0
18, 1113088, Note_on_c, 10, 66, 45
18, 1113907, Note_on_c, 10, 66, 0
18, 1114112, Note_on_c, 10, 66, 44
18, 1114931, Note_on_c, 10, 66, 0
18, 1115136, Note_on_c, 10, 62, 44
18, 1115955, Note_on_c, 10, 62, 0
18, 1116160, Note_on_c, 10, 62, 44
18, 1116979, Note_on_c, 10, 62, 0
18, 1117184, Note_on_c, 10, 64, 43
18, 1118003, Note_on_c, 10, 64, 0
18, 1118208, Note_on_c, 10, 64, 43
18, 1119027, Note_on_c, 10, 64, 0
18, 1119232, Note_on_c, 10, 66, 46
18, 1119744, Note_on_c, 10, 66, 0
18, 1119744, Note_on_c, 10, 64, 43
18, 1120118, Note_on_c, 10, 64, 0
18, 1120256, Note_on_c, 10, 62, 45
18, 1120768, Note_on_c, 10, 62, 0
18, 1120768, Note_on_c, 10, 61, 47
18, 1121142, Note_on_c, 10, 61, 0
18, 1121280, Note_on_c, 10, 59, 48
18, 1121792, Note_on_c, 10, 59, 0
18, 1121792, Note_on_c, 10, 57, 50
18, 1122166, Note_on_c, 10, 57, 0
18, 1122304, Note_on_c, 10, 55, 52
18, 1122816, Note_on_c, 10, 55, 0
18, 1122816, Note_on_c, 10, 54, 54
18, 1123190, Note_on_c, 10, 54, 0
18, 1123328, Note_on_c, 10, 57, 55
18, 1123840, Note_on_c, 10, 57, 0
18, 1123840, Note_on_c, 10, 55, 54
18, 1124214, Note_on_c, 10, 55, 0
18, 1124352, Note_on_c, 10, 54, 53
18, 1124864, Note_on_c, 10, 54, 0
18, 1124864, Note_on_c, 10, 55, 52
18, 1125238, Note_on_c, 10, 55, 0
18, 1125376, Note_on_c, 10, 54, 51
18, 1126124, Note_on_c, 10, 54, 0
18, 1126400, Note_on_c, 10, 57, 48
18, 1127424, Note_on_c, 10, 57, 0
18, 1127424, Note_on_c, 10, 62, 46
18, 1127936, Note_on_c, 10, 62, 0
18, 1127936, Note_on_c, 10, 61, 46
18, 1128310, Note_on_c, 10, 61, 0
18, 1128448, Note_on_c, 10, 59, 47
18, 1128960, Note_on_c, 10, 59, 0
18, 1128960, Note_on_c, 10, 61, 47
18, 1129334, Note_on_c, 10, 61, 0
18, 1129472, Note_on_c, 10, 64, 48
18, 1129984, Note_on_c, 10, 64, 0
18, 1129984, Note_on_c, 10, 62, 48
18, 1130358, Note_on_c, 10, 62, 0
18, 1130496, Note_on_c, 10, 61, 49
18, 1131008, Note_on_c, 10, 61, 0
18, 1131008, Note_on_c, 10, 62, 49
18, 1131382, Note_on_c, 10, 62, 0
18, 1131520, Note_on_c, 10, 62, 50
18, 1132032, Note_on_c, 10, 62, 0
18, 1132032, Note_on_c, 10, 61, 50
18, 1132406, Note_on_c, 10, 61, 0
18, 1132544, Note_on_c, 10, 59, 50
18, 1133056, Note_on_c, 10, 59, 0
18, 1133056, Note_on_c, 10, 61, 51
18, 1133430, Note_on_c, 10, 61, 0
18, 1133568, Note_on_c, 10, 64, 51
18, 1134080, Note_on_c, 10, 64, 0
18, 1134080, Note_on_c, 10, 62, 52
18, 1134454, Note_on_c, 10, 62, 0
18, 1134592, Note_on_c, 10, 61, 52
18, 1135104, Note_on_c, 10, 61, 0
18, 1135104, Note_on_c, 10, 62, 53
18, 1135478, Note_on_c, 10, 62, 0
18, 1135616, Note_on_c, 10, 62, 53
18, 1136128, Note_on_c, 10, 62, 0
18, 1136128, Note_on_c, 10, 64, 54
18, 1136502, Note_on_c, 10, 64, 0
18, 1136640, Note_on_c, 10, 66, 54
18, 1137152, Note_on_c, 10, 66, 0
18, 1137152, Note_on_c, 10, 64, 55
18, 1137526, Note_on_c, 10, 64, 0
18, 1137664, Note_on_c, 10, 64, 55
18, 1138176, Note_on_c, 10, 64, 0
18, 1138176, Note_on_c, 10, 66, 56
18, 1138550, Note_on_c, 10, 66, 0
18, 1138688, Note_on_c, 10, 66, 56
18, 1139200, Note_on_c, 10, 66, 0
18, 1139200, Note_on_c, 10, 67, 57
18, 1139574, Note_on_c, 10, 67, 0
18, 1139712, Note_on_c, 10, 67, 57
18, 1140224, Note_on_c, 10, 67, 0
18, 1140224, Note_on_c, 10, 66, 58
18, 1140736, Note_on_c, 10, 66, 0
18, 1140736, Note_on_c, 10, 66, 58
18, 1141248, Note_on_c, 10, 66, 0
18, 1141248, Note_on_c, 10, 64, 59
18, 1141760, Note_on_c, 10, 64, 0
18, 1141760, Note_on_c, 10, 57, 59
18, 1142508, Note_on_c, 10, 57, 0
18, 1142784, Note_on_c, 10, 62, 58
18, 1144320, Note_on_c, 10, 62, 0
18, 1144320, Note_on_c, 10, 64, 63
18, 1144694, Note_on_c, 10, 64, 0
18, 1144832, Note_on_c, 10, 61, 64
18, 1145344, Note_on_c, 10, 61, 0
18, 1145344, Note_on_c, 10, 62, 65
18, 1145718, Note_on_c, 10, 62, 0
18, 1145856, Note_on_c, 10, 64, 67
18, 1146368, Note_on_c, 10, 64, 0
18, 1146368, Note_on_c, 10, 66, 68
18, 1146742, Note_on_c, 10, 66, 0
18, 1146880, Note_on_c, 10, 67, 69
18, 1147392, Note_on_c, 10, 67, 0
18, 1147392, Note_on_c, 10, 66, 71
18, 1147766, Note_on_c, 10, 66, 0
18, 1147904, Note_on_c, 10, 66, 72
18, 1148416, Note_on_c, 10, 66, 0
18, 1148416, Note_on_c, 10, 64, 74
18, 1148790, Note_on_c, 10, 64, 0
18, 1148928, Note_on_c, 10, 67, 75
18, 1149440, Note_on_c, 10, 67, 0
18, 1149440, Note_on_c, 10, 64, 76
18, 1149814, Note_on_c, 10, 64, 0
18, 1149952, Note_on_c, 10, 64, 78
18, 1150771, Note_on_c, 10, 64, 0
18, 1150976, Note_on_c, 10, 64, 80
18, 1151795, Note_on_c, 10, 64, 0
18, 1152000, Note_on_c, 10, 64, 83
18, 1152512, Note_on_c, 10, 64, 0
18, 1152512, Note_on_c, 10, 66, 85
18, 1152886, Note_on_c, 10, 66, 0
18, 1153024, Note_on_c, 10, 67, 86
18, 1153536, Note_on_c, 10, 67, 0
18, 1153536, Note_on_c, 10, 69, 87
18, 1153910, Note_on_c, 10, 69, 0
18, 1154048, Note_on_c, 10, 62, 89
18, 1154560, Note_on_c, 10, 62, 0
18, 1154560, Note_on_c, 10, 64, 90
18, 1155308, Note_on_c, 10, 64, 0
18, 1155584, Note_on_c, 10, 66, 91
18, 1155958, Note_on_c, 10, 66, 0
18, 1156096, Note_on_c, 10, 66, 92
18, 1156608, Note_on_c, 10, 66, 0
18, 1156608, Note_on_c, 10, 67, 93
18, 1157427, Note_on_c, 10, 67, 0
18, 1157632, Note_on_c, 10, 66, 94
18, 1158144, Note_on_c, 10, 66, 0
18, 1158144, Note_on_c, 10, 66, 95
18, 1159782, Note_on_c, 10, 66, 0
18, 1374208, Note_on_c, 10, 62, 77
18, 1377280, Note_on_c, 10, 62, 0
18, 1380352, Note_on_c, 10, 65, 77
18, 1382810, Note_on_c, 10, 65, 0
18, 1383424, Note_on_c, 10, 53, 77
18, 1384960, Note_on_c, 10, 53, 0
18, 1384960, Note_on_c, 10, 55, 79
18, 1385984, Note_on_c, 10, 55, 0
18, 1385984, Note_on_c, 10, 57, 79
18, 1386496, Note_on_c, 10, 57, 0
18, 1386496, Note_on_c, 10, 58, 80
18, 1388032, Note_on_c, 10, 58, 0
18, 1388032, Note_on_c, 10, 58, 81
18, 1389261, Note_on_c, 10, 58, 0
18, 1389568, Note_on_c, 10, 58, 82
18, 1390592, Note_on_c, 10, 58, 0
18, 1390592, Note_on_c, 10, 60, 83
18, 1391104, Note_on_c, 10, 60, 0
18, 1391104, Note_on_c, 10, 62, 83
18, 1392640, Note_on_c, 10, 62, 0
18, 1392640, Note_on_c, 10, 62, 84
18, 1394176, Note_on_c, 10, 62, 0
18, 1394176, Note_on_c, 10, 60, 82
18, 1395405, Note_on_c, 10, 60, 0
18, 1395712, Note_on_c, 10, 60, 79
18, 1396736, Note_on_c, 10, 60, 0
18, 1396736, Note_on_c, 10, 58, 78
18, 1397110, Note_on_c, 10, 58, 0
18, 1397248, Note_on_c, 10, 60, 77
18, 1398272, Note_on_c, 10, 60, 0
18, 1398272, Note_on_c, 10, 53, 75
18, 1398646, Note_on_c, 10, 53, 0
18, 1398784, Note_on_c, 10, 62, 82
18, 1399808, Note_on_c, 10, 62, 0
18, 1400320, Note_on_c, 10, 58, 77
18, 1401344, Note_on_c, 10, 58, 0
18, 1401856, Note_on_c, 10, 62, 82
18, 1402880, Note_on_c, 10, 62, 0
18, 1403392, Note_on_c, 10, 58, 76
18, 1404416, Note_on_c, 10, 58, 0
18, 1404928, Note_on_c, 10, 65, 78
18, 1405952, Note_on_c, 10, 65, 0
18, 1405952, Note_on_c, 10, 53, 80
18, 1406326, Note_on_c, 10, 53, 0
18, 1406464, Note_on_c, 10, 57, 80
18, 1407488, Note_on_c, 10, 57, 0
18, 1407488, Note_on_c, 10, 60, 82
18, 1407862, Note_on_c, 10, 60, 0
18, 1408000, Note_on_c, 10, 65, 83
18, 1409024, Note_on_c, 10, 65, 0
18, 1409024, Note_on_c, 10, 53, 84
18, 1409398, Note_on_c, 10, 53, 0
18, 1409536, Note_on_c, 10, 55, 85
18, 1410560, Note_on_c, 10, 55, 0
18, 1410560, Note_on_c, 10, 57, 86
18, 1410934, Note_on_c, 10, 57, 0
18, 1411072, Note_on_c, 10, 58, 87
18, 1412096, Note_on_c, 10, 58, 0
18, 1412608, Note_on_c, 10, 53, 85
18, 1413632, Note_on_c, 10, 53, 0
18, 1414144, Note_on_c, 10, 62, 86
18, 1415168, Note_on_c, 10, 62, 0
18, 1415680, Note_on_c, 10, 58, 87
18, 1416704, Note_on_c, 10, 58, 0
18, 1417216, Note_on_c, 10, 65, 88
18, 1418240, Note_on_c, 10, 65, 0
18, 1418752, Note_on_c, 10, 63, 85
18, 1419776, Note_on_c, 10, 63, 0
18, 1419776, Note_on_c, 10, 62, 83
18, 1420150, Note_on_c, 10, 62, 0
18, 1420288, Note_on_c, 10, 62, 82
18, 1421312, Note_on_c, 10, 62, 0
18, 1423360, Note_on_c, 10, 60, 80
18, 1424384, Note_on_c, 10, 60, 0
18, 1424896, Note_on_c, 10, 53, 81
18, 1425920, Note_on_c, 10, 53, 0
18, 1426432, Note_on_c, 10, 60, 82
18, 1427968, Note_on_c, 10, 60, 0
18, 1427968, Note_on_c, 10, 62, 82
18, 1428992, Note_on_c, 10, 62, 0
18, 1428992, Note_on_c, 10, 58, 83
18, 1429366, Note_on_c, 10, 58, 0
18, 1429504, Note_on_c, 10, 60, 83
18, 1430528, Note_on_c, 10, 60, 0
18, 1431040, Note_on_c, 10, 53, 79
18, 1432064, Note_on_c, 10, 53, 0
18, 1432576, Note_on_c, 10, 65, 89
18, 1435034, Note_on_c, 10, 65, 0
18, 1435648, Note_on_c, 10, 65, 87
18, 1436672, Note_on_c, 10, 65, 0
18, 1437184, Note_on_c, 10, 53, 76
18, 1438208, Note_on_c, 10, 53, 0
18, 1438720, Note_on_c, 10, 65, 79
18, 1440256, Note_on_c, 10, 65, 0
18, 1440256, Note_on_c, 10, 62, 79
18, 1441280, Note_on_c, 10, 62, 0
18, 1441280, Note_on_c, 10, 60, 79
18, 1441654, Note_on_c, 10, 60, 0
18, 1441792, Note_on_c, 10, 58, 79
18, 1442816, Note_on_c, 10, 58, 0
18, 1442816, Note_on_c, 10, 57, 79
18, 1443190, Note_on_c, 10, 57, 0
18, 1443328, Note_on_c, 10, 58, 79
18, 1444352, Note_on_c, 10, 58, 0
18, 1444352, Note_on_c, 10, 60, 78
18, 1444726, Note_on_c, 10, 60, 0
18, 1444864, Note_on_c, 10, 63, 78
18, 1446400, Note_on_c, 10, 63, 0
18, 1446400, Note_on_c, 10, 62, 78
18, 1447424, Note_on_c, 10, 62, 0
18, 1447424, Note_on_c, 10, 60, 78
18, 1447798, Note_on_c, 10, 60, 0
18, 1447936, Note_on_c, 10, 62, 78
18, 1449472, Note_on_c, 10, 62, 0
18, 1449472, Note_on_c, 10, 58, 77
18, 1450496, Note_on_c, 10, 58, 0
18, 1451008, Note_on_c, 10, 62, 77
18, 1452544, Note_on_c, 10, 62, 0
18, 1452544, Note_on_c, 10, 60, 77
18, 1453568, Note_on_c, 10, 60, 0
18, 1453568, Note_on_c, 10, 58, 77
18, 1453942, Note_on_c, 10, 58, 0
18, 1454080, Note_on_c, 10, 63, 77
18, 1455616, Note_on_c, 10, 63, 0
18, 1455616, Note_on_c, 10, 63, 82
18, 1456640, Note_on_c, 10, 63, 0
18, 1456640, Note_on_c, 10, 65, 85
18, 1457014, Note_on_c, 10, 65, 0
18, 1457152, Note_on_c, 10, 67, 87
18, 1458381, Note_on_c, 10, 67, 0
18, 1458688, Note_on_c, 10, 67, 82
18, 1459917, Note_on_c, 10, 67, 0
18, 1460224, Note_on_c, 10, 65, 83
18, 1461453, Note_on_c, 10, 65, 0
18, 1461760, Note_on_c, 10, 65, 79
18, 1462989, Note_on_c, 10, 65, 0
18, 1463296, Note_on_c, 10, 65, 90
18, 1467904, Note_on_c, 10, 65, 0
18, 1467904, Note_on_c, 10, 63, 82
18, 1468928, Note_on_c, 10, 63, 0
18, 1468928, Note_on_c, 10, 62, 79
18, 1469302, Note_on_c, 10, 62, 0
18, 1469440, Note_on_c, 10, 62, 78
18, 1470464, Note_on_c, 10, 62, 0
18, 1470464, Note_on_c, 10, 60, 76
18, 1470838, Note_on_c, 10, 60, 0
18, 1470976, Note_on_c, 10, 60, 75
18, 1472000, Note_on_c, 10, 60, 0
18, 1472512, Note_on_c, 10, 60, 76
18, 1473536, Note_on_c, 10, 60, 0
18, 1474048, Note_on_c, 10, 53, 78
18, 1475072, Note_on_c, 10, 53, 0
18, 1475584, Note_on_c, 10, 60, 79
18, 1477120, Note_on_c, 10, 60, 0
18, 1477120, Note_on_c, 10, 62, 81
18, 1478144, Note_on_c, 10, 62, 0
18, 1478144, Note_on_c, 10, 58, 82
18, 1478518, Note_on_c, 10, 58, 0
18, 1478656, Note_on_c, 10, 60, 82
18, 1479680, Note_on_c, 10, 60, 0
18, 1480192, Note_on_c, 10, 53, 79
18, 1481216, Note_on_c, 10, 53, 0
18, 1481728, Note_on_c, 10, 65, 87
18, 1492480, Note_on_c, 10, 65, 0
18, 1492480, Note_on_c, 10, 67, 89
18, 1493504, Note_on_c, 10, 67, 0
18, 1493504, Note_on_c, 10, 64, 89
18, 1494016, Note_on_c, 10, 64, 0
18, 1494016, Note_on_c, 10, 65, 89
18, 1498112, Note_on_c, 10, 65, 0
18, 1498112, Note_on_c, 10, 58, 68
18, 1498624, Note_on_c, 10, 58, 0
18, 1498624, Note_on_c, 10, 60, 69
18, 1499648, Note_on_c, 10, 60, 0
18, 1499648, Note_on_c, 10, 58, 71
18, 1500160, Note_on_c, 10, 58, 0
18, 1500160, Note_on_c, 10, 60, 72
18, 1501184, Note_on_c, 10, 60, 0
18, 1501184, Note_on_c, 10, 58, 73
18, 1501696, Note_on_c, 10, 58, 0
18, 1501696, Note_on_c, 10, 62, 74
18, 1502720, Note_on_c, 10, 62, 0
18, 1502720, Note_on_c, 10, 58, 76
18, 1503232, Note_on_c, 10, 58, 0
18, 1503232, Note_on_c, 10, 63, 77
18, 1504256, Note_on_c, 10, 63, 0
18, 1504256, Note_on_c, 10, 58, 79
18, 1504768, Note_on_c, 10, 58, 0
18, 1504768, Note_on_c, 10, 60, 80
18, 1505792, Note_on_c, 10, 60, 0
18, 1505792, Note_on_c, 10, 62, 82
18, 1506304, Note_on_c, 10, 62, 0
18, 1506304, Note_on_c, 10, 63, 83
18, 1507328, Note_on_c, 10, 63, 0
18, 1507328, Note_on_c, 10, 65, 85
18, 1507840, Note_on_c, 10, 65, 0
18, 1507840, Note_on_c, 10, 67, 86
18, 1508864, Note_on_c, 10, 67, 0
18, 1509376, Note_on_c, 10, 53, 70
18, 1510912, Note_on_c, 10, 53, 0
18, 1510912, Note_on_c, 10, 55, 74
18, 1511936, Note_on_c, 10, 55, 0
18, 1511936, Note_on_c, 10, 57, 77
18, 1512310, Note_on_c, 10, 57, 0
18, 1512448, Note_on_c, 10, 58, 79
18, 1513472, Note_on_c, 10, 58, 0
18, 1513472, Note_on_c, 10, 60, 82
18, 1513984, Note_on_c, 10, 60, 0
18, 1513984, Note_on_c, 10, 62, 84
18, 1515008, Note_on_c, 10, 62, 0
18, 1515008, Note_on_c, 10, 63, 87
18, 1515520, Note_on_c, 10, 63, 0
18, 1515520, Note_on_c, 10, 65, 89
18, 1516749, Note_on_c, 10, 65, 0
18, 1517056, Note_on_c, 10, 65, 93
18, 1518285, Note_on_c, 10, 65, 0
18, 1518592, Note_on_c, 10, 65, 98
18, 1523200, Note_on_c, 10, 65, 0
18, 1523200, Note_on_c, 10, 58, 82
18, 1524224, Note_on_c, 10, 58, 0
18, 1530880, Note_on_c, 10, 67, 87
18, 1533164, Note_on_c, 10, 67, 0
18, 1533440, Note_on_c, 10, 63, 78
18, 1533814, Note_on_c, 10, 63, 0
18, 1533952, Note_on_c, 10, 63, 79
18, 1534464, Note_on_c, 10, 63, 0
18, 1534464, Note_on_c, 10, 62, 80
18, 1534976, Note_on_c, 10, 62, 0
18, 1534976, Note_on_c, 10, 60, 81
18, 1535350, Note_on_c, 10, 60, 0
18, 1535488, Note_on_c, 10, 63, 82
18, 1536512, Note_on_c, 10, 63, 0
18, 1536512, Note_on_c, 10, 60, 84
18, 1536886, Note_on_c, 10, 60, 0
18, 1537024, Note_on_c, 10, 60, 85
18, 1537536, Note_on_c, 10, 60, 0
18, 1537536, Note_on_c, 10, 58, 86
18, 1538048, Note_on_c, 10, 58, 0
18, 1538048, Note_on_c, 10, 57, 87
18, 1538422, Note_on_c, 10, 57, 0
18, 1538560, Note_on_c, 10, 58, 88
18, 1539584, Note_on_c, 10, 58, 0
18, 1539584, Note_on_c, 10, 60, 90
18, 1539958, Note_on_c, 10, 60, 0
18, 1540096, Note_on_c, 10, 62, 91
18, 1540608, Note_on_c, 10, 62, 0
18, 1540608, Note_on_c, 10, 63, 92
18, 1541120, Note_on_c, 10, 63, 0
18, 1541120, Note_on_c, 10, 65, 93
18, 1541494, Note_on_c, 10, 65, 0
18, 1541632, Note_on_c, 10, 67, 94
18, 1542656, Note_on_c, 10, 67, 0
18, 1542656, Note_on_c, 10, 69, 96
18, 1543030, Note_on_c, 10, 69, 0
18, 1543168, Note_on_c, 10, 70, 97
18, 1544192, Note_on_c, 10, 70, 0
18, 1544192, Note_on_c, 10, 65, 99
18, 1544704, Note_on_c, 10, 65, 0
18, 1544704, Note_on_c, 10, 67, 100
18, 1545728, Note_on_c, 10, 67, 0
18, 1545728, Note_on_c, 10, 69, 102
18, 1546240, Note_on_c, 10, 69, 0
18, 1546240, Note_on_c, 10, 70, 108
18, 1547361, Note_on_c, 10, 70, 0
18, 1547776, Note_on_c, 10, 58, 100
18, 1548524, Note_on_c, 10, 58, 0
18, 2050048, End_track
19, 0, Start_track
19, 0, Title_t, "Solo baritone"
19, 0, Program_c, 10, 69
19, 784896, Note_on_c, 10, 57, 97
19, 785920, Note_on_c, 10, 57, 0
19, 785920, Note_on_c, 10, 57, 106
19, 786176, Note_on_c, 10, 57, 0
19, 786176, Note_on_c, 10, 64, 108
19, 790016, Note_on_c, 10, 64, 0
19, 790016, Note_on_c, 10, 62, 107
19, 790528, Note_on_c, 10, 62, 0
19, 790528, Note_on_c, 10, 61, 106
19, 791040, Note_on_c, 10, 61, 0
19, 791040, Note_on_c, 10, 62, 104
19, 791552, Note_on_c, 10, 62, 0
19, 791552, Note_on_c, 10, 64, 102
19, 792064, Note_on_c, 10, 64, 0
19, 792064, Note_on_c, 10, 64, 101
19, 793088, Note_on_c, 10, 64, 0
19, 793088, Note_on_c, 10, 55, 90
19, 794112, Note_on_c, 10, 55, 0
19, 794624, Note_on_c, 10, 55, 81
19, 795034, Note_on_c, 10, 55, 0
19, 795136, Note_on_c, 10, 58, 78
19, 797184, Note_on_c, 10, 58, 0
19, 797184, Note_on_c, 10, 57, 66
19, 798003, Note_on_c, 10, 57, 0
19, 798208, Note_on_c, 10, 52, 60
19, 799027, Note_on_c, 10, 52, 0
19, 799232, Note_on_c, 10, 53, 54
19, 800051, Note_on_c, 10, 53, 0
19, 800256, Note_on_c, 10, 53, 48
19, 801075, Note_on_c, 10, 53, 0
19, 808448, Note_on_c, 10, 56, 44
19, 810496, Note_on_c, 10, 56, 0
19, 810496, Note_on_c, 10, 56, 44
19, 811520, Note_on_c, 10, 56, 0
19, 812544, Note_on_c, 10, 62, 48
19, 814080, Note_on_c, 10, 62, 0
19, 814080, Note_on_c, 10, 59, 52
19, 814592, Note_on_c, 10, 59, 0
19, 814592, Note_on_c, 10, 59, 54
19, 815616, Note_on_c, 10, 59, 0
19, 815616, Note_on_c, 10, 56, 56
19, 816128, Note_on_c, 10, 56, 0
19, 816128, Note_on_c, 10, 57, 58
19, 816640, Note_on_c, 10, 57, 0
19, 816640, Note_on_c, 10, 59, 59
19, 817152, Note_on_c, 10, 59, 0
19, 817152, Note_on_c, 10, 61, 61
19, 817664, Note_on_c, 10, 61, 0
19, 817664, Note_on_c, 10, 64, 62
19, 818176, Note_on_c, 10, 64, 0
19, 818176, Note_on_c, 10, 62, 63
19, 818688, Note_on_c, 10, 62, 0
19, 818688, Note_on_c, 10, 61, 62
19, 819200, Note_on_c, 10, 61, 0
19, 819200, Note_on_c, 10, 62, 61
19, 819712, Note_on_c, 10, 62, 0
19, 819712, Note_on_c, 10, 59, 60
19, 820224, Note_on_c, 10, 59, 0
19, 820224, Note_on_c, 10, 56, 59
19, 820736, Note_on_c, 10, 56, 0
19, 820736, Note_on_c, 10, 52, 59
19, 821146, Note_on_c, 10, 52, 0
19, 821248, Note_on_c, 10, 50, 58
19, 821658, Note_on_c, 10, 50, 0
19, 821760, Note_on_c, 10, 50, 57
19, 822579, Note_on_c, 10, 50, 0
19, 822784, Note_on_c, 10, 54, 54
19, 823296, Note_on_c, 10, 54, 0
19, 823296, Note_on_c, 10, 52, 51
19, 823808, Note_on_c, 10, 52, 0
19, 823808, Note_on_c, 10, 50, 48
19, 824627, Note_on_c, 10, 50, 0
19, 824832, Note_on_c, 10, 49, 41
19, 825651, Note_on_c, 10, 49, 0
19, 828928, Note_on_c, 10, 57, 93
19, 829747, Note_on_c, 10, 57, 0
19, 829952, Note_on_c, 10, 62, 98
19, 831488, Note_on_c, 10, 62, 0
19, 831488, Note_on_c, 10, 64, 101
19, 832000, Note_on_c, 10, 64, 0
19, 832000, Note_on_c, 10, 66, 103
19, 832512, Note_on_c, 10, 66, 0
19, 832512, Note_on_c, 10, 64, 106
19, 833024, Note_on_c, 10, 64, 0
19, 833024, Note_on_c, 10, 64, 108
19, 833536, Note_on_c, 10, 64, 0
19, 833536, Note_on_c, 10, 62, 109
19, 834048, Note_on_c, 10, 62, 0
19, 834048, Note_on_c, 10, 62, 109
19, 834560, Note_on_c, 10, 62, 0
19, 834560, Note_on_c, 10, 61, 109
19, 835072, Note_on_c, 10, 61, 0
19, 835072, Note_on_c, 10, 62, 108
19, 835584, Note_on_c, 10, 62, 0
19, 835584, Note_on_c, 10, 57, 108
19, 836096, Note_on_c, 10, 57, 0
19, 836096, Note_on_c, 10, 55, 108
19, 836608, Note_on_c, 10, 55, 0
19, 836608, Note_on_c, 10, 54, 107
19, 837120, Note_on_c, 10, 54, 0
19, 837120, Note_on_c, 10, 54, 107
19, 837632, Note_on_c, 10, 54, 0
19, 837632, Note_on_c, 10, 52, 107
19, 838144, Note_on_c, 10, 52, 0
19, 838144, Note_on_c, 10, 50, 106
19, 838656, Note_on_c, 10, 50, 0
19, 838656, Note_on_c, 10, 48, 106
19, 839168, Note_on_c, 10, 48, 0
19, 839168, Note_on_c, 10, 48, 106
19, 839680, Note_on_c, 10, 48, 0
19, 839680, Note_on_c, 10, 47, 95
19, 839936, Note_on_c, 10, 47, 0
19, 840192, Note_on_c, 10, 55, 114
19, 843776, Note_on_c, 10, 55, 0
19, 843776, Note_on_c, 10, 52, 92
19, 844288, Note_on_c, 10, 52, 0
19, 844288, Note_on_c, 10, 49, 92
19, 844800, Note_on_c, 10, 49, 0
19, 844800, Note_on_c, 10, 50, 92
19, 845210, Note_on_c, 10, 50, 0
19, 845312, Note_on_c, 10, 50, 92
19, 845722, Note_on_c, 10, 50, 0
19, 845824, Note_on_c, 10, 45, 92
19, 846234, Note_on_c, 10, 45, 0
19, 846336, Note_on_c, 10, 45, 92
19, 847155, Note_on_c, 10, 45, 0
19, 852992, Note_on_c, 10, 64, 88
19, 853811, Note_on_c, 10, 64, 0
19, 854016, Note_on_c, 10, 62, 88
19, 854835, Note_on_c, 10, 62, 0
19, 861184, Note_on_c, 10, 64, 89
19, 862208, Note_on_c, 10, 64, 0
19, 862208, Note_on_c, 10, 62, 89
19, 864256, Note_on_c, 10, 62, 0
19, 864256, Note_on_c, 10, 57, 72
19, 864768, Note_on_c, 10, 57, 0
19, 864768, Note_on_c, 10, 55, 67
19, 865280, Note_on_c, 10, 55, 0
19, 865280, Note_on_c, 10, 54, 62
19, 866304, Note_on_c, 10, 54, 0
19, 866304, Note_on_c, 10, 54, 62
19, 867328, Note_on_c, 10, 54, 0
19, 867328, Note_on_c, 10, 55, 64
19, 868352, Note_on_c, 10, 55, 0
19, 868352, Note_on_c, 10, 57, 66
19, 869376, Note_on_c, 10, 57, 0
19, 869376, Note_on_c, 10, 57, 67
19, 870400, Note_on_c, 10, 57, 0
19, 870400, Note_on_c, 10, 55, 66
19, 871424, Note_on_c, 10, 55, 0
19, 871424, Note_on_c, 10, 54, 63
19, 872448, Note_on_c, 10, 54, 0
19, 872448, Note_on_c, 10, 52, 60
19, 873472, Note_on_c, 10, 52, 0
19, 873472, Note_on_c, 10, 50, 57
19, 874496, Note_on_c, 10, 50, 0
19, 874496, Note_on_c, 10, 50, 57
19, 875520, Note_on_c, 10, 50, 0
19, 875520, Note_on_c, 10, 52, 59
19, 876544, Note_on_c, 10, 52, 0
19, 876544, Note_on_c, 10, 54, 61
19, 877568, Note_on_c, 10, 54, 0
19, 877568, Note_on_c, 10, 54, 62
19, 879104, Note_on_c, 10, 54, 0
19, 879104, Note_on_c, 10, 52, 56
19, 879616, Note_on_c, 10, 52, 0
19, 879616, Note_on_c, 10, 52, 54
19, 881254, Note_on_c, 10, 52, 0
19, 881664, Note_on_c, 10, 54, 54
19, 882688, Note_on_c, 10, 54, 0
19, 882688, Note_on_c, 10, 54, 57
19, 883712, Note_on_c, 10, 54, 0
19, 883712, Note_on_c, 10, 55, 60
19, 884736, Note_on_c, 10, 55, 0
19, 884736, Note_on_c, 10, 57, 63
19, 885760, Note_on_c, 10, 57, 0
19, 885760, Note_on_c, 10, 57, 66
19, 886784, Note_on_c, 10, 57, 0
19, 886784, Note_on_c, 10, 55, 65
19, 887808, Note_on_c, 10, 55, 0
19, 887808, Note_on_c, 10, 54, 62
19, 888832, Note_on_c, 10, 54, 0
19, 888832, Note_on_c, 10, 52, 59
19, 889856, Note_on_c, 10, 52, 0
19, 889856, Note_on_c, 10, 50, 56
19, 890880, Note_on_c, 10, 50, 0
19, 890880, Note_on_c, 10, 50, 58
19, 891904, Note_on_c, 10, 50, 0
19, 891904, Note_on_c, 10, 52, 61
19, 892928, Note_on_c, 10, 52, 0
19, 892928, Note_on_c, 10, 54, 64
19, 893952, Note_on_c, 10, 54, 0
19, 893952, Note_on_c, 10, 52, 67
19, 895488, Note_on_c, 10, 52, 0
19, 895488, Note_on_c, 10, 50, 60
19, 896000, Note_on_c, 10, 50, 0
19, 896000, Note_on_c, 10, 50, 57
19, 897638, Note_on_c, 10, 50, 0
19, 898048, Note_on_c, 10, 52, 52
19, 899072, Note_on_c, 10, 52, 0
19, 899072, Note_on_c, 10, 52, 52
19, 900096, Note_on_c, 10, 52, 0
19, 900096, Note_on_c, 10, 54, 52
19, 901120, Note_on_c, 10, 54, 0
19, 901120, Note_on_c, 10, 50, 52
19, 902144, Note_on_c, 10, 50, 0
19, 902144, Note_on_c, 10, 52, 53
19, 903168, Note_on_c, 10, 52, 0
19, 903168, Note_on_c, 10, 54, 53
19, 903680, Note_on_c, 10, 54, 0
19, 903680, Note_on_c, 10, 55, 53
19, 904192, Note_on_c, 10, 55, 0
19, 904192, Note_on_c, 10, 54, 53
19, 905216, Note_on_c, 10, 54, 0
19, 905216, Note_on_c, 10, 50, 53
19, 906240, Note_on_c, 10, 50, 0
19, 906240, Note_on_c, 10, 52, 54
19, 907264, Note_on_c, 10, 52, 0
19, 907264, Note_on_c, 10, 54, 54
19, 907776, Note_on_c, 10, 54, 0
19, 907776, Note_on_c, 10, 55, 54
19, 908288, Note_on_c, 10, 55, 0
19, 908288, Note_on_c, 10, 54, 54
19, 909312, Note_on_c, 10, 54, 0
19, 909312, Note_on_c, 10, 52, 54
19, 910336, Note_on_c, 10, 52, 0
19, 910336, Note_on_c, 10, 50, 54
19, 911360, Note_on_c, 10, 50, 0
19, 911360, Note_on_c, 10, 52, 58
19, 912384, Note_on_c, 10, 52, 0
19, 912384, Note_on_c, 10, 45, 63
19, 913132, Note_on_c, 10, 45, 0
19, 913408, Note_on_c, 10, 54, 68
19, 915456, Note_on_c, 10, 54, 0
19, 915456, Note_on_c, 10, 54, 69
19, 916480, Note_on_c, 10, 54, 0
19, 916480, Note_on_c, 10, 55, 69
19, 917504, Note_on_c, 10, 55, 0
19, 917504, Note_on_c, 10, 57, 69
19, 918528, Note_on_c, 10, 57, 0
19, 918528, Note_on_c, 10, 57, 69
19, 919552, Note_on_c, 10, 57, 0
19, 919552, Note_on_c, 10, 55, 61
19, 920576, Note_on_c, 10, 55, 0
19, 920576, Note_on_c, 10, 54, 57
19, 921600, Note_on_c, 10, 54, 0
19, 921600, Note_on_c, 10, 55, 54
19, 922112, Note_on_c, 10, 55, 0
19, 922112, Note_on_c, 10, 52, 52
19, 922624, Note_on_c, 10, 52, 0
19, 922624, Note_on_c, 10, 50, 50
19, 923648, Note_on_c, 10, 50, 0
19, 923648, Note_on_c, 10, 50, 52
19, 924672, Note_on_c, 10, 50, 0
19, 924672, Note_on_c, 10, 52, 54
19, 925696, Note_on_c, 10, 52, 0
19, 925696, Note_on_c, 10, 54, 55
19, 926720, Note_on_c, 10, 54, 0
19, 926720, Note_on_c, 10, 52, 57
19, 928256, Note_on_c, 10, 52, 0
19, 928256, Note_on_c, 10, 50, 54
19, 928768, Note_on_c, 10, 50, 0
19, 928768, Note_on_c, 10, 50, 52
19, 930406, Note_on_c, 10, 50, 0
19, 979968, Note_on_c, 10, 50, 72
19, 980992, Note_on_c, 10, 50, 0
19, 980992, Note_on_c, 10, 50, 73
19, 982016, Note_on_c, 10, 50, 0
19, 982016, Note_on_c, 10, 50, 74
19, 983040, Note_on_c, 10, 50, 0
19, 983040, Note_on_c, 10, 49, 75
19, 983552, Note_on_c, 10, 49, 0
19, 983552, Note_on_c, 10, 47, 75
19, 984064, Note_on_c, 10, 47, 0
19, 984064, Note_on_c, 10, 45, 75
19, 984576, Note_on_c, 10, 45, 0
19, 984576, Note_on_c, 10, 47, 76
19, 985088, Note_on_c, 10, 47, 0
19, 985088, Note_on_c, 10, 49, 75
19, 985600, Note_on_c, 10, 49, 0
19, 985600, Note_on_c, 10, 50, 75
19, 986112, Note_on_c, 10, 50, 0
19, 986112, Note_on_c, 10, 52, 74
19, 986624, Note_on_c, 10, 52, 0
19, 986624, Note_on_c, 10, 54, 74
19, 987136, Note_on_c, 10, 54, 0
19, 987136, Note_on_c, 10, 55, 73
19, 987648, Note_on_c, 10, 55, 0
19, 987648, Note_on_c, 10, 52, 72
19, 988160, Note_on_c, 10, 52, 0
19, 988160, Note_on_c, 10, 57, 72
19, 989184, Note_on_c, 10, 57, 0
19, 989184, Note_on_c, 10, 57, 72
19, 990208, Note_on_c, 10, 57, 0
19, 990208, Note_on_c, 10, 57, 74
19, 991232, Note_on_c, 10, 57, 0
19, 991232, Note_on_c, 10, 57, 76
19, 992256, Note_on_c, 10, 57, 0
19, 992256, Note_on_c, 10, 57, 78
19, 993792, Note_on_c, 10, 57, 0
19, 993792, Note_on_c, 10, 45, 72
19, 994304, Note_on_c, 10, 45, 0
19, 994304, Note_on_c, 10, 45, 70
19, 995328, Note_on_c, 10, 45, 0
19, 995328, Note_on_c, 10, 47, 65
19, 995840, Note_on_c, 10, 47, 0
19, 995840, Note_on_c, 10, 49, 62
19, 996352, Note_on_c, 10, 49, 0
19, 996352, Note_on_c, 10, 50, 61
19, 997376, Note_on_c, 10, 50, 0
19, 997376, Note_on_c, 10, 50, 63
19, 998400, Note_on_c, 10, 50, 0
19, 998400, Note_on_c, 10, 50, 65
19, 999424, Note_on_c, 10, 50, 0
19, 999424, Note_on_c, 10, 49, 68
19, 999936, Note_on_c, 10, 49, 0
19, 999936, Note_on_c, 10, 47, 69
19, 1000448, Note_on_c, 10, 47, 0
19, 1000448, Note_on_c, 10, 45, 70
19, 1000960, Note_on_c, 10, 45, 0
19, 1000960, Note_on_c, 10, 47, 70
19, 1001472, Note_on_c, 10, 47, 0
19, 1001472, Note_on_c, 10, 49, 69
19, 1001984, Note_on_c, 10, 49, 0
19, 1001984, Note_on_c, 10, 50, 67
19, 1002496, Note_on_c, 10, 50, 0
19, 1002496, Note_on_c, 10, 52, 65
19, 1003008, Note_on_c, 10, 52, 0
19, 1003008, Note_on_c, 10, 54, 64
19, 1003520, Note_on_c, 10, 54, 0
19, 1003520, Note_on_c, 10, 55, 62
19, 1004032, Note_on_c, 10, 55, 0
19, 1004032, Note_on_c, 10, 52, 61
19, 1004544, Note_on_c, 10, 52, 0
19, 1004544, Note_on_c, 10, 57, 59
19, 1005568, Note_on_c, 10, 57, 0
19, 1005568, Note_on_c, 10, 57, 64
19, 1006592, Note_on_c, 10, 57, 0
19, 1006592, Note_on_c, 10, 57, 66
19, 1007616, Note_on_c, 10, 57, 0
19, 1007616, Note_on_c, 10, 57, 68
19, 1008640, Note_on_c, 10, 57, 0
19, 1008640, Note_on_c, 10, 57, 70
19, 1009664, Note_on_c, 10, 57, 0
19, 1009664, Note_on_c, 10, 45, 69
19, 1010688, Note_on_c, 10, 45, 0
19, 1010688, Note_on_c, 10, 50, 65
19, 1011436, Note_on_c, 10, 50, 0
19, 1011712, Note_on_c, 10, 57, 62
19, 1013760, Note_on_c, 10, 57, 0
19, 1013760, Note_on_c, 10, 57, 59
19, 1014784, Note_on_c, 10, 57, 0
19, 1014784, Note_on_c, 10, 57, 60
19, 1016320, Note_on_c, 10, 57, 0
19, 1016320, Note_on_c, 10, 45, 62
19, 1016832, Note_on_c, 10, 45, 0
19, 1016832, Note_on_c, 10, 57, 62
19, 1017344, Note_on_c, 10, 57, 0
19, 1017344, Note_on_c, 10, 52, 63
19, 1017856, Note_on_c, 10, 52, 0
19, 1017856, Note_on_c, 10, 50, 63
19, 1018368, Note_on_c, 10, 50, 0
19, 1018368, Note_on_c, 10, 49, 64
19, 1018880, Note_on_c, 10, 49, 0
19, 1018880, Note_on_c, 10, 50, 64
19, 1020416, Note_on_c, 10, 50, 0
19, 1020416, Note_on_c, 10, 57, 66
19, 1020928, Note_on_c, 10, 57, 0
19, 1020928, Note_on_c, 10, 57, 67
19, 1021952, Note_on_c, 10, 57, 0
19, 1021952, Note_on_c, 10, 57, 68
19, 1022976, Note_on_c, 10, 57, 0
19, 1022976, Note_on_c, 10, 58, 69
19, 1024000, Note_on_c, 10, 58, 0
19, 1024000, Note_on_c, 10, 54, 70
19, 1025024, Note_on_c, 10, 54, 0
19, 1025024, Note_on_c, 10, 59, 71
19, 1026048, Note_on_c, 10, 59, 0
19, 1026048, Note_on_c, 10, 52, 72
19, 1027072, Note_on_c, 10, 52, 0
19, 1027072, Note_on_c, 10, 57, 72
19, 1027820, Note_on_c, 10, 57, 0
19, 1028096, Note_on_c, 10, 45, 76
19, 1029120, Note_on_c, 10, 45, 0
19, 1029120, Note_on_c, 10, 50, 80
19, 1030144, Note_on_c, 10, 50, 0
19, 1030144, Note_on_c, 10, 50, 85
19, 1031168, Note_on_c, 10, 50, 0
19, 1031168, Note_on_c, 10, 62, 93
19, 1032192, Note_on_c, 10, 62, 0
19, 1032192, Note_on_c, 10, 61, 87
19, 1032704, Note_on_c, 10, 61, 0
19, 1032704, Note_on_c, 10, 59, 87
19, 1033216, Note_on_c, 10, 59, 0
19, 1033216, Note_on_c, 10, 57, 85
19, 1033728, Note_on_c, 10, 57, 0
19, 1033728, Note_on_c, 10, 47, 83
19, 1034240, Note_on_c, 10, 47, 0
19, 1034240, Note_on_c, 10, 49, 81
19, 1034752, Note_on_c, 10, 49, 0
19, 1034752, Note_on_c, 10, 50, 79
19, 1035264, Note_on_c, 10, 50, 0
19, 1035264, Note_on_c, 10, 52, 76
19, 1035776, Note_on_c, 10, 52, 0
19, 1035776, Note_on_c, 10, 54, 74
19, 1036288, Note_on_c, 10, 54, 0
19, 1036288, Note_on_c, 10, 55, 72
19, 1036800, Note_on_c, 10, 55, 0
19, 1036800, Note_on_c, 10, 52, 70
19, 1037312, Note_on_c, 10, 52, 0
19, 1037312, Note_on_c, 10, 54, 67
19, 1038336, Note_on_c, 10, 54, 0
19, 1038336, Note_on_c, 10, 50, 63
19, 1039360, Note_on_c, 10, 50, 0
19, 1039360, Note_on_c, 10, 45, 65
19, 1040384, Note_on_c, 10, 45, 0
19, 1040384, Note_on_c, 10, 45, 68
19, 1041408, Note_on_c, 10, 45, 0
19, 1041408, Note_on_c, 10, 57, 70
19, 1042432, Note_on_c, 10, 57, 0
19, 1042432, Note_on_c, 10, 45, 66
19, 1043456, Note_on_c, 10, 45, 0
19, 1043456, Note_on_c, 10, 50, 58
19, 1045094, Note_on_c, 10, 50, 0
19, 1093120, Note_on_c, 10, 54, 44
19, 1093632, Note_on_c, 10, 54, 0
19, 1093632, Note_on_c, 10, 55, 45
19, 1094144, Note_on_c, 10, 55, 0
19, 1094144, Note_on_c, 10, 52, 45
19, 1094656, Note_on_c, 10, 52, 0
19, 1094656, Note_on_c, 10, 54, 46
19, 1095168, Note_on_c, 10, 54, 0
19, 1095168, Note_on_c, 10, 55, 46
19, 1095542, Note_on_c, 10, 55, 0
19, 1095680, Note_on_c, 10, 52, 47
19, 1096192, Note_on_c, 10, 52, 0
19, 1096192, Note_on_c, 10, 54, 47
19, 1096566, Note_on_c, 10, 54, 0
19, 1096704, Note_on_c, 10, 55, 48
19, 1097216, Note_on_c, 10, 55, 0
19, 1097216, Note_on_c, 10, 57, 48
19, 1097590, Note_on_c, 10, 57, 0
19, 1097728, Note_on_c, 10, 59, 49
19, 1098240, Note_on_c, 10, 59, 0
19, 1098240, Note_on_c, 10, 57, 50
19, 1098614, Note_on_c, 10, 57, 0
19, 1098752, Note_on_c, 10, 57, 50
19, 1099264, Note_on_c, 10, 57, 0
19, 1099264, Note_on_c, 10, 55, 51
19, 1099638, Note_on_c, 10, 55, 0
19, 1099776, Note_on_c, 10, 59, 51
19, 1100288, Note_on_c, 10, 59, 0
19, 1100288, Note_on_c, 10, 55, 52
19, 1100662, Note_on_c, 10, 55, 0
19, 1100800, Note_on_c, 10, 54, 52
19, 1101312, Note_on_c, 10, 54, 0
19, 1101312, Note_on_c, 10, 52, 52
19, 1101686, Note_on_c, 10, 52, 0
19, 1101824, Note_on_c, 10, 55, 49
19, 1102336, Note_on_c, 10, 55, 0
19, 1102336, Note_on_c, 10, 52, 47
19, 1102710, Note_on_c, 10, 52, 0
19, 1102848, Note_on_c, 10, 50, 44
19, 1103360, Note_on_c, 10, 50, 0
19, 1103360, Note_on_c, 10, 52, 45
19, 1103734, Note_on_c, 10, 52, 0
19, 1103872, Note_on_c, 10, 54, 46
19, 1104384, Note_on_c, 10, 54, 0
19, 1104384, Note_on_c, 10, 55, 47
19, 1104758, Note_on_c, 10, 55, 0
19, 1104896, Note_on_c, 10, 57, 48
19, 1105408, Note_on_c, 10, 57, 0
19, 1105408, Note_on_c, 10, 59, 49
19, 1105782, Note_on_c, 10, 59, 0
19, 1105920, Note_on_c, 10, 61, 50
19, 1106432, Note_on_c, 10, 61, 0
19, 1106432, Note_on_c, 10, 62, 52
19, 1106806, Note_on_c, 10, 62, 0
19, 1106944, Note_on_c, 10, 62, 53
19, 1107456, Note_on_c, 10, 62, 0
19, 1107456, Note_on_c, 10, 61, 52
19, 1107830, Note_on_c, 10, 61, 0
19, 1107968, Note_on_c, 10, 64, 51
19, 1108480, Note_on_c, 10, 64, 0
19, 1108480, Note_on_c, 10, 62, 50
19, 1108854, Note_on_c, 10, 62, 0
19, 1108992, Note_on_c, 10, 61, 49
19, 1111040, Note_on_c, 10, 61, 0
19, 1111040, Note_on_c, 10, 62, 45
19, 1111859, Note_on_c, 10, 62, 0
19, 1112064, Note_on_c, 10, 62, 45
19, 1112883, Note_on_c, 10, 62, 0
19, 1113088, Note_on_c, 10, 62, 45
19, 1113907, Note_on_c, 10, 62, 0
19, 1114112, Note_on_c, 10, 62, 44
19, 1114931, Note_on_c, 10, 62, 0
19, 1115136, Note_on_c, 10, 59, 44
19, 1115955, Note_on_c, 10, 59, 0
19, 1116160, Note_on_c, 10, 59, 44
19, 1116979, Note_on_c, 10, 59, 0
19, 1117184, Note_on_c, 10, 61, 43
19, 1118003, Note_on_c, 10, 61, 0
19, 1118208, Note_on_c, 10, 61, 43
19, 1119027, Note_on_c, 10, 61, 0
19, 1119232, Note_on_c, 10, 62, 46
19, 1119744, Note_on_c, 10, 62, 0
19, 1119744, Note_on_c, 10, 61, 43
19, 1120118, Note_on_c, 10, 61, 0
19, 1120256, Note_on_c, 10, 59, 45
19, 1120768, Note_on_c, 10, 59, 0
19, 1120768, Note_on_c, 10, 57, 47
19, 1121142, Note_on_c, 10, 57, 0
19, 1121280, Note_on_c, 10, 55, 48
19, 1121792, Note_on_c, 10, 55, 0
19, 1121792, Note_on_c, 10, 54, 50
19, 1122166, Note_on_c, 10, 54, 0
19, 1122304, Note_on_c, 10, 52, 52
19, 1122816, Note_on_c, 10, 52, 0
19, 1122816, Note_on_c, 10, 50, 54
19, 1123190, Note_on_c, 10, 50, 0
19, 1123328, Note_on_c, 10, 54, 55
19, 1123840, Note_on_c, 10, 54, 0
19, 1123840, Note_on_c, 10, 52, 54
19, 1124214, Note_on_c, 10, 52, 0
19, 1124352, Note_on_c, 10, 50, 53
19, 1124864, Note_on_c, 10, 50, 0
19, 1124864, Note_on_c, 10, 52, 52
19, 1125238, Note_on_c, 10, 52, 0
19, 1125376, Note_on_c, 10, 50, 51
19, 1125888, Note_on_c, 10, 50, 0
19, 1125888, Note_on_c, 10, 54, 50
19, 1126262, Note_on_c, 10, 54, 0
19, 1126400, Note_on_c, 10, 52, 48
19, 1126912, Note_on_c, 10, 52, 0
19, 1126912, Note_on_c, 10, 50, 47
19, 1127424, Note_on_c, 10, 50, 0
19, 1127424, Note_on_c, 10, 57, 46
19, 1128172, Note_on_c, 10, 57, 0
19, 1128448, Note_on_c, 10, 45, 47
19, 1129196, Note_on_c, 10, 45, 0
19, 1129472, Note_on_c, 10, 49, 48
19, 1129984, Note_on_c, 10, 49, 0
19, 1129984, Note_on_c, 10, 50, 48
19, 1130358, Note_on_c, 10, 50, 0
19, 1130496, Note_on_c, 10, 52, 49
19, 1131008, Note_on_c, 10, 52, 0
19, 1131008, Note_on_c, 10, 54, 49
19, 1131382, Note_on_c, 10, 54, 0
19, 1131520, Note_on_c, 10, 45, 50
19, 1132268, Note_on_c, 10, 45, 0
19, 1132544, Note_on_c, 10, 57, 50
19, 1133292, Note_on_c, 10, 57, 0
19, 1133568, Note_on_c, 10, 49, 51
19, 1134080, Note_on_c, 10, 49, 0
19, 1134080, Note_on_c, 10, 50, 52
19, 1134454, Note_on_c, 10, 50, 0
19, 1134592, Note_on_c, 10, 52, 52
19, 1135104, Note_on_c, 10, 52, 0
19, 1135104, Note_on_c, 10, 54, 53
19, 1135478, Note_on_c, 10, 54, 0
19, 1135616, Note_on_c, 10, 54, 53
19, 1136128, Note_on_c, 10, 54, 0
19, 1136128, Note_on_c, 10, 55, 54
19, 1136502, Note_on_c, 10, 55, 0
19, 1136640, Note_on_c, 10, 57, 54
19, 1137152, Note_on_c, 10, 57, 0
19, 1137152, Note_on_c, 10, 55, 55
19, 1137526, Note_on_c, 10, 55, 0
19, 1137664, Note_on_c, 10, 55, 55
19, 1138176, Note_on_c, 10, 55, 0
19, 1138176, Note_on_c, 10, 57, 56
19, 1138550, Note_on_c, 10, 57, 0
19, 1138688, Note_on_c, 10, 57, 56
19, 1139200, Note_on_c, 10, 57, 0
19, 1139200, Note_on_c, 10, 58, 57
19, 1139574, Note_on_c, 10, 58, 0
19, 1139712, Note_on_c, 10, 58, 57
19, 1140224, Note_on_c, 10, 58, 0
19, 1140224, Note_on_c, 10, 59, 58
19, 1140598, Note_on_c, 10, 59, 0
19, 1140736, Note_on_c, 10, 59, 58
19, 1141248, Note_on_c, 10, 59, 0
19, 1141248, Note_on_c, 10, 56, 59
19, 1141622, Note_on_c, 10, 56, 0
19, 1141760, Note_on_c, 10, 57, 59
19, 1142508, Note_on_c, 10, 57, 0
19, 1142784, Note_on_c, 10, 45, 58
19, 1143808, Note_on_c, 10, 45, 0
19, 1143808, Note_on_c, 10, 50, 61
19, 1144627, Note_on_c, 10, 50, 0
19, 1144832, Note_on_c, 10, 57, 64
19, 1145651, Note_on_c, 10, 57, 0
19, 1145856, Note_on_c, 10, 57, 67
19, 1146675, Note_on_c, 10, 57, 0
19, 1146880, Note_on_c, 10, 57, 69
19, 1147699, Note_on_c, 10, 57, 0
19, 1147904, Note_on_c, 10, 59, 72
19, 1148723, Note_on_c, 10, 59, 0
19, 1148928, Note_on_c, 10, 59, 75
19, 1149747, Note_on_c, 10, 59, 0
19, 1149952, Note_on_c, 10, 62, 78
19, 1150464, Note_on_c, 10, 62, 0
19, 1150464, Note_on_c, 10, 61, 79
19, 1150838, Note_on_c, 10, 61, 0
19, 1150976, Note_on_c, 10, 64, 80
19, 1151488, Note_on_c, 10, 64, 0
19, 1151488, Note_on_c, 10, 61, 82
19, 1151862, Note_on_c, 10, 61, 0
19, 1152000, Note_on_c, 10, 62, 83
19, 1152748, Note_on_c, 10, 62, 0
19, 1153024, Note_on_c, 10, 64, 86
19, 1153536, Note_on_c, 10, 64, 0
19, 1153536, Note_on_c, 10, 66, 87
19, 1153910, Note_on_c, 10, 66, 0
19, 1154048, Note_on_c, 10, 62, 89
19, 1155277, Note_on_c, 10, 62, 0
19, 1155584, Note_on_c, 10, 62, 91
19, 1155958, Note_on_c, 10, 62, 0
19, 1156096, Note_on_c, 10, 62, 92
19, 1156608, Note_on_c, 10, 62, 0
19, 1156608, Note_on_c, 10, 57, 93
19, 1157427, Note_on_c, 10, 57, 0
19, 1157632, Note_on_c, 10, 62, 94
19, 1158144, Note_on_c, 10, 62, 0
19, 1158144, Note_on_c, 10, 62, 95
19, 1159782, Note_on_c, 10, 62, 0
19, 2050048, End_track
20, 0, Start_track
20, 0, Title_t, "Soprano"
20, 0, Program_c, 11, 52
20, 0, Control_c, 11, 121, 127
20, 0, Control_c, 11, 91, 127
20, 0, Control_c, 11, 1, 10
20, 0, Control_c, 11, 10, 20
20, 0, Control_c, 11, 93, 127
20, 1045504, Note_on_c, 11, 76, 94
20, 1046528, Note_on_c, 11, 76, 0
20, 1046528, Note_on_c, 11, 76, 94
20, 1047552, Note_on_c, 11, 76, 0
20, 1047552, Note_on_c, 11, 78, 94
20, 1048576, Note_on_c, 11, 78, 0
20, 1048576, Note_on_c, 11, 74, 94
20, 1049600, Note_on_c, 11, 74, 0
20, 1049600, Note_on_c, 11, 76, 95
20, 1050624, Note_on_c, 11, 76, 0
20, 1050624, Note_on_c, 11, 78, 95
20, 1051136, Note_on_c, 11, 78, 0
20, 1051136, Note_on_c, 11, 79, 95
20, 1051648, Note_on_c, 11, 79, 0
20, 1051648, Note_on_c, 11, 78, 95
20, 1052672, Note_on_c, 11, 78, 0
20, 1052672, Note_on_c, 11, 74, 95
20, 1053696, Note_on_c, 11, 74, 0
20, 1053696, Note_on_c, 11, 76, 94
20, 1054720, Note_on_c, 11, 76, 0
20, 1054720, Note_on_c, 11, 78, 95
20, 1055232, Note_on_c, 11, 78, 0
20, 1055232, Note_on_c, 11, 79, 95
20, 1055744, Note_on_c, 11, 79, 0
20, 1055744, Note_on_c, 11, 78, 96
20, 1056768, Note_on_c, 11, 78, 0
20, 1056768, Note_on_c, 11, 76, 96
20, 1057792, Note_on_c, 11, 76, 0
20, 1057792, Note_on_c, 11, 74, 97
20, 1058816, Note_on_c, 11, 74, 0
20, 1058816, Note_on_c, 11, 76, 98
20, 1059840, Note_on_c, 11, 76, 0
20, 1059840, Note_on_c, 11, 69, 99
20, 1060588, Note_on_c, 11, 69, 0
20, 1060864, Note_on_c, 11, 78, 99
20, 1062912, Note_on_c, 11, 78, 0
20, 1062912, Note_on_c, 11, 78, 104
20, 1063936, Note_on_c, 11, 78, 0
20, 1063936, Note_on_c, 11, 79, 108
20, 1064960, Note_on_c, 11, 79, 0
20, 1064960, Note_on_c, 11, 81, 103
20, 1065984, Note_on_c, 11, 81, 0
20, 1065984, Note_on_c, 11, 81, 101
20, 1067008, Note_on_c, 11, 81, 0
20, 1067008, Note_on_c, 11, 79, 89
20, 1068032, Note_on_c, 11, 79, 0
20, 1068032, Note_on_c, 11, 78, 77
20, 1069056, Note_on_c, 11, 78, 0
20, 1069056, Note_on_c, 11, 76, 65
20, 1070080, Note_on_c, 11, 76, 0
20, 1070080, Note_on_c, 11, 74, 52
20, 1071104, Note_on_c, 11, 74, 0
20, 1071104, Note_on_c, 11, 74, 50
20, 1072128, Note_on_c, 11, 74, 0
20, 1072128, Note_on_c, 11, 76, 48
20, 1073152, Note_on_c, 11, 76, 0
20, 1073152, Note_on_c, 11, 78, 45
20, 1074176, Note_on_c, 11, 78, 0
20, 1074176, Note_on_c, 11, 76, 43
20, 1075712, Note_on_c, 11, 76, 0
20, 1075712, Note_on_c, 11, 74, 39
20, 1076224, Note_on_c, 11, 74, 0
20, 1076224, Note_on_c, 11, 74, 38
20, 1077862, Note_on_c, 11, 74, 0
20, 1160192, Note_on_c, 11, 78, 95
20, 1160704, Note_on_c, 11, 78, 0
20, 1160704, Note_on_c, 11, 76, 95
20, 1161078, Note_on_c, 11, 76, 0
20, 1161216, Note_on_c, 11, 74, 95
20, 1161728, Note_on_c, 11, 74, 0
20, 1161728, Note_on_c, 11, 76, 95
20, 1162102, Note_on_c, 11, 76, 0
20, 1162240, Note_on_c, 11, 79, 97
20, 1162752, Note_on_c, 11, 79, 0
20, 1162752, Note_on_c, 11, 78, 97
20, 1163126, Note_on_c, 11, 78, 0
20, 1163264, Note_on_c, 11, 76, 97
20, 1163776, Note_on_c, 11, 76, 0
20, 1163776, Note_on_c, 11, 74, 97
20, 1164150, Note_on_c, 11, 74, 0
20, 1164288, Note_on_c, 11, 78, 97
20, 1164800, Note_on_c, 11, 78, 0
20, 1164800, Note_on_c, 11, 76, 97
20, 1165174, Note_on_c, 11, 76, 0
20, 1165312, Note_on_c, 11, 74, 98
20, 1165824, Note_on_c, 11, 74, 0
20, 1165824, Note_on_c, 11, 76, 98
20, 1166198, Note_on_c, 11, 76, 0
20, 1166336, Note_on_c, 11, 79, 98
20, 1166848, Note_on_c, 11, 79, 0
20, 1166848, Note_on_c, 11, 78, 98
20, 1167222, Note_on_c, 11, 78, 0
20, 1167360, Note_on_c, 11, 76, 98
20, 1167872, Note_on_c, 11, 76, 0
20, 1167872, Note_on_c, 11, 74, 98
20, 1168246, Note_on_c, 11, 74, 0
20, 1168384, Note_on_c, 11, 78, 98
20, 1168896, Note_on_c, 11, 78, 0
20, 1168896, Note_on_c, 11, 76, 99
20, 1169270, Note_on_c, 11, 76, 0
20, 1169408, Note_on_c, 11, 74, 99
20, 1169920, Note_on_c, 11, 74, 0
20, 1169920, Note_on_c, 11, 76, 100
20, 1170294, Note_on_c, 11, 76, 0
20, 1170432, Note_on_c, 11, 79, 101
20, 1170944, Note_on_c, 11, 79, 0
20, 1170944, Note_on_c, 11, 78, 101
20, 1171318, Note_on_c, 11, 78, 0
20, 1171456, Note_on_c, 11, 78, 102
20, 1171968, Note_on_c, 11, 78, 0
20, 1171968, Note_on_c, 11, 76, 102
20, 1172342, Note_on_c, 11, 76, 0
20, 1172480, Note_on_c, 11, 76, 103
20, 1172992, Note_on_c, 11, 76, 0
20, 1172992, Note_on_c, 11, 74, 103
20, 1173504, Note_on_c, 11, 74, 0
20, 1173504, Note_on_c, 11, 74, 104
20, 1174016, Note_on_c, 11, 74, 0
20, 1174016, Note_on_c, 11, 76, 104
20, 1174528, Note_on_c, 11, 76, 0
20, 1174528, Note_on_c, 11, 69, 105
20, 1175276, Note_on_c, 11, 69, 0
20, 1175552, Note_on_c, 11, 78, 106
20, 1177088, Note_on_c, 11, 78, 0
20, 1177088, Note_on_c, 11, 79, 106
20, 1177462, Note_on_c, 11, 79, 0
20, 1177600, Note_on_c, 11, 76, 106
20, 1178112, Note_on_c, 11, 76, 0
20, 1178112, Note_on_c, 11, 78, 106
20, 1178486, Note_on_c, 11, 78, 0
20, 1178624, Note_on_c, 11, 79, 106
20, 1179136, Note_on_c, 11, 79, 0
20, 1179136, Note_on_c, 11, 81, 106
20, 1179510, Note_on_c, 11, 81, 0
20, 1179648, Note_on_c, 11, 83, 106
20, 1180160, Note_on_c, 11, 83, 0
20, 1180160, Note_on_c, 11, 81, 106
20, 1180534, Note_on_c, 11, 81, 0
20, 1180672, Note_on_c, 11, 81, 106
20, 1181184, Note_on_c, 11, 81, 0
20, 1181184, Note_on_c, 11, 79, 106
20, 1181558, Note_on_c, 11, 79, 0
20, 1181696, Note_on_c, 11, 83, 106
20, 1182208, Note_on_c, 11, 83, 0
20, 1182208, Note_on_c, 11, 79, 106
20, 1182582, Note_on_c, 11, 79, 0
20, 1182720, Note_on_c, 11, 78, 106
20, 1183232, Note_on_c, 11, 78, 0
20, 1183232, Note_on_c, 11, 76, 106
20, 1183606, Note_on_c, 11, 76, 0
20, 1183744, Note_on_c, 11, 79, 106
20, 1184256, Note_on_c, 11, 79, 0
20, 1184256, Note_on_c, 11, 76, 106
20, 1184630, Note_on_c, 11, 76, 0
20, 1184768, Note_on_c, 11, 76, 107
20, 1185280, Note_on_c, 11, 76, 0
20, 1185280, Note_on_c, 11, 74, 108
20, 1185654, Note_on_c, 11, 74, 0
20, 1185792, Note_on_c, 11, 73, 111
20, 1186304, Note_on_c, 11, 73, 0
20, 1186304, Note_on_c, 11, 74, 113
20, 1186678, Note_on_c, 11, 74, 0
20, 1186816, Note_on_c, 11, 78, 119
20, 1187328, Note_on_c, 11, 78, 0
20, 1187328, Note_on_c, 11, 76, 117
20, 1187840, Note_on_c, 11, 76, 0
20, 1187840, Note_on_c, 11, 79, 117
20, 1188214, Note_on_c, 11, 79, 0
20, 1188352, Note_on_c, 11, 78, 117
20, 1188726, Note_on_c, 11, 78, 0
20, 1188864, Note_on_c, 11, 78, 116
20, 1189376, Note_on_c, 11, 78, 0
20, 1189376, Note_on_c, 11, 76, 116
20, 1190124, Note_on_c, 11, 76, 0
20, 1190400, Note_on_c, 11, 69, 115
20, 1190774, Note_on_c, 11, 69, 0
20, 1190912, Note_on_c, 11, 74, 115
20, 1192550, Note_on_c, 11, 74, 0
20, 1192960, Note_on_c, 11, 69, 111
20, 1193984, Note_on_c, 11, 69, 0
20, 1195008, Note_on_c, 11, 69, 111
20, 1196032, Note_on_c, 11, 69, 0
20, 1197056, Note_on_c, 11, 71, 111
20, 1198080, Note_on_c, 11, 71, 0
20, 1199104, Note_on_c, 11, 71, 111
20, 1200128, Note_on_c, 11, 71, 0
20, 1201152, Note_on_c, 11, 73, 111
20, 1202176, Note_on_c, 11, 73, 0
20, 1203200, Note_on_c, 11, 73, 111
20, 1204224, Note_on_c, 11, 73, 0
20, 1205248, Note_on_c, 11, 74, 111
20, 1208525, Note_on_c, 11, 74, 0
20, 1209344, Note_on_c, 11, 80, 111
20, 1210368, Note_on_c, 11, 80, 0
20, 1211392, Note_on_c, 11, 80, 114
20, 1212416, Note_on_c, 11, 80, 0
20, 1213440, Note_on_c, 11, 81, 117
20, 1216717, Note_on_c, 11, 81, 0
20, 1219584, Note_on_c, 11, 80, 115
20, 1220608, Note_on_c, 11, 80, 0
20, 1221632, Note_on_c, 11, 81, 121
20, 1224909, Note_on_c, 11, 81, 0
20, 1227776, Note_on_c, 11, 81, 126
20, 1228800, Note_on_c, 11, 81, 0
20, 1229824, Note_on_c, 11, 81, 127
20, 1238016, Note_on_c, 11, 81, 0
20, 1890304, Note_on_c, 11, 78, 110
20, 1891425, Note_on_c, 11, 78, 0
20, 1891840, Note_on_c, 11, 78, 110
20, 1892961, Note_on_c, 11, 78, 0
20, 1893376, Note_on_c, 11, 79, 110
20, 1894497, Note_on_c, 11, 79, 0
20, 1894912, Note_on_c, 11, 81, 110
20, 1896033, Note_on_c, 11, 81, 0
20, 1896448, Note_on_c, 11, 81, 110
20, 1897569, Note_on_c, 11, 81, 0
20, 1897984, Note_on_c, 11, 79, 110
20, 1899105, Note_on_c, 11, 79, 0
20, 1899520, Note_on_c, 11, 78, 110
20, 1900641, Note_on_c, 11, 78, 0
20, 1901056, Note_on_c, 11, 76, 110
20, 1902177, Note_on_c, 11, 76, 0
20, 1902592, Note_on_c, 11, 74, 110
20, 1903713, Note_on_c, 11, 74, 0
20, 1904128, Note_on_c, 11, 74, 110
20, 1905249, Note_on_c, 11, 74, 0
20, 1905664, Note_on_c, 11, 76, 110
20, 1906785, Note_on_c, 11, 76, 0
20, 1907200, Note_on_c, 11, 78, 110
20, 1908321, Note_on_c, 11, 78, 0
20, 1908736, Note_on_c, 11, 78, 122
20, 1911020, Note_on_c, 11, 78, 0
20, 1911296, Note_on_c, 11, 76, 110
20, 1911552, Note_on_c, 11, 76, 0
20, 1911808, Note_on_c, 11, 76, 110
20, 1912556, Note_on_c, 11, 76, 0
20, 1914880, Note_on_c, 11, 78, 110
20, 1916001, Note_on_c, 11, 78, 0
20, 1916416, Note_on_c, 11, 78, 110
20, 1917537, Note_on_c, 11, 78, 0
20, 1917952, Note_on_c, 11, 79, 110
20, 1919073, Note_on_c, 11, 79, 0
20, 1919488, Note_on_c, 11, 81, 110
20, 1920609, Note_on_c, 11, 81, 0
20, 1921024, Note_on_c, 11, 81, 122
20, 1922145, Note_on_c, 11, 81, 0
20, 1922560, Note_on_c, 11, 79, 110
20, 1923681, Note_on_c, 11, 79, 0
20, 1924096, Note_on_c, 11, 78, 110
20, 1925217, Note_on_c, 11, 78, 0
20, 1925632, Note_on_c, 11, 76, 110
20, 1926753, Note_on_c, 11, 76, 0
20, 1927168, Note_on_c, 11, 74, 110
20, 1928289, Note_on_c, 11, 74, 0
20, 1928704, Note_on_c, 11, 74, 110
20, 1929825, Note_on_c, 11, 74, 0
20, 1930240, Note_on_c, 11, 76, 110
20, 1931361, Note_on_c, 11, 76, 0
20, 1931776, Note_on_c, 11, 78, 110
20, 1932897, Note_on_c, 11, 78, 0
20, 1933312, Note_on_c, 11, 76, 120
20, 1935596, Note_on_c, 11, 76, 0
20, 1935872, Note_on_c, 11, 74, 110
20, 1936128, Note_on_c, 11, 74, 0
20, 1936384, Note_on_c, 11, 74, 110
20, 1937132, Note_on_c, 11, 74, 0
20, 1939456, Note_on_c, 11, 76, 110
20, 1940577, Note_on_c, 11, 76, 0
20, 1940992, Note_on_c, 11, 76, 110
20, 1942113, Note_on_c, 11, 76, 0
20, 1942528, Note_on_c, 11, 78, 110
20, 1943649, Note_on_c, 11, 78, 0
20, 1944064, Note_on_c, 11, 74, 110
20, 1945185, Note_on_c, 11, 74, 0
20, 1945600, Note_on_c, 11, 76, 110
20, 1946721, Note_on_c, 11, 76, 0
20, 1947136, Note_on_c, 11, 78, 110
20, 1948160, Note_on_c, 11, 78, 0
20, 1948160, Note_on_c, 11, 79, 110
20, 1948416, Note_on_c, 11, 79, 0
20, 1948672, Note_on_c, 11, 78, 110
20, 1949793, Note_on_c, 11, 78, 0
20, 1950208, Note_on_c, 11, 74, 110
20, 1951329, Note_on_c, 11, 74, 0
20, 1951744, Note_on_c, 11, 76, 110
20, 1952865, Note_on_c, 11, 76, 0
20, 1953280, Note_on_c, 11, 78, 110
20, 1954304, Note_on_c, 11, 78, 0
20, 1954304, Note_on_c, 11, 79, 110
20, 1954560, Note_on_c, 11, 79, 0
20, 1954816, Note_on_c, 11, 78, 110
20, 1955937, Note_on_c, 11, 78, 0
20, 1956352, Note_on_c, 11, 76, 110
20, 1957473, Note_on_c, 11, 76, 0
20, 1957888, Note_on_c, 11, 74, 110
20, 1959009, Note_on_c, 11, 74, 0
20, 1959424, Note_on_c, 11, 76, 110
20, 1960545, Note_on_c, 11, 76, 0
20, 1960960, Note_on_c, 11, 69, 110
20, 1962081, Note_on_c, 11, 69, 0
20, 1962496, Note_on_c, 11, 78, 110
20, 1965153, Note_on_c, 11, 78, 0
20, 1965568, Note_on_c, 11, 78, 110
20, 1966689, Note_on_c, 11, 78, 0
20, 1967104, Note_on_c, 11, 79, 110
20, 1968225, Note_on_c, 11, 79, 0
20, 1968640, Note_on_c, 11, 81, 110
20, 1969761, Note_on_c, 11, 81, 0
20, 1970176, Note_on_c, 11, 81, 110
20, 1971297, Note_on_c, 11, 81, 0
20, 1971712, Note_on_c, 11, 79, 110
20, 1972833, Note_on_c, 11, 79, 0
20, 1973248, Note_on_c, 11, 78, 110
20, 1974369, Note_on_c, 11, 78, 0
20, 1974784, Note_on_c, 11, 79, 110
20, 1975532, Note_on_c, 11, 79, 0
20, 1975808, Note_on_c, 11, 76, 110
20, 1976064, Note_on_c, 11, 76, 0
20, 1976320, Note_on_c, 11, 74, 122
20, 1977441, Note_on_c, 11, 74, 0
20, 1977856, Note_on_c, 11, 74, 110
20, 1978977, Note_on_c, 11, 74, 0
20, 1979392, Note_on_c, 11, 76, 110
20, 1980513, Note_on_c, 11, 76, 0
20, 1980928, Note_on_c, 11, 78, 110
20, 1982049, Note_on_c, 11, 78, 0
20, 1982464, Note_on_c, 11, 76, 110
20, 1984748, Note_on_c, 11, 76, 0
20, 1985024, Note_on_c, 11, 74, 110
20, 1985280, Note_on_c, 11, 74, 0
20, 1985536, Note_on_c, 11, 74, 110
20, 1986657, Note_on_c, 11, 74, 0
20, 1988608, Note_on_c, 11, 76, 110
20, 1989729, Note_on_c, 11, 76, 0
20, 1990144, Note_on_c, 11, 76, 110
20, 1991265, Note_on_c, 11, 76, 0
20, 1991680, Note_on_c, 11, 78, 110
20, 1992801, Note_on_c, 11, 78, 0
20, 1993216, Note_on_c, 11, 74, 110
20, 1994337, Note_on_c, 11, 74, 0
20, 1994752, Note_on_c, 11, 76, 110
20, 1995873, Note_on_c, 11, 76, 0
20, 1996288, Note_on_c, 11, 78, 110
20, 1997312, Note_on_c, 11, 78, 0
20, 1997312, Note_on_c, 11, 79, 110
20, 1997568, Note_on_c, 11, 79, 0
20, 1997824, Note_on_c, 11, 78, 110
20, 1998945, Note_on_c, 11, 78, 0
20, 1999360, Note_on_c, 11, 74, 110
20, 2000481, Note_on_c, 11, 74, 0
20, 2000896, Note_on_c, 11, 76, 110
20, 2002017, Note_on_c, 11, 76, 0
20, 2002432, Note_on_c, 11, 78, 110
20, 2003456, Note_on_c, 11, 78, 0
20, 2003456, Note_on_c, 11, 79, 110
20, 2003712, Note_on_c, 11, 79, 0
20, 2003968, Note_on_c, 11, 78, 110
20, 2005089, Note_on_c, 11, 78, 0
20, 2005504, Note_on_c, 11, 76, 110
20, 2006625, Note_on_c, 11, 76, 0
20, 2007040, Note_on_c, 11, 74, 110
20, 2008161, Note_on_c, 11, 74, 0
20, 2008576, Note_on_c, 11, 76, 110
20, 2009697, Note_on_c, 11, 76, 0
20, 2010112, Note_on_c, 11, 69, 110
20, 2011233, Note_on_c, 11, 69, 0
20, 2011648, Note_on_c, 11, 78, 122
20, 2014305, Note_on_c, 11, 78, 0
20, 2014720, Note_on_c, 11, 78, 110
20, 2015841, Note_on_c, 11, 78, 0
20, 2016256, Note_on_c, 11, 79, 110
20, 2017377, Note_on_c, 11, 79, 0
20, 2017792, Note_on_c, 11, 81, 110
20, 2018913, Note_on_c, 11, 81, 0
20, 2019328, Note_on_c, 11, 81, 110
20, 2020449, Note_on_c, 11, 81, 0
20, 2020864, Note_on_c, 11, 79, 110
20, 2021985, Note_on_c, 11, 79, 0
20, 2022400, Note_on_c, 11, 78, 120
20, 2023521, Note_on_c, 11, 78, 0
20, 2023936, Note_on_c, 11, 79, 110
20, 2024684, Note_on_c, 11, 79, 0
20, 2024960, Note_on_c, 11, 76, 110
20, 2025216, Note_on_c, 11, 76, 0
20, 2025472, Note_on_c, 11, 74, 110
20, 2026593, Note_on_c, 11, 74, 0
20, 2027008, Note_on_c, 11, 74, 110
20, 2028129, Note_on_c, 11, 74, 0
20, 2028544, Note_on_c, 11, 76, 111
20, 2029665, Note_on_c, 11, 76, 0
20, 2030080, Note_on_c, 11, 78, 113
20, 2031201, Note_on_c, 11, 78, 0
20, 2031616, Note_on_c, 11, 76, 116
20, 2033900, Note_on_c, 11, 76, 0
20, 2034176, Note_on_c, 11, 74, 120
20, 2034432, Note_on_c, 11, 74, 0
20, 2034688, Note_on_c, 11, 74, 121
20, 2035809, Note_on_c, 11, 74, 0
20, 2050048, Control_c, 11, 121, 127
20, 2050048, End_track
21, 0, Start_track
21, 0, Title_t, "Alto"
21, 0, Program_c, 12, 52
21, 0, Control_c, 12, 121, 127
21, 0, Control_c, 12, 91, 127
21, 0, Control_c, 12, 1, 10
21, 0, Control_c, 12, 10, 50
21, 0, Control_c, 12, 93, 127
21, 930816, Note_on_c, 12, 64, 96
21, 931840, Note_on_c, 12, 64, 0
21, 931840, Note_on_c, 12, 64, 96
21, 932864, Note_on_c, 12, 64, 0
21, 932864, Note_on_c, 12, 66, 96
21, 933888, Note_on_c, 12, 66, 0
21, 933888, Note_on_c, 12, 62, 96
21, 934912, Note_on_c, 12, 62, 0
21, 934912, Note_on_c, 12, 64, 96
21, 935936, Note_on_c, 12, 64, 0
21, 935936, Note_on_c, 12, 66, 96
21, 936448, Note_on_c, 12, 66, 0
21, 936448, Note_on_c, 12, 67, 96
21, 936960, Note_on_c, 12, 67, 0
21, 936960, Note_on_c, 12, 66, 96
21, 937984, Note_on_c, 12, 66, 0
21, 937984, Note_on_c, 12, 62, 96
21, 939008, Note_on_c, 12, 62, 0
21, 939008, Note_on_c, 12, 64, 96
21, 940032, Note_on_c, 12, 64, 0
21, 940032, Note_on_c, 12, 66, 96
21, 940544, Note_on_c, 12, 66, 0
21, 940544, Note_on_c, 12, 67, 96
21, 941056, Note_on_c, 12, 67, 0
21, 941056, Note_on_c, 12, 66, 96
21, 942080, Note_on_c, 12, 66, 0
21, 942080, Note_on_c, 12, 64, 96
21, 943104, Note_on_c, 12, 64, 0
21, 943104, Note_on_c, 12, 62, 96
21, 944128, Note_on_c, 12, 62, 0
21, 944128, Note_on_c, 12, 64, 98
21, 945152, Note_on_c, 12, 64, 0
21, 945152, Note_on_c, 12, 57, 101
21, 945971, Note_on_c, 12, 57, 0
21, 946176, Note_on_c, 12, 66, 103
21, 948224, Note_on_c, 12, 66, 0
21, 948224, Note_on_c, 12, 66, 102
21, 949248, Note_on_c, 12, 66, 0
21, 949248, Note_on_c, 12, 67, 100
21, 950272, Note_on_c, 12, 67, 0
21, 950272, Note_on_c, 12, 69, 98
21, 951296, Note_on_c, 12, 69, 0
21, 951296, Note_on_c, 12, 69, 96
21, 952320, Note_on_c, 12, 69, 0
21, 952320, Note_on_c, 12, 67, 96
21, 953344, Note_on_c, 12, 67, 0
21, 953344, Note_on_c, 12, 66, 96
21, 954368, Note_on_c, 12, 66, 0
21, 954368, Note_on_c, 12, 67, 96
21, 954880, Note_on_c, 12, 67, 0
21, 954880, Note_on_c, 12, 64, 96
21, 955392, Note_on_c, 12, 64, 0
21, 955392, Note_on_c, 12, 62, 96
21, 956416, Note_on_c, 12, 62, 0
21, 956416, Note_on_c, 12, 62, 96
21, 957440, Note_on_c, 12, 62, 0
21, 957440, Note_on_c, 12, 64, 95
21, 958464, Note_on_c, 12, 64, 0
21, 958464, Note_on_c, 12, 66, 95
21, 959488, Note_on_c, 12, 66, 0
21, 959488, Note_on_c, 12, 64, 95
21, 961024, Note_on_c, 12, 64, 0
21, 961024, Note_on_c, 12, 62, 95
21, 961434, Note_on_c, 12, 62, 0
21, 961536, Note_on_c, 12, 62, 95
21, 963174, Note_on_c, 12, 62, 0
21, 1045504, Note_on_c, 12, 69, 94
21, 1046528, Note_on_c, 12, 69, 0
21, 1046528, Note_on_c, 12, 69, 94
21, 1047552, Note_on_c, 12, 69, 0
21, 1047552, Note_on_c, 12, 69, 94
21, 1048576, Note_on_c, 12, 69, 0
21, 1048576, Note_on_c, 12, 69, 94
21, 1049600, Note_on_c, 12, 69, 0
21, 1049600, Note_on_c, 12, 69, 95
21, 1050624, Note_on_c, 12, 69, 0
21, 1050624, Note_on_c, 12, 69, 95
21, 1051648, Note_on_c, 12, 69, 0
21, 1051648, Note_on_c, 12, 69, 95
21, 1052672, Note_on_c, 12, 69, 0
21, 1052672, Note_on_c, 12, 67, 95
21, 1053184, Note_on_c, 12, 67, 0
21, 1053184, Note_on_c, 12, 66, 95
21, 1053696, Note_on_c, 12, 66, 0
21, 1053696, Note_on_c, 12, 69, 94
21, 1054720, Note_on_c, 12, 69, 0
21, 1054720, Note_on_c, 12, 64, 95
21, 1055744, Note_on_c, 12, 64, 0
21, 1055744, Note_on_c, 12, 66, 96
21, 1056768, Note_on_c, 12, 66, 0
21, 1056768, Note_on_c, 12, 66, 96
21, 1057792, Note_on_c, 12, 66, 0
21, 1057792, Note_on_c, 12, 66, 97
21, 1058816, Note_on_c, 12, 66, 0
21, 1058816, Note_on_c, 12, 68, 98
21, 1059840, Note_on_c, 12, 68, 0
21, 1059840, Note_on_c, 12, 69, 99
21, 1060588, Note_on_c, 12, 69, 0
21, 1060864, Note_on_c, 12, 69, 99
21, 1062912, Note_on_c, 12, 69, 0
21, 1062912, Note_on_c, 12, 69, 104
21, 1063936, Note_on_c, 12, 69, 0
21, 1063936, Note_on_c, 12, 69, 108
21, 1064960, Note_on_c, 12, 69, 0
21, 1064960, Note_on_c, 12, 69, 103
21, 1065984, Note_on_c, 12, 69, 0
21, 1065984, Note_on_c, 12, 69, 101
21, 1067008, Note_on_c, 12, 69, 0
21, 1067008, Note_on_c, 12, 69, 89
21, 1068032, Note_on_c, 12, 69, 0
21, 1068032, Note_on_c, 12, 69, 77
21, 1069056, Note_on_c, 12, 69, 0
21, 1069056, Note_on_c, 12, 69, 65
21, 1070080, Note_on_c, 12, 69, 0
21, 1070080, Note_on_c, 12, 69, 52
21, 1071104, Note_on_c, 12, 69, 0
21, 1071104, Note_on_c, 12, 66, 50
21, 1072128, Note_on_c, 12, 66, 0
21, 1072128, Note_on_c, 12, 67, 48
21, 1073152, Note_on_c, 12, 67, 0
21, 1073152, Note_on_c, 12, 69, 45
21, 1074176, Note_on_c, 12, 69, 0
21, 1074176, Note_on_c, 12, 67, 43
21, 1075712, Note_on_c, 12, 67, 0
21, 1075712, Note_on_c, 12, 66, 39
21, 1076224, Note_on_c, 12, 66, 0
21, 1076224, Note_on_c, 12, 66, 38
21, 1077862, Note_on_c, 12, 66, 0
21, 1160192, Note_on_c, 12, 69, 95
21, 1160940, Note_on_c, 12, 69, 0
21, 1161216, Note_on_c, 12, 69, 95
21, 1161964, Note_on_c, 12, 69, 0
21, 1162240, Note_on_c, 12, 69, 97
21, 1162988, Note_on_c, 12, 69, 0
21, 1163264, Note_on_c, 12, 69, 97
21, 1164012, Note_on_c, 12, 69, 0
21, 1164288, Note_on_c, 12, 69, 97
21, 1165036, Note_on_c, 12, 69, 0
21, 1165312, Note_on_c, 12, 69, 98
21, 1166060, Note_on_c, 12, 69, 0
21, 1166336, Note_on_c, 12, 69, 98
21, 1167084, Note_on_c, 12, 69, 0
21, 1167360, Note_on_c, 12, 69, 98
21, 1168108, Note_on_c, 12, 69, 0
21, 1168384, Note_on_c, 12, 74, 98
21, 1168896, Note_on_c, 12, 74, 0
21, 1168896, Note_on_c, 12, 73, 99
21, 1169270, Note_on_c, 12, 73, 0
21, 1169408, Note_on_c, 12, 71, 99
21, 1169920, Note_on_c, 12, 71, 0
21, 1169920, Note_on_c, 12, 73, 100
21, 1170294, Note_on_c, 12, 73, 0
21, 1170432, Note_on_c, 12, 76, 101
21, 1170944, Note_on_c, 12, 76, 0
21, 1170944, Note_on_c, 12, 74, 101
21, 1171318, Note_on_c, 12, 74, 0
21, 1171456, Note_on_c, 12, 74, 102
21, 1171968, Note_on_c, 12, 74, 0
21, 1171968, Note_on_c, 12, 73, 102
21, 1172342, Note_on_c, 12, 73, 0
21, 1172480, Note_on_c, 12, 73, 103
21, 1172992, Note_on_c, 12, 73, 0
21, 1172992, Note_on_c, 12, 71, 103
21, 1173366, Note_on_c, 12, 71, 0
21, 1173504, Note_on_c, 12, 71, 104
21, 1174016, Note_on_c, 12, 71, 0
21, 1174016, Note_on_c, 12, 64, 104
21, 1174390, Note_on_c, 12, 64, 0
21, 1174528, Note_on_c, 12, 69, 105
21, 1175040, Note_on_c, 12, 69, 0
21, 1175040, Note_on_c, 12, 67, 105
21, 1175414, Note_on_c, 12, 67, 0
21, 1175552, Note_on_c, 12, 66, 106
21, 1176064, Note_on_c, 12, 66, 0
21, 1176064, Note_on_c, 12, 64, 106
21, 1176576, Note_on_c, 12, 64, 0
21, 1176576, Note_on_c, 12, 66, 106
21, 1177324, Note_on_c, 12, 66, 0
21, 1177600, Note_on_c, 12, 69, 106
21, 1178348, Note_on_c, 12, 69, 0
21, 1178624, Note_on_c, 12, 69, 106
21, 1179372, Note_on_c, 12, 69, 0
21, 1179648, Note_on_c, 12, 69, 106
21, 1180396, Note_on_c, 12, 69, 0
21, 1180672, Note_on_c, 12, 62, 106
21, 1181420, Note_on_c, 12, 62, 0
21, 1181696, Note_on_c, 12, 74, 106
21, 1182444, Note_on_c, 12, 74, 0
21, 1182720, Note_on_c, 12, 76, 106
21, 1183468, Note_on_c, 12, 76, 0
21, 1183744, Note_on_c, 12, 67, 106
21, 1184492, Note_on_c, 12, 67, 0
21, 1184768, Note_on_c, 12, 67, 107
21, 1185280, Note_on_c, 12, 67, 0
21, 1185280, Note_on_c, 12, 66, 108
21, 1185654, Note_on_c, 12, 66, 0
21, 1185792, Note_on_c, 12, 64, 111
21, 1186304, Note_on_c, 12, 64, 0
21, 1186304, Note_on_c, 12, 66, 113
21, 1186678, Note_on_c, 12, 66, 0
21, 1186816, Note_on_c, 12, 74, 119
21, 1187328, Note_on_c, 12, 74, 0
21, 1187328, Note_on_c, 12, 73, 117
21, 1187840, Note_on_c, 12, 73, 0
21, 1187840, Note_on_c, 12, 76, 117
21, 1188214, Note_on_c, 12, 76, 0
21, 1188352, Note_on_c, 12, 74, 117
21, 1188726, Note_on_c, 12, 74, 0
21, 1188864, Note_on_c, 12, 74, 116
21, 1189376, Note_on_c, 12, 74, 0
21, 1189376, Note_on_c, 12, 73, 116
21, 1190124, Note_on_c, 12, 73, 0
21, 1190400, Note_on_c, 12, 74, 115
21, 1190774, Note_on_c, 12, 74, 0
21, 1190912, Note_on_c, 12, 74, 115
21, 1192550, Note_on_c, 12, 74, 0
21, 1192960, Note_on_c, 12, 66, 111
21, 1193984, Note_on_c, 12, 66, 0
21, 1195008, Note_on_c, 12, 66, 111
21, 1196032, Note_on_c, 12, 66, 0
21, 1197056, Note_on_c, 12, 67, 111
21, 1198080, Note_on_c, 12, 67, 0
21, 1199104, Note_on_c, 12, 67, 111
21, 1200128, Note_on_c, 12, 67, 0
21, 1201152, Note_on_c, 12, 64, 111
21, 1202176, Note_on_c, 12, 64, 0
21, 1203200, Note_on_c, 12, 69, 111
21, 1204224, Note_on_c, 12, 69, 0
21, 1205248, Note_on_c, 12, 69, 111
21, 1206272, Note_on_c, 12, 69, 0
21, 1207296, Note_on_c, 12, 74, 111
21, 1210368, Note_on_c, 12, 74, 0
21, 1211392, Note_on_c, 12, 71, 114
21, 1212416, Note_on_c, 12, 71, 0
21, 1213440, Note_on_c, 12, 73, 117
21, 1216717, Note_on_c, 12, 73, 0
21, 1219584, Note_on_c, 12, 71, 115
21, 1220608, Note_on_c, 12, 71, 0
21, 1221632, Note_on_c, 12, 73, 121
21, 1224909, Note_on_c, 12, 73, 0
21, 1227776, Note_on_c, 12, 69, 126
21, 1228800, Note_on_c, 12, 69, 0
21, 1229824, Note_on_c, 12, 69, 127
21, 1238016, Note_on_c, 12, 69, 0
21, 1890304, Note_on_c, 12, 69, 110
21, 1891425, Note_on_c, 12, 69, 0
21, 1891840, Note_on_c, 12, 69, 110
21, 1892961, Note_on_c, 12, 69, 0
21, 1893376, Note_on_c, 12, 69, 110
21, 1894497, Note_on_c, 12, 69, 0
21, 1894912, Note_on_c, 12, 69, 110
21, 1896033, Note_on_c, 12, 69, 0
21, 1896448, Note_on_c, 12, 69, 110
21, 1897569, Note_on_c, 12, 69, 0
21, 1897984, Note_on_c, 12, 69, 110
21, 1899105, Note_on_c, 12, 69, 0
21, 1899520, Note_on_c, 12, 69, 110
21, 1900641, Note_on_c, 12, 69, 0
21, 1901056, Note_on_c, 12, 69, 110
21, 1901804, Note_on_c, 12, 69, 0
21, 1902080, Note_on_c, 12, 67, 110
21, 1902336, Note_on_c, 12, 67, 0
21, 1902592, Note_on_c, 12, 66, 110
21, 1903713, Note_on_c, 12, 66, 0
21, 1904128, Note_on_c, 12, 69, 110
21, 1905249, Note_on_c, 12, 69, 0
21, 1905664, Note_on_c, 12, 69, 110
21, 1906785, Note_on_c, 12, 69, 0
21, 1907200, Note_on_c, 12, 69, 110
21, 1908321, Note_on_c, 12, 69, 0
21, 1908736, Note_on_c, 12, 69, 122
21, 1911020, Note_on_c, 12, 69, 0
21, 1911296, Note_on_c, 12, 69, 110
21, 1911552, Note_on_c, 12, 69, 0
21, 1911808, Note_on_c, 12, 69, 110
21, 1912556, Note_on_c, 12, 69, 0
21, 1914880, Note_on_c, 12, 69, 110
21, 1916001, Note_on_c, 12, 69, 0
21, 1916416, Note_on_c, 12, 69, 110
21, 1917537, Note_on_c, 12, 69, 0
21, 1917952, Note_on_c, 12, 71, 110
21, 1919073, Note_on_c, 12, 71, 0
21, 1919488, Note_on_c, 12, 72, 110
21, 1920609, Note_on_c, 12, 72, 0
21, 1921024, Note_on_c, 12, 72, 122
21, 1922145, Note_on_c, 12, 72, 0
21, 1922560, Note_on_c, 12, 71, 110
21, 1923681, Note_on_c, 12, 71, 0
21, 1924096, Note_on_c, 12, 69, 110
21, 1925217, Note_on_c, 12, 69, 0
21, 1925632, Note_on_c, 12, 67, 110
21, 1926753, Note_on_c, 12, 67, 0
21, 1927168, Note_on_c, 12, 66, 110
21, 1928289, Note_on_c, 12, 66, 0
21, 1928704, Note_on_c, 12, 66, 110
21, 1929825, Note_on_c, 12, 66, 0
21, 1930240, Note_on_c, 12, 67, 110
21, 1931361, Note_on_c, 12, 67, 0
21, 1931776, Note_on_c, 12, 66, 110
21, 1932897, Note_on_c, 12, 66, 0
21, 1933312, Note_on_c, 12, 67, 120
21, 1935596, Note_on_c, 12, 67, 0
21, 1935872, Note_on_c, 12, 66, 110
21, 1936128, Note_on_c, 12, 66, 0
21, 1936384, Note_on_c, 12, 66, 110
21, 1937132, Note_on_c, 12, 66, 0
21, 1939456, Note_on_c, 12, 64, 110
21, 1940577, Note_on_c, 12, 64, 0
21, 1940992, Note_on_c, 12, 69, 110
21, 1942113, Note_on_c, 12, 69, 0
21, 1942528, Note_on_c, 12, 69, 110
21, 1943649, Note_on_c, 12, 69, 0
21, 1944064, Note_on_c, 12, 69, 110
21, 1945185, Note_on_c, 12, 69, 0
21, 1945600, Note_on_c, 12, 69, 110
21, 1946721, Note_on_c, 12, 69, 0
21, 1947136, Note_on_c, 12, 69, 110
21, 1948257, Note_on_c, 12, 69, 0
21, 1948672, Note_on_c, 12, 69, 110
21, 1949793, Note_on_c, 12, 69, 0
21, 1950208, Note_on_c, 12, 69, 110
21, 1951329, Note_on_c, 12, 69, 0
21, 1951744, Note_on_c, 12, 69, 110
21, 1952865, Note_on_c, 12, 69, 0
21, 1953280, Note_on_c, 12, 66, 110
21, 1954304, Note_on_c, 12, 66, 0
21, 1954304, Note_on_c, 12, 64, 110
21, 1954560, Note_on_c, 12, 64, 0
21, 1954816, Note_on_c, 12, 73, 110
21, 1955937, Note_on_c, 12, 73, 0
21, 1956352, Note_on_c, 12, 73, 110
21, 1957473, Note_on_c, 12, 73, 0
21, 1957888, Note_on_c, 12, 66, 110
21, 1959009, Note_on_c, 12, 66, 0
21, 1959424, Note_on_c, 12, 68, 110
21, 1960545, Note_on_c, 12, 68, 0
21, 1960960, Note_on_c, 12, 69, 110
21, 1962081, Note_on_c, 12, 69, 0
21, 1962496, Note_on_c, 12, 69, 110
21, 1965153, Note_on_c, 12, 69, 0
21, 1965568, Note_on_c, 12, 69, 110
21, 1966689, Note_on_c, 12, 69, 0
21, 1967104, Note_on_c, 12, 71, 110
21, 1968225, Note_on_c, 12, 71, 0
21, 1968640, Note_on_c, 12, 72, 110
21, 1969761, Note_on_c, 12, 72, 0
21, 1970176, Note_on_c, 12, 72, 110
21, 1971297, Note_on_c, 12, 72, 0
21, 1971712, Note_on_c, 12, 71, 110
21, 1972833, Note_on_c, 12, 71, 0
21, 1973248, Note_on_c, 12, 69, 110
21, 1974369, Note_on_c, 12, 69, 0
21, 1974784, Note_on_c, 12, 67, 110
21, 1975532, Note_on_c, 12, 67, 0
21, 1975808, Note_on_c, 12, 71, 110
21, 1976064, Note_on_c, 12, 71, 0
21, 1976320, Note_on_c, 12, 66, 122
21, 1977441, Note_on_c, 12, 66, 0
21, 1977856, Note_on_c, 12, 66, 110
21, 1978977, Note_on_c, 12, 66, 0
21, 1979392, Note_on_c, 12, 67, 110
21, 1980513, Note_on_c, 12, 67, 0
21, 1980928, Note_on_c, 12, 69, 110
21, 1982049, Note_on_c, 12, 69, 0
21, 1982464, Note_on_c, 12, 67, 110
21, 1984748, Note_on_c, 12, 67, 0
21, 1985024, Note_on_c, 12, 66, 110
21, 1985280, Note_on_c, 12, 66, 0
21, 1985536, Note_on_c, 12, 66, 110
21, 1986657, Note_on_c, 12, 66, 0
21, 1988608, Note_on_c, 12, 64, 110
21, 1989729, Note_on_c, 12, 64, 0
21, 1990144, Note_on_c, 12, 69, 110
21, 1991265, Note_on_c, 12, 69, 0
21, 1991680, Note_on_c, 12, 69, 110
21, 1992801, Note_on_c, 12, 69, 0
21, 1993216, Note_on_c, 12, 69, 110
21, 1994337, Note_on_c, 12, 69, 0
21, 1994752, Note_on_c, 12, 69, 110
21, 1995873, Note_on_c, 12, 69, 0
21, 1996288, Note_on_c, 12, 69, 110
21, 1997409, Note_on_c, 12, 69, 0
21, 1997824, Note_on_c, 12, 69, 110
21, 1998945, Note_on_c, 12, 69, 0
21, 1999360, Note_on_c, 12, 69, 110
21, 2000481, Note_on_c, 12, 69, 0
21, 2000896, Note_on_c, 12, 69, 110
21, 2002017, Note_on_c, 12, 69, 0
21, 2002432, Note_on_c, 12, 66, 110
21, 2003456, Note_on_c, 12, 66, 0
21, 2003456, Note_on_c, 12, 64, 110
21, 2003712, Note_on_c, 12, 64, 0
21, 2003968, Note_on_c, 12, 73, 110
21, 2005089, Note_on_c, 12, 73, 0
21, 2005504, Note_on_c, 12, 73, 110
21, 2006625, Note_on_c, 12, 73, 0
21, 2007040, Note_on_c, 12, 66, 110
21, 2008161, Note_on_c, 12, 66, 0
21, 2008576, Note_on_c, 12, 68, 110
21, 2009697, Note_on_c, 12, 68, 0
21, 2010112, Note_on_c, 12, 69, 110
21, 2011233, Note_on_c, 12, 69, 0
21, 2011648, Note_on_c, 12, 69, 122
21, 2014305, Note_on_c, 12, 69, 0
21, 2014720, Note_on_c, 12, 69, 110
21, 2015841, Note_on_c, 12, 69, 0
21, 2016256, Note_on_c, 12, 71, 110
21, 2017377, Note_on_c, 12, 71, 0
21, 2017792, Note_on_c, 12, 72, 110
21, 2018913, Note_on_c, 12, 72, 0
21, 2019328, Note_on_c, 12, 72, 110
21, 2020449, Note_on_c, 12, 72, 0
21, 2020864, Note_on_c, 12, 71, 110
21, 2021985, Note_on_c, 12, 71, 0
21, 2022400, Note_on_c, 12, 69, 120
21, 2023521, Note_on_c, 12, 69, 0
21, 2023936, Note_on_c, 12, 67, 110
21, 2024684, Note_on_c, 12, 67, 0
21, 2024960, Note_on_c, 12, 71, 110
21, 2025216, Note_on_c, 12, 71, 0
21, 2025472, Note_on_c, 12, 66, 110
21, 2026593, Note_on_c, 12, 66, 0
21, 2027008, Note_on_c, 12, 66, 110
21, 2028129, Note_on_c, 12, 66, 0
21, 2028544, Note_on_c, 12, 67, 111
21, 2029665, Note_on_c, 12, 67, 0
21, 2030080, Note_on_c, 12, 69, 113
21, 2031201, Note_on_c, 12, 69, 0
21, 2031616, Note_on_c, 12, 67, 116
21, 2033900, Note_on_c, 12, 67, 0
21, 2034176, Note_on_c, 12, 66, 120
21, 2034432, Note_on_c, 12, 66, 0
21, 2034688, Note_on_c, 12, 66, 121
21, 2035809, Note_on_c, 12, 66, 0
21, 2050048, Control_c, 12, 121, 127
21, 2050048, End_track
22, 0, Start_track
22, 0, Title_t, "Tenor"
22, 0, Program_c, 13, 48
22, 0, Control_c, 13, 121, 127
22, 0, Control_c, 13, 91, 127
22, 0, Control_c, 13, 1, 10
22, 0, Control_c, 13, 10, 80
22, 0, Control_c, 13, 93, 127
22, 930816, Note_on_c, 13, 64, 96
22, 931840, Note_on_c, 13, 64, 0
22, 931840, Note_on_c, 13, 52, 96
22, 932864, Note_on_c, 13, 52, 0
22, 932864, Note_on_c, 13, 54, 96
22, 933888, Note_on_c, 13, 54, 0
22, 933888, Note_on_c, 13, 50, 96
22, 934912, Note_on_c, 13, 50, 0
22, 934912, Note_on_c, 13, 52, 96
22, 935936, Note_on_c, 13, 52, 0
22, 935936, Note_on_c, 13, 54, 96
22, 936448, Note_on_c, 13, 54, 0
22, 936448, Note_on_c, 13, 55, 96
22, 936960, Note_on_c, 13, 55, 0
22, 936960, Note_on_c, 13, 54, 96
22, 937984, Note_on_c, 13, 54, 0
22, 937984, Note_on_c, 13, 50, 96
22, 939008, Note_on_c, 13, 50, 0
22, 939008, Note_on_c, 13, 52, 96
22, 940032, Note_on_c, 13, 52, 0
22, 940032, Note_on_c, 13, 54, 96
22, 940544, Note_on_c, 13, 54, 0
22, 940544, Note_on_c, 13, 55, 96
22, 941056, Note_on_c, 13, 55, 0
22, 941056, Note_on_c, 13, 54, 96
22, 942080, Note_on_c, 13, 54, 0
22, 942080, Note_on_c, 13, 52, 96
22, 943104, Note_on_c, 13, 52, 0
22, 943104, Note_on_c, 13, 50, 96
22, 944128, Note_on_c, 13, 50, 0
22, 944128, Note_on_c, 13, 64, 98
22, 945152, Note_on_c, 13, 64, 0
22, 945152, Note_on_c, 13, 57, 101
22, 945971, Note_on_c, 13, 57, 0
22, 946176, Note_on_c, 13, 66, 103
22, 948224, Note_on_c, 13, 66, 0
22, 948224, Note_on_c, 13, 54, 102
22, 949248, Note_on_c, 13, 54, 0
22, 949248, Note_on_c, 13, 55, 100
22, 950272, Note_on_c, 13, 55, 0
22, 950272, Note_on_c, 13, 57, 98
22, 951296, Note_on_c, 13, 57, 0
22, 951296, Note_on_c, 13, 57, 96
22, 952320, Note_on_c, 13, 57, 0
22, 952320, Note_on_c, 13, 55, 96
22, 953344, Note_on_c, 13, 55, 0
22, 953344, Note_on_c, 13, 54, 96
22, 954368, Note_on_c, 13, 54, 0
22, 954368, Note_on_c, 13, 55, 96
22, 954880, Note_on_c, 13, 55, 0
22, 954880, Note_on_c, 13, 52, 96
22, 955392, Note_on_c, 13, 52, 0
22, 955392, Note_on_c, 13, 50, 96
22, 956416, Note_on_c, 13, 50, 0
22, 956416, Note_on_c, 13, 62, 96
22, 957440, Note_on_c, 13, 62, 0
22, 957440, Note_on_c, 13, 64, 95
22, 958464, Note_on_c, 13, 64, 0
22, 958464, Note_on_c, 13, 66, 95
22, 959488, Note_on_c, 13, 66, 0
22, 959488, Note_on_c, 13, 64, 95
22, 961024, Note_on_c, 13, 64, 0
22, 961024, Note_on_c, 13, 62, 95
22, 961434, Note_on_c, 13, 62, 0
22, 961536, Note_on_c, 13, 62, 95
22, 963174, Note_on_c, 13, 62, 0
22, 1045504, Note_on_c, 13, 61, 94
22, 1046528, Note_on_c, 13, 61, 0
22, 1046528, Note_on_c, 13, 61, 94
22, 1047552, Note_on_c, 13, 61, 0
22, 1047552, Note_on_c, 13, 62, 94
22, 1048576, Note_on_c, 13, 62, 0
22, 1048576, Note_on_c, 13, 66, 94
22, 1049600, Note_on_c, 13, 66, 0
22, 1049600, Note_on_c, 13, 61, 95
22, 1050624, Note_on_c, 13, 61, 0
22, 1050624, Note_on_c, 13, 62, 95
22, 1051136, Note_on_c, 13, 62, 0
22, 1051136, Note_on_c, 13, 64, 95
22, 1051648, Note_on_c, 13, 64, 0
22, 1051648, Note_on_c, 13, 62, 95
22, 1052672, Note_on_c, 13, 62, 0
22, 1052672, Note_on_c, 13, 64, 95
22, 1053184, Note_on_c, 13, 64, 0
22, 1053184, Note_on_c, 13, 62, 95
22, 1053696, Note_on_c, 13, 62, 0
22, 1053696, Note_on_c, 13, 61, 94
22, 1054720, Note_on_c, 13, 61, 0
22, 1054720, Note_on_c, 13, 61, 95
22, 1055744, Note_on_c, 13, 61, 0
22, 1055744, Note_on_c, 13, 61, 96
22, 1056768, Note_on_c, 13, 61, 0
22, 1056768, Note_on_c, 13, 58, 96
22, 1057792, Note_on_c, 13, 58, 0
22, 1057792, Note_on_c, 13, 59, 97
22, 1058816, Note_on_c, 13, 59, 0
22, 1058816, Note_on_c, 13, 59, 98
22, 1059840, Note_on_c, 13, 59, 0
22, 1059840, Note_on_c, 13, 61, 99
22, 1060588, Note_on_c, 13, 61, 0
22, 1060864, Note_on_c, 13, 62, 99
22, 1062912, Note_on_c, 13, 62, 0
22, 1062912, Note_on_c, 13, 62, 104
22, 1063936, Note_on_c, 13, 62, 0
22, 1063936, Note_on_c, 13, 64, 108
22, 1064960, Note_on_c, 13, 64, 0
22, 1064960, Note_on_c, 13, 66, 103
22, 1065984, Note_on_c, 13, 66, 0
22, 1065984, Note_on_c, 13, 66, 101
22, 1067008, Note_on_c, 13, 66, 0
22, 1067008, Note_on_c, 13, 64, 89
22, 1068032, Note_on_c, 13, 64, 0
22, 1068032, Note_on_c, 13, 62, 77
22, 1069056, Note_on_c, 13, 62, 0
22, 1069056, Note_on_c, 13, 61, 65
22, 1070080, Note_on_c, 13, 61, 0
22, 1070080, Note_on_c, 13, 62, 52
22, 1071104, Note_on_c, 13, 62, 0
22, 1071104, Note_on_c, 13, 57, 50
22, 1072128, Note_on_c, 13, 57, 0
22, 1072128, Note_on_c, 13, 57, 48
22, 1073152, Note_on_c, 13, 57, 0
22, 1073152, Note_on_c, 13, 57, 45
22, 1074176, Note_on_c, 13, 57, 0
22, 1074176, Note_on_c, 13, 61, 43
22, 1075712, Note_on_c, 13, 61, 0
22, 1075712, Note_on_c, 13, 62, 39
22, 1076224, Note_on_c, 13, 62, 0
22, 1076224, Note_on_c, 13, 62, 38
22, 1077862, Note_on_c, 13, 62, 0
22, 1160192, Note_on_c, 13, 62, 95
22, 1160704, Note_on_c, 13, 62, 0
22, 1160704, Note_on_c, 13, 61, 95
22, 1161078, Note_on_c, 13, 61, 0
22, 1161216, Note_on_c, 13, 59, 95
22, 1161728, Note_on_c, 13, 59, 0
22, 1161728, Note_on_c, 13, 61, 95
22, 1162102, Note_on_c, 13, 61, 0
22, 1162240, Note_on_c, 13, 64, 97
22, 1162752, Note_on_c, 13, 64, 0
22, 1162752, Note_on_c, 13, 62, 97
22, 1163126, Note_on_c, 13, 62, 0
22, 1163264, Note_on_c, 13, 67, 97
22, 1163776, Note_on_c, 13, 67, 0
22, 1163776, Note_on_c, 13, 66, 97
22, 1164150, Note_on_c, 13, 66, 0
22, 1164288, Note_on_c, 13, 62, 97
22, 1164800, Note_on_c, 13, 62, 0
22, 1164800, Note_on_c, 13, 61, 97
22, 1165174, Note_on_c, 13, 61, 0
22, 1165312, Note_on_c, 13, 59, 98
22, 1165824, Note_on_c, 13, 59, 0
22, 1165824, Note_on_c, 13, 61, 98
22, 1166198, Note_on_c, 13, 61, 0
22, 1166336, Note_on_c, 13, 64, 98
22, 1166848, Note_on_c, 13, 64, 0
22, 1166848, Note_on_c, 13, 62, 98
22, 1167222, Note_on_c, 13, 62, 0
22, 1167360, Note_on_c, 13, 67, 98
22, 1167872, Note_on_c, 13, 67, 0
22, 1167872, Note_on_c, 13, 66, 98
22, 1168246, Note_on_c, 13, 66, 0
22, 1168384, Note_on_c, 13, 62, 98
22, 1168896, Note_on_c, 13, 62, 0
22, 1168896, Note_on_c, 13, 64, 99
22, 1169270, Note_on_c, 13, 64, 0
22, 1169408, Note_on_c, 13, 66, 99
22, 1169920, Note_on_c, 13, 66, 0
22, 1169920, Note_on_c, 13, 64, 100
22, 1170294, Note_on_c, 13, 64, 0
22, 1170432, Note_on_c, 13, 61, 101
22, 1170944, Note_on_c, 13, 61, 0
22, 1170944, Note_on_c, 13, 62, 101
22, 1171318, Note_on_c, 13, 62, 0
22, 1171456, Note_on_c, 13, 62, 102
22, 1171968, Note_on_c, 13, 62, 0
22, 1171968, Note_on_c, 13, 64, 102
22, 1172342, Note_on_c, 13, 64, 0
22, 1172480, Note_on_c, 13, 52, 103
22, 1172992, Note_on_c, 13, 52, 0
22, 1172992, Note_on_c, 13, 54, 103
22, 1173366, Note_on_c, 13, 54, 0
22, 1173504, Note_on_c, 13, 54, 104
22, 1174016, Note_on_c, 13, 54, 0
22, 1174016, Note_on_c, 13, 56, 104
22, 1174390, Note_on_c, 13, 56, 0
22, 1174528, Note_on_c, 13, 57, 105
22, 1175040, Note_on_c, 13, 57, 0
22, 1175040, Note_on_c, 13, 64, 105
22, 1175414, Note_on_c, 13, 64, 0
22, 1175552, Note_on_c, 13, 62, 106
22, 1176064, Note_on_c, 13, 62, 0
22, 1176064, Note_on_c, 13, 61, 106
22, 1176576, Note_on_c, 13, 61, 0
22, 1176576, Note_on_c, 13, 62, 106
22, 1177088, Note_on_c, 13, 62, 0
22, 1177088, Note_on_c, 13, 64, 106
22, 1177462, Note_on_c, 13, 64, 0
22, 1177600, Note_on_c, 13, 61, 106
22, 1178112, Note_on_c, 13, 61, 0
22, 1178112, Note_on_c, 13, 62, 106
22, 1178486, Note_on_c, 13, 62, 0
22, 1178624, Note_on_c, 13, 64, 106
22, 1179136, Note_on_c, 13, 64, 0
22, 1179136, Note_on_c, 13, 66, 106
22, 1179510, Note_on_c, 13, 66, 0
22, 1179648, Note_on_c, 13, 67, 106
22, 1180160, Note_on_c, 13, 67, 0
22, 1180160, Note_on_c, 13, 66, 106
22, 1180534, Note_on_c, 13, 66, 0
22, 1180672, Note_on_c, 13, 60, 106
22, 1181184, Note_on_c, 13, 60, 0
22, 1181184, Note_on_c, 13, 59, 106
22, 1181558, Note_on_c, 13, 59, 0
22, 1181696, Note_on_c, 13, 62, 106
22, 1182208, Note_on_c, 13, 62, 0
22, 1182208, Note_on_c, 13, 59, 106
22, 1182582, Note_on_c, 13, 59, 0
22, 1182720, Note_on_c, 13, 62, 106
22, 1183232, Note_on_c, 13, 62, 0
22, 1183232, Note_on_c, 13, 61, 106
22, 1183606, Note_on_c, 13, 61, 0
22, 1183744, Note_on_c, 13, 64, 106
22, 1184256, Note_on_c, 13, 64, 0
22, 1184256, Note_on_c, 13, 61, 106
22, 1184630, Note_on_c, 13, 61, 0
22, 1184768, Note_on_c, 13, 62, 107
22, 1185516, Note_on_c, 13, 62, 0
22, 1185792, Note_on_c, 13, 62, 111
22, 1186540, Note_on_c, 13, 62, 0
22, 1186816, Note_on_c, 13, 62, 119
22, 1187937, Note_on_c, 13, 62, 0
22, 1188352, Note_on_c, 13, 62, 117
22, 1188726, Note_on_c, 13, 62, 0
22, 1188864, Note_on_c, 13, 66, 116
22, 1189376, Note_on_c, 13, 66, 0
22, 1189376, Note_on_c, 13, 67, 116
22, 1190124, Note_on_c, 13, 67, 0
22, 1190400, Note_on_c, 13, 66, 115
22, 1190774, Note_on_c, 13, 66, 0
22, 1190912, Note_on_c, 13, 66, 115
22, 1192550, Note_on_c, 13, 66, 0
22, 1192960, Note_on_c, 13, 62, 111
22, 1193984, Note_on_c, 13, 62, 0
22, 1195008, Note_on_c, 13, 62, 111
22, 1196032, Note_on_c, 13, 62, 0
22, 1197056, Note_on_c, 13, 59, 111
22, 1198080, Note_on_c, 13, 59, 0
22, 1199104, Note_on_c, 13, 55, 111
22, 1200128, Note_on_c, 13, 55, 0
22, 1201152, Note_on_c, 13, 57, 111
22, 1202176, Note_on_c, 13, 57, 0
22, 1203200, Note_on_c, 13, 64, 111
22, 1204224, Note_on_c, 13, 64, 0
22, 1205248, Note_on_c, 13, 66, 111
22, 1208525, Note_on_c, 13, 66, 0
22, 1209344, Note_on_c, 13, 59, 111
22, 1210368, Note_on_c, 13, 59, 0
22, 1211392, Note_on_c, 13, 64, 114
22, 1212416, Note_on_c, 13, 64, 0
22, 1213440, Note_on_c, 13, 64, 117
22, 1216717, Note_on_c, 13, 64, 0
22, 1219584, Note_on_c, 13, 64, 115
22, 1220608, Note_on_c, 13, 64, 0
22, 1221632, Note_on_c, 13, 64, 121
22, 1224909, Note_on_c, 13, 64, 0
22, 1227776, Note_on_c, 13, 57, 126
22, 1228800, Note_on_c, 13, 57, 0
22, 1229824, Note_on_c, 13, 65, 127
22, 1238016, Note_on_c, 13, 65, 0
22, 1484800, Note_on_c, 13, 60, 99
22, 1484800, Note_on_c, 13, 65, 99
22, 1485824, Note_on_c, 13, 60, 0
22, 1485824, Note_on_c, 13, 65, 0
22, 1486336, Note_on_c, 13, 53, 90
22, 1487360, Note_on_c, 13, 53, 0
22, 1487872, Note_on_c, 13, 60, 99
22, 1487872, Note_on_c, 13, 65, 99
22, 1489408, Note_on_c, 13, 60, 0
22, 1489408, Note_on_c, 13, 65, 0
22, 1489408, Note_on_c, 13, 58, 94
22, 1489408, Note_on_c, 13, 62, 94
22, 1490432, Note_on_c, 13, 58, 0
22, 1490432, Note_on_c, 13, 62, 0
22, 1490432, Note_on_c, 13, 57, 91
22, 1490432, Note_on_c, 13, 60, 91
22, 1490806, Note_on_c, 13, 57, 0
22, 1490806, Note_on_c, 13, 60, 0
22, 1490944, Note_on_c, 13, 55, 89
22, 1490944, Note_on_c, 13, 58, 89
22, 1491968, Note_on_c, 13, 55, 0
22, 1491968, Note_on_c, 13, 58, 0
22, 1491968, Note_on_c, 13, 53, 92
22, 1491968, Note_on_c, 13, 57, 92
22, 1492342, Note_on_c, 13, 53, 0
22, 1492342, Note_on_c, 13, 57, 0
22, 1492480, Note_on_c, 13, 58, 94
22, 1493504, Note_on_c, 13, 58, 0
22, 1493504, Note_on_c, 13, 60, 99
22, 1493878, Note_on_c, 13, 60, 0
22, 1494016, Note_on_c, 13, 63, 101
22, 1495552, Note_on_c, 13, 63, 0
22, 1495552, Note_on_c, 13, 62, 96
22, 1496576, Note_on_c, 13, 62, 0
22, 1496576, Note_on_c, 13, 60, 93
22, 1496950, Note_on_c, 13, 60, 0
22, 1497088, Note_on_c, 13, 58, 91
22, 1497088, Note_on_c, 13, 62, 91
22, 1498624, Note_on_c, 13, 58, 0
22, 1498624, Note_on_c, 13, 62, 0
22, 1498624, Note_on_c, 13, 58, 86
22, 1499648, Note_on_c, 13, 58, 0
22, 1500160, Note_on_c, 13, 58, 96
22, 1500160, Note_on_c, 13, 62, 96
22, 1501696, Note_on_c, 13, 58, 0
22, 1501696, Note_on_c, 13, 62, 0
22, 1501696, Note_on_c, 13, 58, 87
22, 1502720, Note_on_c, 13, 58, 0
22, 1503232, Note_on_c, 13, 58, 94
22, 1503232, Note_on_c, 13, 63, 94
22, 1504256, Note_on_c, 13, 58, 0
22, 1504256, Note_on_c, 13, 63, 0
22, 1504768, Note_on_c, 13, 58, 96
22, 1504768, Note_on_c, 13, 63, 96
22, 1505792, Note_on_c, 13, 63, 0
22, 1505792, Note_on_c, 13, 65, 97
22, 1506166, Note_on_c, 13, 58, 0
22, 1506166, Note_on_c, 13, 65, 0
22, 1506304, Note_on_c, 13, 58, 97
22, 1506304, Note_on_c, 13, 67, 97
22, 1507840, Note_on_c, 13, 58, 0
22, 1507840, Note_on_c, 13, 67, 0
22, 1507840, Note_on_c, 13, 55, 99
22, 1507840, Note_on_c, 13, 67, 99
22, 1508864, Note_on_c, 13, 55, 0
22, 1508864, Note_on_c, 13, 67, 0
22, 1509376, Note_on_c, 13, 62, 101
22, 1509376, Note_on_c, 13, 65, 101
22, 1510400, Note_on_c, 13, 62, 0
22, 1510400, Note_on_c, 13, 65, 0
22, 1510912, Note_on_c, 13, 53, 103
22, 1511936, Note_on_c, 13, 53, 0
22, 1512448, Note_on_c, 13, 65, 104
22, 1517056, Note_on_c, 13, 65, 0
22, 1517056, Note_on_c, 13, 57, 101
22, 1517056, Note_on_c, 13, 60, 101
22, 1518080, Note_on_c, 13, 57, 0
22, 1518080, Note_on_c, 13, 60, 0
22, 1518080, Note_on_c, 13, 58, 93
22, 1518080, Note_on_c, 13, 62, 93
22, 1518592, Note_on_c, 13, 58, 0
22, 1518592, Note_on_c, 13, 62, 0
22, 1518592, Note_on_c, 13, 58, 89
22, 1518592, Note_on_c, 13, 62, 89
22, 1519616, Note_on_c, 13, 58, 0
22, 1519616, Note_on_c, 13, 62, 0
22, 1519616, Note_on_c, 13, 53, 81
22, 1519616, Note_on_c, 13, 60, 81
22, 1519990, Note_on_c, 13, 53, 0
22, 1519990, Note_on_c, 13, 60, 0
22, 1520128, Note_on_c, 13, 53, 77
22, 1520128, Note_on_c, 13, 60, 77
22, 1521152, Note_on_c, 13, 53, 0
22, 1521152, Note_on_c, 13, 60, 0
22, 1527808, Note_on_c, 13, 63, 107
22, 1527808, Note_on_c, 13, 67, 107
22, 1528929, Note_on_c, 13, 63, 0
22, 1528929, Note_on_c, 13, 67, 0
22, 1529344, Note_on_c, 13, 63, 91
22, 1529344, Note_on_c, 13, 67, 91
22, 1530465, Note_on_c, 13, 63, 0
22, 1530465, Note_on_c, 13, 67, 0
22, 1530880, Note_on_c, 13, 63, 103
22, 1530880, Note_on_c, 13, 67, 103
22, 1532001, Note_on_c, 13, 63, 0
22, 1532001, Note_on_c, 13, 67, 0
22, 1532416, Note_on_c, 13, 63, 91
22, 1532416, Note_on_c, 13, 67, 91
22, 1533164, Note_on_c, 13, 63, 0
22, 1533164, Note_on_c, 13, 67, 0
22, 1533952, Note_on_c, 13, 65, 99
22, 1535073, Note_on_c, 13, 65, 0
22, 1535488, Note_on_c, 13, 53, 92
22, 1536609, Note_on_c, 13, 53, 0
22, 1537024, Note_on_c, 13, 65, 108
22, 1541217, Note_on_c, 13, 65, 0
22, 1541632, Note_on_c, 13, 65, 100
22, 1542753, Note_on_c, 13, 65, 0
22, 1543168, Note_on_c, 13, 65, 114
22, 1547361, Note_on_c, 13, 65, 0
22, 1547776, Note_on_c, 13, 58, 100
22, 1548524, Note_on_c, 13, 58, 0
22, 1890304, Note_on_c, 13, 62, 110
22, 1891425, Note_on_c, 13, 62, 0
22, 1891840, Note_on_c, 13, 62, 110
22, 1892961, Note_on_c, 13, 62, 0
22, 1893376, Note_on_c, 13, 64, 110
22, 1894497, Note_on_c, 13, 64, 0
22, 1894912, Note_on_c, 13, 66, 110
22, 1896033, Note_on_c, 13, 66, 0
22, 1896448, Note_on_c, 13, 66, 110
22, 1897569, Note_on_c, 13, 66, 0
22, 1897984, Note_on_c, 13, 64, 110
22, 1899105, Note_on_c, 13, 64, 0
22, 1899520, Note_on_c, 13, 62, 110
22, 1900641, Note_on_c, 13, 62, 0
22, 1901056, Note_on_c, 13, 62, 110
22, 1901804, Note_on_c, 13, 62, 0
22, 1902080, Note_on_c, 13, 64, 110
22, 1902336, Note_on_c, 13, 64, 0
22, 1902592, Note_on_c, 13, 66, 110
22, 1903713, Note_on_c, 13, 66, 0
22, 1904128, Note_on_c, 13, 66, 110
22, 1905249, Note_on_c, 13, 66, 0
22, 1905664, Note_on_c, 13, 57, 110
22, 1906785, Note_on_c, 13, 57, 0
22, 1907200, Note_on_c, 13, 62, 110
22, 1908321, Note_on_c, 13, 62, 0
22, 1908736, Note_on_c, 13, 62, 122
22, 1911020, Note_on_c, 13, 62, 0
22, 1911296, Note_on_c, 13, 61, 110
22, 1911552, Note_on_c, 13, 61, 0
22, 1911808, Note_on_c, 13, 61, 110
22, 1912556, Note_on_c, 13, 61, 0
22, 1914880, Note_on_c, 13, 62, 110
22, 1916001, Note_on_c, 13, 62, 0
22, 1916416, Note_on_c, 13, 62, 110
22, 1917537, Note_on_c, 13, 62, 0
22, 1917952, Note_on_c, 13, 62, 110
22, 1919073, Note_on_c, 13, 62, 0
22, 1919488, Note_on_c, 13, 62, 110
22, 1920609, Note_on_c, 13, 62, 0
22, 1921024, Note_on_c, 13, 62, 122
22, 1922145, Note_on_c, 13, 62, 0
22, 1922560, Note_on_c, 13, 62, 110
22, 1923681, Note_on_c, 13, 62, 0
22, 1924096, Note_on_c, 13, 62, 110
22, 1925217, Note_on_c, 13, 62, 0
22, 1925632, Note_on_c, 13, 62, 110
22, 1926753, Note_on_c, 13, 62, 0
22, 1927168, Note_on_c, 13, 62, 110
22, 1928289, Note_on_c, 13, 62, 0
22, 1928704, Note_on_c, 13, 62, 110
22, 1929825, Note_on_c, 13, 62, 0
22, 1930240, Note_on_c, 13, 61, 110
22, 1931361, Note_on_c, 13, 61, 0
22, 1931776, Note_on_c, 13, 62, 110
22, 1932897, Note_on_c, 13, 62, 0
22, 1933312, Note_on_c, 13, 61, 120
22, 1935596, Note_on_c, 13, 61, 0
22, 1935872, Note_on_c, 13, 62, 110
22, 1936128, Note_on_c, 13, 62, 0
22, 1936384, Note_on_c, 13, 62, 110
22, 1937132, Note_on_c, 13, 62, 0
22, 1939456, Note_on_c, 13, 61, 110
22, 1940577, Note_on_c, 13, 61, 0
22, 1940992, Note_on_c, 13, 61, 110
22, 1942113, Note_on_c, 13, 61, 0
22, 1942528, Note_on_c, 13, 62, 110
22, 1943649, Note_on_c, 13, 62, 0
22, 1944064, Note_on_c, 13, 66, 110
22, 1945185, Note_on_c, 13, 66, 0
22, 1945600, Note_on_c, 13, 61, 110
22, 1946721, Note_on_c, 13, 61, 0
22, 1947136, Note_on_c, 13, 62, 110
22, 1948160, Note_on_c, 13, 62, 0
22, 1948160, Note_on_c, 13, 64, 110
22, 1948416, Note_on_c, 13, 64, 0
22, 1948672, Note_on_c, 13, 62, 110
22, 1949793, Note_on_c, 13, 62, 0
22, 1950208, Note_on_c, 13, 66, 110
22, 1951329, Note_on_c, 13, 66, 0
22, 1951744, Note_on_c, 13, 61, 110
22, 1952865, Note_on_c, 13, 61, 0
22, 1953280, Note_on_c, 13, 62, 110
22, 1954304, Note_on_c, 13, 62, 0
22, 1954304, Note_on_c, 13, 64, 110
22, 1954560, Note_on_c, 13, 64, 0
22, 1954816, Note_on_c, 13, 61, 110
22, 1955937, Note_on_c, 13, 61, 0
22, 1956352, Note_on_c, 13, 58, 110
22, 1957473, Note_on_c, 13, 58, 0
22, 1957888, Note_on_c, 13, 59, 110
22, 1959009, Note_on_c, 13, 59, 0
22, 1959424, Note_on_c, 13, 59, 110
22, 1960545, Note_on_c, 13, 59, 0
22, 1960960, Note_on_c, 13, 61, 110
22, 1962081, Note_on_c, 13, 61, 0
22, 1962496, Note_on_c, 13, 62, 110
22, 1965153, Note_on_c, 13, 62, 0
22, 1965568, Note_on_c, 13, 62, 110
22, 1966689, Note_on_c, 13, 62, 0
22, 1967104, Note_on_c, 13, 62, 110
22, 1968225, Note_on_c, 13, 62, 0
22, 1968640, Note_on_c, 13, 64, 110
22, 1969664, Note_on_c, 13, 64, 0
22, 1969664, Note_on_c, 13, 66, 110
22, 1969920, Note_on_c, 13, 66, 0
22, 1970176, Note_on_c, 13, 67, 110
22, 1971297, Note_on_c, 13, 67, 0
22, 1971712, Note_on_c, 13, 67, 110
22, 1972833, Note_on_c, 13, 67, 0
22, 1973248, Note_on_c, 13, 62, 110
22, 1974369, Note_on_c, 13, 62, 0
22, 1974784, Note_on_c, 13, 59, 110
22, 1975532, Note_on_c, 13, 59, 0
22, 1975808, Note_on_c, 13, 55, 110
22, 1976064, Note_on_c, 13, 55, 0
22, 1976320, Note_on_c, 13, 57, 122
22, 1977441, Note_on_c, 13, 57, 0
22, 1977856, Note_on_c, 13, 62, 110
22, 1978977, Note_on_c, 13, 62, 0
22, 1979392, Note_on_c, 13, 62, 110
22, 1980513, Note_on_c, 13, 62, 0
22, 1980928, Note_on_c, 13, 62, 110
22, 1982049, Note_on_c, 13, 62, 0
22, 1982464, Note_on_c, 13, 61, 110
22, 1984748, Note_on_c, 13, 61, 0
22, 1985024, Note_on_c, 13, 62, 110
22, 1985280, Note_on_c, 13, 62, 0
22, 1985536, Note_on_c, 13, 62, 110
22, 1986657, Note_on_c, 13, 62, 0
22, 1988608, Note_on_c, 13, 61, 110
22, 1989729, Note_on_c, 13, 61, 0
22, 1990144, Note_on_c, 13, 61, 110
22, 1991265, Note_on_c, 13, 61, 0
22, 1991680, Note_on_c, 13, 62, 110
22, 1992801, Note_on_c, 13, 62, 0
22, 1993216, Note_on_c, 13, 66, 110
22, 1994337, Note_on_c, 13, 66, 0
22, 1994752, Note_on_c, 13, 61, 110
22, 1995873, Note_on_c, 13, 61, 0
22, 1996288, Note_on_c, 13, 62, 110
22, 1997312, Note_on_c, 13, 62, 0
22, 1997312, Note_on_c, 13, 64, 110
22, 1997568, Note_on_c, 13, 64, 0
22, 1997824, Note_on_c, 13, 62, 110
22, 1998945, Note_on_c, 13, 62, 0
22, 1999360, Note_on_c, 13, 66, 110
22, 2000481, Note_on_c, 13, 66, 0
22, 2000896, Note_on_c, 13, 61, 110
22, 2002017, Note_on_c, 13, 61, 0
22, 2002432, Note_on_c, 13, 62, 110
22, 2003456, Note_on_c, 13, 62, 0
22, 2003456, Note_on_c, 13, 64, 110
22, 2003712, Note_on_c, 13, 64, 0
22, 2003968, Note_on_c, 13, 61, 110
22, 2005089, Note_on_c, 13, 61, 0
22, 2005504, Note_on_c, 13, 58, 110
22, 2006625, Note_on_c, 13, 58, 0
22, 2007040, Note_on_c, 13, 59, 110
22, 2008161, Note_on_c, 13, 59, 0
22, 2008576, Note_on_c, 13, 59, 110
22, 2009697, Note_on_c, 13, 59, 0
22, 2010112, Note_on_c, 13, 61, 110
22, 2011233, Note_on_c, 13, 61, 0
22, 2011648, Note_on_c, 13, 62, 122
22, 2014305, Note_on_c, 13, 62, 0
22, 2014720, Note_on_c, 13, 62, 110
22, 2015841, Note_on_c, 13, 62, 0
22, 2016256, Note_on_c, 13, 62, 110
22, 2017377, Note_on_c, 13, 62, 0
22, 2017792, Note_on_c, 13, 64, 110
22, 2018540, Note_on_c, 13, 64, 0
22, 2018816, Note_on_c, 13, 66, 110
22, 2019072, Note_on_c, 13, 66, 0
22, 2019328, Note_on_c, 13, 67, 110
22, 2020449, Note_on_c, 13, 67, 0
22, 2020864, Note_on_c, 13, 67, 110
22, 2021985, Note_on_c, 13, 67, 0
22, 2022400, Note_on_c, 13, 62, 120
22, 2023521, Note_on_c, 13, 62, 0
22, 2023936, Note_on_c, 13, 59, 110
22, 2024684, Note_on_c, 13, 59, 0
22, 2024960, Note_on_c, 13, 55, 110
22, 2025216, Note_on_c, 13, 55, 0
22, 2025472, Note_on_c, 13, 57, 110
22, 2026593, Note_on_c, 13, 57, 0
22, 2027008, Note_on_c, 13, 62, 110
22, 2028129, Note_on_c, 13, 62, 0
22, 2028544, Note_on_c, 13, 62, 111
22, 2029665, Note_on_c, 13, 62, 0
22, 2030080, Note_on_c, 13, 62, 113
22, 2031201, Note_on_c, 13, 62, 0
22, 2031616, Note_on_c, 13, 61, 116
22, 2033900, Note_on_c, 13, 61, 0
22, 2034176, Note_on_c, 13, 62, 120
22, 2034432, Note_on_c, 13, 62, 0
22, 2034688, Note_on_c, 13, 62, 121
22, 2035809, Note_on_c, 13, 62, 0
22, 2050048, Control_c, 13, 121, 127
22, 2050048, End_track
23, 0, Start_track
23, 0, Title_t, "Bass"
23, 0, Program_c, 14, 48
23, 0, Control_c, 14, 121, 127
23, 0, Control_c, 14, 11, 127
23, 0, Control_c, 14, 1, 10
23, 0, Control_c, 14, 10, 110
23, 0, Control_c, 14, 93, 127
23, 855040, Note_on_c, 14, 57, 89
23, 855859, Note_on_c, 14, 57, 0
23, 856064, Note_on_c, 14, 57, 89
23, 856883, Note_on_c, 14, 57, 0
23, 863232, Note_on_c, 14, 57, 89
23, 864051, Note_on_c, 14, 57, 0
23, 864256, Note_on_c, 14, 57, 72
23, 865075, Note_on_c, 14, 57, 0
23, 930816, Note_on_c, 14, 52, 96
23, 931840, Note_on_c, 14, 52, 0
23, 931840, Note_on_c, 14, 52, 96
23, 932864, Note_on_c, 14, 52, 0
23, 932864, Note_on_c, 14, 54, 96
23, 933888, Note_on_c, 14, 54, 0
23, 933888, Note_on_c, 14, 50, 96
23, 934912, Note_on_c, 14, 50, 0
23, 934912, Note_on_c, 14, 52, 96
23, 935936, Note_on_c, 14, 52, 0
23, 935936, Note_on_c, 14, 54, 96
23, 936448, Note_on_c, 14, 54, 0
23, 936448, Note_on_c, 14, 55, 96
23, 936960, Note_on_c, 14, 55, 0
23, 936960, Note_on_c, 14, 54, 96
23, 937984, Note_on_c, 14, 54, 0
23, 937984, Note_on_c, 14, 50, 96
23, 939008, Note_on_c, 14, 50, 0
23, 939008, Note_on_c, 14, 52, 96
23, 940032, Note_on_c, 14, 52, 0
23, 940032, Note_on_c, 14, 54, 96
23, 940544, Note_on_c, 14, 54, 0
23, 940544, Note_on_c, 14, 55, 96
23, 941056, Note_on_c, 14, 55, 0
23, 941056, Note_on_c, 14, 54, 96
23, 942080, Note_on_c, 14, 54, 0
23, 942080, Note_on_c, 14, 52, 96
23, 943104, Note_on_c, 14, 52, 0
23, 943104, Note_on_c, 14, 50, 96
23, 944128, Note_on_c, 14, 50, 0
23, 944128, Note_on_c, 14, 52, 98
23, 945152, Note_on_c, 14, 52, 0
23, 945152, Note_on_c, 14, 45, 101
23, 945971, Note_on_c, 14, 45, 0
23, 946176, Note_on_c, 14, 54, 103
23, 948224, Note_on_c, 14, 54, 0
23, 948224, Note_on_c, 14, 54, 102
23, 949248, Note_on_c, 14, 54, 0
23, 949248, Note_on_c, 14, 55, 100
23, 950272, Note_on_c, 14, 55, 0
23, 950272, Note_on_c, 14, 57, 98
23, 951296, Note_on_c, 14, 57, 0
23, 951296, Note_on_c, 14, 57, 96
23, 952320, Note_on_c, 14, 57, 0
23, 952320, Note_on_c, 14, 55, 96
23, 953344, Note_on_c, 14, 55, 0
23, 953344, Note_on_c, 14, 54, 96
23, 954368, Note_on_c, 14, 54, 0
23, 954368, Note_on_c, 14, 55, 96
23, 954880, Note_on_c, 14, 55, 0
23, 954880, Note_on_c, 14, 52, 96
23, 955392, Note_on_c, 14, 52, 0
23, 955392, Note_on_c, 14, 50, 96
23, 956416, Note_on_c, 14, 50, 0
23, 956416, Note_on_c, 14, 50, 96
23, 957440, Note_on_c, 14, 50, 0
23, 957440, Note_on_c, 14, 52, 95
23, 958464, Note_on_c, 14, 52, 0
23, 958464, Note_on_c, 14, 54, 95
23, 959488, Note_on_c, 14, 54, 0
23, 959488, Note_on_c, 14, 52, 95
23, 961024, Note_on_c, 14, 52, 0
23, 961024, Note_on_c, 14, 50, 95
23, 961434, Note_on_c, 14, 50, 0
23, 961536, Note_on_c, 14, 50, 95
23, 963174, Note_on_c, 14, 50, 0
23, 1044480, Note_on_c, 14, 57, 90
23, 1046528, Note_on_c, 14, 57, 0
23, 1046528, Note_on_c, 14, 45, 94
23, 1047552, Note_on_c, 14, 45, 0
23, 1047552, Note_on_c, 14, 57, 94
23, 1048576, Note_on_c, 14, 57, 0
23, 1048576, Note_on_c, 14, 57, 94
23, 1049600, Note_on_c, 14, 57, 0
23, 1049600, Note_on_c, 14, 57, 95
23, 1050624, Note_on_c, 14, 57, 0
23, 1050624, Note_on_c, 14, 45, 95
23, 1051648, Note_on_c, 14, 45, 0
23, 1051648, Note_on_c, 14, 57, 95
23, 1052672, Note_on_c, 14, 57, 0
23, 1052672, Note_on_c, 14, 57, 95
23, 1053696, Note_on_c, 14, 57, 0
23, 1053696, Note_on_c, 14, 57, 94
23, 1054720, Note_on_c, 14, 57, 0
23, 1054720, Note_on_c, 14, 57, 95
23, 1055744, Note_on_c, 14, 57, 0
23, 1055744, Note_on_c, 14, 58, 96
23, 1056768, Note_on_c, 14, 58, 0
23, 1056768, Note_on_c, 14, 54, 96
23, 1057792, Note_on_c, 14, 54, 0
23, 1057792, Note_on_c, 14, 59, 97
23, 1058816, Note_on_c, 14, 59, 0
23, 1058816, Note_on_c, 14, 52, 98
23, 1059840, Note_on_c, 14, 52, 0
23, 1059840, Note_on_c, 14, 57, 99
23, 1060588, Note_on_c, 14, 57, 0
23, 1060864, Note_on_c, 14, 45, 99
23, 1061888, Note_on_c, 14, 45, 0
23, 1061888, Note_on_c, 14, 50, 99
23, 1062912, Note_on_c, 14, 50, 0
23, 1062912, Note_on_c, 14, 50, 104
23, 1063936, Note_on_c, 14, 50, 0
23, 1063936, Note_on_c, 14, 50, 108
23, 1064960, Note_on_c, 14, 50, 0
23, 1064960, Note_on_c, 14, 49, 103
23, 1065472, Note_on_c, 14, 49, 0
23, 1065472, Note_on_c, 14, 47, 102
23, 1065984, Note_on_c, 14, 47, 0
23, 1065984, Note_on_c, 14, 45, 101
23, 1066496, Note_on_c, 14, 45, 0
23, 1066496, Note_on_c, 14, 47, 95
23, 1067008, Note_on_c, 14, 47, 0
23, 1067008, Note_on_c, 14, 49, 89
23, 1067520, Note_on_c, 14, 49, 0
23, 1067520, Note_on_c, 14, 50, 83
23, 1068032, Note_on_c, 14, 50, 0
23, 1068032, Note_on_c, 14, 52, 77
23, 1068544, Note_on_c, 14, 52, 0
23, 1068544, Note_on_c, 14, 54, 71
23, 1069056, Note_on_c, 14, 54, 0
23, 1069056, Note_on_c, 14, 55, 65
23, 1069568, Note_on_c, 14, 55, 0
23, 1069568, Note_on_c, 14, 52, 60
23, 1070080, Note_on_c, 14, 52, 0
23, 1070080, Note_on_c, 14, 54, 52
23, 1071104, Note_on_c, 14, 54, 0
23, 1071104, Note_on_c, 14, 54, 50
23, 1072128, Note_on_c, 14, 54, 0
23, 1072128, Note_on_c, 14, 50, 48
23, 1073152, Note_on_c, 14, 50, 0
23, 1073152, Note_on_c, 14, 50, 45
23, 1074176, Note_on_c, 14, 50, 0
23, 1074176, Note_on_c, 14, 57, 43
23, 1075200, Note_on_c, 14, 57, 0
23, 1075200, Note_on_c, 14, 45, 40
23, 1076224, Note_on_c, 14, 45, 0
23, 1076224, Note_on_c, 14, 50, 38
23, 1077043, Note_on_c, 14, 50, 0
23, 1160192, Note_on_c, 14, 57, 95
23, 1160940, Note_on_c, 14, 57, 0
23, 1161216, Note_on_c, 14, 57, 95
23, 1161964, Note_on_c, 14, 57, 0
23, 1162240, Note_on_c, 14, 57, 97
23, 1162988, Note_on_c, 14, 57, 0
23, 1163264, Note_on_c, 14, 57, 97
23, 1164012, Note_on_c, 14, 57, 0
23, 1164288, Note_on_c, 14, 57, 97
23, 1165036, Note_on_c, 14, 57, 0
23, 1165312, Note_on_c, 14, 57, 98
23, 1166060, Note_on_c, 14, 57, 0
23, 1166336, Note_on_c, 14, 57, 98
23, 1167084, Note_on_c, 14, 57, 0
23, 1167360, Note_on_c, 14, 57, 98
23, 1168108, Note_on_c, 14, 57, 0
23, 1168384, Note_on_c, 14, 57, 98
23, 1169132, Note_on_c, 14, 57, 0
23, 1169408, Note_on_c, 14, 45, 99
23, 1170156, Note_on_c, 14, 45, 0
23, 1170432, Note_on_c, 14, 45, 101
23, 1171180, Note_on_c, 14, 45, 0
23, 1171456, Note_on_c, 14, 45, 102
23, 1172204, Note_on_c, 14, 45, 0
23, 1172480, Note_on_c, 14, 45, 103
23, 1173228, Note_on_c, 14, 45, 0
23, 1173504, Note_on_c, 14, 45, 104
23, 1174252, Note_on_c, 14, 45, 0
23, 1174528, Note_on_c, 14, 45, 105
23, 1175276, Note_on_c, 14, 45, 0
23, 1175552, Note_on_c, 14, 45, 106
23, 1176576, Note_on_c, 14, 45, 0
23, 1176576, Note_on_c, 14, 50, 106
23, 1177324, Note_on_c, 14, 50, 0
23, 1177600, Note_on_c, 14, 50, 106
23, 1178348, Note_on_c, 14, 50, 0
23, 1178624, Note_on_c, 14, 50, 106
23, 1179372, Note_on_c, 14, 50, 0
23, 1179648, Note_on_c, 14, 50, 106
23, 1180396, Note_on_c, 14, 50, 0
23, 1180672, Note_on_c, 14, 50, 106
23, 1181420, Note_on_c, 14, 50, 0
23, 1181696, Note_on_c, 14, 50, 106
23, 1182444, Note_on_c, 14, 50, 0
23, 1182720, Note_on_c, 14, 50, 106
23, 1183468, Note_on_c, 14, 50, 0
23, 1183744, Note_on_c, 14, 50, 106
23, 1184492, Note_on_c, 14, 50, 0
23, 1184768, Note_on_c, 14, 50, 107
23, 1185516, Note_on_c, 14, 50, 0
23, 1185792, Note_on_c, 14, 50, 111
23, 1186540, Note_on_c, 14, 50, 0
23, 1186816, Note_on_c, 14, 62, 119
23, 1187937, Note_on_c, 14, 62, 0
23, 1188352, Note_on_c, 14, 62, 117
23, 1188726, Note_on_c, 14, 62, 0
23, 1188864, Note_on_c, 14, 62, 116
23, 1189376, Note_on_c, 14, 62, 0
23, 1189376, Note_on_c, 14, 57, 116
23, 1190124, Note_on_c, 14, 57, 0
23, 1190400, Note_on_c, 14, 62, 115
23, 1190774, Note_on_c, 14, 62, 0
23, 1190912, Note_on_c, 14, 62, 115
23, 1192550, Note_on_c, 14, 62, 0
23, 1192960, Note_on_c, 14, 62, 111
23, 1193984, Note_on_c, 14, 62, 0
23, 1195008, Note_on_c, 14, 62, 111
23, 1196032, Note_on_c, 14, 62, 0
23, 1197056, Note_on_c, 14, 55, 111
23, 1198080, Note_on_c, 14, 55, 0
23, 1199104, Note_on_c, 14, 55, 111
23, 1200128, Note_on_c, 14, 55, 0
23, 1201152, Note_on_c, 14, 57, 111
23, 1202176, Note_on_c, 14, 57, 0
23, 1203200, Note_on_c, 14, 57, 111
23, 1204224, Note_on_c, 14, 57, 0
23, 1205248, Note_on_c, 14, 62, 111
23, 1208525, Note_on_c, 14, 62, 0
23, 1209344, Note_on_c, 14, 52, 111
23, 1210368, Note_on_c, 14, 52, 0
23, 1211392, Note_on_c, 14, 52, 114
23, 1212416, Note_on_c, 14, 52, 0
23, 1213440, Note_on_c, 14, 57, 117
23, 1216717, Note_on_c, 14, 57, 0
23, 1219584, Note_on_c, 14, 52, 115
23, 1220608, Note_on_c, 14, 52, 0
23, 1221632, Note_on_c, 14, 57, 121
23, 1224909, Note_on_c, 14, 57, 0
23, 1227776, Note_on_c, 14, 57, 126
23, 1228800, Note_on_c, 14, 57, 0
23, 1229824, Note_on_c, 14, 53, 127
23, 1238016, Note_on_c, 14, 53, 0
23, 1484800, Note_on_c, 14, 53, 99
23, 1485824, Note_on_c, 14, 53, 0
23, 1486336, Note_on_c, 14, 53, 90
23, 1487360, Note_on_c, 14, 53, 0
23, 1487872, Note_on_c, 14, 53, 99
23, 1489408, Note_on_c, 14, 53, 0
23, 1489408, Note_on_c, 14, 53, 94
23, 1490944, Note_on_c, 14, 53, 0
23, 1490944, Note_on_c, 14, 48, 89
23, 1492480, Note_on_c, 14, 48, 0
23, 1492480, Note_on_c, 14, 48, 94
23, 1494016, Note_on_c, 14, 48, 0
23, 1494016, Note_on_c, 14, 51, 101
23, 1495552, Note_on_c, 14, 51, 0
23, 1495552, Note_on_c, 14, 50, 96
23, 1496576, Note_on_c, 14, 50, 0
23, 1496576, Note_on_c, 14, 48, 93
23, 1496950, Note_on_c, 14, 48, 0
23, 1497088, Note_on_c, 14, 58, 91
23, 1498624, Note_on_c, 14, 58, 0
23, 1498624, Note_on_c, 14, 46, 86
23, 1499648, Note_on_c, 14, 46, 0
23, 1500160, Note_on_c, 14, 56, 96
23, 1501696, Note_on_c, 14, 56, 0
23, 1501696, Note_on_c, 14, 44, 87
23, 1502720, Note_on_c, 14, 44, 0
23, 1503232, Note_on_c, 14, 55, 94
23, 1504256, Note_on_c, 14, 55, 0
23, 1504768, Note_on_c, 14, 55, 96
23, 1505792, Note_on_c, 14, 55, 0
23, 1505792, Note_on_c, 14, 53, 97
23, 1506166, Note_on_c, 14, 53, 0
23, 1506304, Note_on_c, 14, 51, 97
23, 1507840, Note_on_c, 14, 51, 0
23, 1507840, Note_on_c, 14, 52, 99
23, 1508864, Note_on_c, 14, 52, 0
23, 1509376, Note_on_c, 14, 53, 101
23, 1510400, Note_on_c, 14, 53, 0
23, 1510912, Note_on_c, 14, 53, 103
23, 1511936, Note_on_c, 14, 53, 0
23, 1512448, Note_on_c, 14, 53, 104
23, 1517056, Note_on_c, 14, 53, 0
23, 1517056, Note_on_c, 14, 53, 101
23, 1518592, Note_on_c, 14, 53, 0
23, 1518592, Note_on_c, 14, 58, 89
23, 1519616, Note_on_c, 14, 58, 0
23, 1519616, Note_on_c, 14, 53, 81
23, 1519990, Note_on_c, 14, 53, 0
23, 1520128, Note_on_c, 14, 53, 77
23, 1521152, Note_on_c, 14, 53, 0
23, 1524736, Note_on_c, 14, 58, 107
23, 1525857, Note_on_c, 14, 58, 0
23, 1526272, Note_on_c, 14, 58, 92
23, 1527393, Note_on_c, 14, 58, 0
23, 1530880, Note_on_c, 14, 63, 103
23, 1532001, Note_on_c, 14, 63, 0
23, 1532416, Note_on_c, 14, 51, 91
23, 1533164, Note_on_c, 14, 51, 0
23, 1533952, Note_on_c, 14, 53, 99
23, 1535073, Note_on_c, 14, 53, 0
23, 1535488, Note_on_c, 14, 53, 92
23, 1536609, Note_on_c, 14, 53, 0
23, 1537024, Note_on_c, 14, 53, 108
23, 1541217, Note_on_c, 14, 53, 0
23, 1541632, Note_on_c, 14, 53, 100
23, 1542753, Note_on_c, 14, 53, 0
23, 1543168, Note_on_c, 14, 53, 114
23, 1547361, Note_on_c, 14, 53, 0
23, 1547776, Note_on_c, 14, 46, 100
23, 1548524, Note_on_c, 14, 46, 0
23, 1890304, Note_on_c, 14, 62, 110
23, 1891425, Note_on_c, 14, 62, 0
23, 1891840, Note_on_c, 14, 62, 110
23, 1892961, Note_on_c, 14, 62, 0
23, 1893376, Note_on_c, 14, 62, 110
23, 1894497, Note_on_c, 14, 62, 0
23, 1894912, Note_on_c, 14, 62, 110
23, 1896033, Note_on_c, 14, 62, 0
23, 1896448, Note_on_c, 14, 57, 110
23, 1897569, Note_on_c, 14, 57, 0
23, 1897984, Note_on_c, 14, 57, 110
23, 1899105, Note_on_c, 14, 57, 0
23, 1899520, Note_on_c, 14, 57, 110
23, 1900641, Note_on_c, 14, 57, 0
23, 1901056, Note_on_c, 14, 59, 110
23, 1901804, Note_on_c, 14, 59, 0
23, 1902080, Note_on_c, 14, 61, 110
23, 1902336, Note_on_c, 14, 61, 0
23, 1902592, Note_on_c, 14, 62, 110
23, 1903713, Note_on_c, 14, 62, 0
23, 1904128, Note_on_c, 14, 57, 110
23, 1905249, Note_on_c, 14, 57, 0
23, 1905664, Note_on_c, 14, 57, 110
23, 1906785, Note_on_c, 14, 57, 0
23, 1907200, Note_on_c, 14, 57, 110
23, 1908321, Note_on_c, 14, 57, 0
23, 1908736, Note_on_c, 14, 57, 122
23, 1911020, Note_on_c, 14, 57, 0
23, 1911296, Note_on_c, 14, 57, 110
23, 1911552, Note_on_c, 14, 57, 0
23, 1911808, Note_on_c, 14, 57, 110
23, 1912556, Note_on_c, 14, 57, 0
23, 1914880, Note_on_c, 14, 62, 110
23, 1916001, Note_on_c, 14, 62, 0
23, 1916416, Note_on_c, 14, 62, 110
23, 1917537, Note_on_c, 14, 62, 0
23, 1917952, Note_on_c, 14, 62, 110
23, 1919073, Note_on_c, 14, 62, 0
23, 1919488, Note_on_c, 14, 62, 110
23, 1920609, Note_on_c, 14, 62, 0
23, 1921024, Note_on_c, 14, 55, 122
23, 1922145, Note_on_c, 14, 55, 0
23, 1922560, Note_on_c, 14, 55, 110
23, 1923681, Note_on_c, 14, 55, 0
23, 1924096, Note_on_c, 14, 55, 110
23, 1925217, Note_on_c, 14, 55, 0
23, 1925632, Note_on_c, 14, 55, 110
23, 1926753, Note_on_c, 14, 55, 0
23, 1927168, Note_on_c, 14, 57, 110
23, 1928289, Note_on_c, 14, 57, 0
23, 1928704, Note_on_c, 14, 57, 110
23, 1929825, Note_on_c, 14, 57, 0
23, 1930240, Note_on_c, 14, 57, 110
23, 1931361, Note_on_c, 14, 57, 0
23, 1931776, Note_on_c, 14, 57, 110
23, 1932897, Note_on_c, 14, 57, 0
23, 1933312, Note_on_c, 14, 57, 120
23, 1935596, Note_on_c, 14, 57, 0
23, 1935872, Note_on_c, 14, 57, 110
23, 1936128, Note_on_c, 14, 57, 0
23, 1936384, Note_on_c, 14, 50, 110
23, 1937132, Note_on_c, 14, 50, 0
23, 1939456, Note_on_c, 14, 57, 110
23, 1940577, Note_on_c, 14, 57, 0
23, 1940992, Note_on_c, 14, 57, 110
23, 1942113, Note_on_c, 14, 57, 0
23, 1942528, Note_on_c, 14, 57, 110
23, 1943649, Note_on_c, 14, 57, 0
23, 1944064, Note_on_c, 14, 57, 110
23, 1945185, Note_on_c, 14, 57, 0
23, 1945600, Note_on_c, 14, 57, 110
23, 1946721, Note_on_c, 14, 57, 0
23, 1947136, Note_on_c, 14, 57, 110
23, 1948257, Note_on_c, 14, 57, 0
23, 1948672, Note_on_c, 14, 57, 110
23, 1949793, Note_on_c, 14, 57, 0
23, 1950208, Note_on_c, 14, 57, 110
23, 1951329, Note_on_c, 14, 57, 0
23, 1951744, Note_on_c, 14, 57, 110
23, 1952865, Note_on_c, 14, 57, 0
23, 1953280, Note_on_c, 14, 57, 110
23, 1954401, Note_on_c, 14, 57, 0
23, 1954816, Note_on_c, 14, 58, 110
23, 1955937, Note_on_c, 14, 58, 0
23, 1956352, Note_on_c, 14, 54, 110
23, 1957473, Note_on_c, 14, 54, 0
23, 1957888, Note_on_c, 14, 59, 110
23, 1959009, Note_on_c, 14, 59, 0
23, 1959424, Note_on_c, 14, 52, 110
23, 1960545, Note_on_c, 14, 52, 0
23, 1960960, Note_on_c, 14, 57, 110
23, 1962081, Note_on_c, 14, 57, 0
23, 1962496, Note_on_c, 14, 57, 110
23, 1964032, Note_on_c, 14, 57, 0
23, 1964032, Note_on_c, 14, 62, 120
23, 1965153, Note_on_c, 14, 62, 0
23, 1965568, Note_on_c, 14, 62, 110
23, 1966689, Note_on_c, 14, 62, 0
23, 1967104, Note_on_c, 14, 62, 110
23, 1968225, Note_on_c, 14, 62, 0
23, 1968640, Note_on_c, 14, 62, 110
23, 1969761, Note_on_c, 14, 62, 0
23, 1970176, Note_on_c, 14, 55, 110
23, 1971297, Note_on_c, 14, 55, 0
23, 1971712, Note_on_c, 14, 55, 110
23, 1972833, Note_on_c, 14, 55, 0
23, 1973248, Note_on_c, 14, 55, 110
23, 1974369, Note_on_c, 14, 55, 0
23, 1974784, Note_on_c, 14, 55, 110
23, 1975905, Note_on_c, 14, 55, 0
23, 1976320, Note_on_c, 14, 57, 122
23, 1977441, Note_on_c, 14, 57, 0
23, 1977856, Note_on_c, 14, 57, 110
23, 1978977, Note_on_c, 14, 57, 0
23, 1979392, Note_on_c, 14, 57, 110
23, 1980513, Note_on_c, 14, 57, 0
23, 1980928, Note_on_c, 14, 57, 110
23, 1982049, Note_on_c, 14, 57, 0
23, 1982464, Note_on_c, 14, 57, 110
23, 1984748, Note_on_c, 14, 57, 0
23, 1985024, Note_on_c, 14, 57, 110
23, 1985280, Note_on_c, 14, 57, 0
23, 1985536, Note_on_c, 14, 50, 110
23, 1986657, Note_on_c, 14, 50, 0
23, 1988608, Note_on_c, 14, 57, 110
23, 1989729, Note_on_c, 14, 57, 0
23, 1990144, Note_on_c, 14, 57, 110
23, 1991265, Note_on_c, 14, 57, 0
23, 1991680, Note_on_c, 14, 57, 110
23, 1992801, Note_on_c, 14, 57, 0
23, 1993216, Note_on_c, 14, 57, 110
23, 1994337, Note_on_c, 14, 57, 0
23, 1994752, Note_on_c, 14, 57, 110
23, 1995873, Note_on_c, 14, 57, 0
23, 1996288, Note_on_c, 14, 57, 110
23, 1997409, Note_on_c, 14, 57, 0
23, 1997824, Note_on_c, 14, 57, 110
23, 1998945, Note_on_c, 14, 57, 0
23, 1999360, Note_on_c, 14, 57, 110
23, 2000481, Note_on_c, 14, 57, 0
23, 2000896, Note_on_c, 14, 57, 110
23, 2002017, Note_on_c, 14, 57, 0
23, 2002432, Note_on_c, 14, 57, 110
23, 2003553, Note_on_c, 14, 57, 0
23, 2003968, Note_on_c, 14, 58, 110
23, 2005089, Note_on_c, 14, 58, 0
23, 2005504, Note_on_c, 14, 54, 110
23, 2006625, Note_on_c, 14, 54, 0
23, 2007040, Note_on_c, 14, 59, 110
23, 2008161, Note_on_c, 14, 59, 0
23, 2008576, Note_on_c, 14, 52, 110
23, 2009697, Note_on_c, 14, 52, 0
23, 2010112, Note_on_c, 14, 57, 110
23, 2011233, Note_on_c, 14, 57, 0
23, 2011648, Note_on_c, 14, 57, 122
23, 2013184, Note_on_c, 14, 57, 0
23, 2013184, Note_on_c, 14, 62, 110
23, 2014305, Note_on_c, 14, 62, 0
23, 2014720, Note_on_c, 14, 62, 110
23, 2015841, Note_on_c, 14, 62, 0
23, 2016256, Note_on_c, 14, 62, 110
23, 2017377, Note_on_c, 14, 62, 0
23, 2017792, Note_on_c, 14, 62, 110
23, 2018913, Note_on_c, 14, 62, 0
23, 2019328, Note_on_c, 14, 55, 110
23, 2020449, Note_on_c, 14, 55, 0
23, 2020864, Note_on_c, 14, 55, 110
23, 2021985, Note_on_c, 14, 55, 0
23, 2022400, Note_on_c, 14, 55, 120
23, 2023521, Note_on_c, 14, 55, 0
23, 2023936, Note_on_c, 14, 55, 110
23, 2025057, Note_on_c, 14, 55, 0
23, 2025472, Note_on_c, 14, 57, 110
23, 2026593, Note_on_c, 14, 57, 0
23, 2027008, Note_on_c, 14, 57, 110
23, 2028129, Note_on_c, 14, 57, 0
23, 2028544, Note_on_c, 14, 57, 111
23, 2029665, Note_on_c, 14, 57, 0
23, 2030080, Note_on_c, 14, 57, 113
23, 2031201, Note_on_c, 14, 57, 0
23, 2031616, Note_on_c, 14, 57, 116
23, 2033900, Note_on_c, 14, 57, 0
23, 2034176, Note_on_c, 14, 57, 120
23, 2034432, Note_on_c, 14, 57, 0
23, 2034688, Note_on_c, 14, 50, 121
23, 2035809, Note_on_c, 14, 50, 0
23, 2050048, Control_c, 14, 121, 127
23, 2050048, End_track
24, 0, Start_track
24, 0, Title_t, "Cello"
24, 0, Program_c, 15, 48
24, 0, Control_c, 15, 121, 127
24, 0, Control_c, 15, 91, 127
24, 0, Control_c, 15, 1, 10
24, 0, Control_c, 15, 10, 90
24, 0, Control_c, 15, 11, 100
24, 26624, Note_on_c, 15, 57, 96
24, 27136, Note_on_c, 15, 57, 0
24, 27648, Note_on_c, 15, 64, 96
24, 31744, Note_on_c, 15, 64, 0
24, 31744, Note_on_c, 15, 62, 96
24, 32256, Note_on_c, 15, 62, 0
24, 32256, Note_on_c, 15, 61, 96
24, 32768, Note_on_c, 15, 61, 0
24, 32768, Note_on_c, 15, 62, 96
24, 33280, Note_on_c, 15, 62, 0
24, 33280, Note_on_c, 15, 64, 96
24, 33792, Note_on_c, 15, 64, 0
24, 33792, Note_on_c, 15, 64, 96
24, 35021, Note_on_c, 15, 64, 0
24, 35328, Note_on_c, 15, 55, 94
24, 35584, Note_on_c, 15, 55, 0
24, 35840, Note_on_c, 15, 57, 95
24, 36096, Note_on_c, 15, 57, 0
24, 36352, Note_on_c, 15, 58, 96
24, 36608, Note_on_c, 15, 58, 0
24, 36864, Note_on_c, 15, 58, 97
24, 37376, Note_on_c, 15, 58, 0
24, 37376, Note_on_c, 15, 52, 98
24, 37888, Note_on_c, 15, 52, 0
24, 37888, Note_on_c, 15, 53, 99
24, 38400, Note_on_c, 15, 53, 0
24, 38400, Note_on_c, 15, 55, 100
24, 38656, Note_on_c, 15, 55, 0
24, 38912, Note_on_c, 15, 49, 101
24, 39168, Note_on_c, 15, 49, 0
24, 39424, Note_on_c, 15, 50, 103
24, 39680, Note_on_c, 15, 50, 0
24, 39936, Note_on_c, 15, 52, 104
24, 40346, Note_on_c, 15, 52, 0
24, 40448, Note_on_c, 15, 43, 105
24, 40858, Note_on_c, 15, 43, 0
24, 40960, Note_on_c, 15, 43, 106
24, 42189, Note_on_c, 15, 43, 0
24, 42496, Note_on_c, 15, 45, 109
24, 42906, Note_on_c, 15, 45, 0
24, 43008, Note_on_c, 15, 46, 110
24, 43520, Note_on_c, 15, 46, 0
24, 44032, Note_on_c, 15, 58, 107
24, 46899, Note_on_c, 15, 58, 0
24, 47104, Note_on_c, 15, 57, 75
24, 48333, Note_on_c, 15, 57, 0
24, 48640, Note_on_c, 15, 52, 59
24, 49050, Note_on_c, 15, 52, 0
24, 49152, Note_on_c, 15, 55, 54
24, 50176, Note_on_c, 15, 55, 0
24, 50176, Note_on_c, 15, 53, 43
24, 50995, Note_on_c, 15, 53, 0
24, 74240, Note_on_c, 15, 54, 99
24, 74496, Note_on_c, 15, 54, 0
24, 74752, Note_on_c, 15, 57, 99
24, 75776, Note_on_c, 15, 57, 0
24, 78336, Note_on_c, 15, 53, 97
24, 78746, Note_on_c, 15, 53, 0
24, 78848, Note_on_c, 15, 60, 98
24, 79258, Note_on_c, 15, 60, 0
24, 79360, Note_on_c, 15, 60, 100
24, 79770, Note_on_c, 15, 60, 0
24, 79872, Note_on_c, 15, 63, 101
24, 81101, Note_on_c, 15, 63, 0
24, 81408, Note_on_c, 15, 63, 105
24, 81664, Note_on_c, 15, 63, 0
24, 81920, Note_on_c, 15, 60, 106
24, 82176, Note_on_c, 15, 60, 0
24, 82432, Note_on_c, 15, 58, 108
24, 82688, Note_on_c, 15, 58, 0
24, 82944, Note_on_c, 15, 58, 109
24, 83456, Note_on_c, 15, 58, 0
24, 83456, Note_on_c, 15, 57, 108
24, 83712, Note_on_c, 15, 57, 0
24, 83968, Note_on_c, 15, 57, 106
24, 84378, Note_on_c, 15, 57, 0
24, 84480, Note_on_c, 15, 57, 104
24, 84890, Note_on_c, 15, 57, 0
24, 84992, Note_on_c, 15, 58, 103
24, 85402, Note_on_c, 15, 58, 0
24, 85504, Note_on_c, 15, 60, 101
24, 85914, Note_on_c, 15, 60, 0
24, 86016, Note_on_c, 15, 60, 99
24, 86528, Note_on_c, 15, 60, 0
24, 86528, Note_on_c, 15, 53, 97
24, 86938, Note_on_c, 15, 53, 0
24, 87552, Note_on_c, 15, 51, 94
24, 87962, Note_on_c, 15, 51, 0
24, 88064, Note_on_c, 15, 51, 95
24, 88474, Note_on_c, 15, 51, 0
24, 88576, Note_on_c, 15, 50, 98
24, 88986, Note_on_c, 15, 50, 0
24, 89088, Note_on_c, 15, 48, 100
24, 89498, Note_on_c, 15, 48, 0
24, 89600, Note_on_c, 15, 46, 103
24, 90010, Note_on_c, 15, 46, 0
24, 92160, Note_on_c, 15, 45, 28
24, 92160, Note_on_c, 15, 52, 28
24, 92331, Note_on_c, 15, 45, 0
24, 92331, Note_on_c, 15, 52, 0
24, 92331, Note_on_c, 15, 45, 28
24, 92331, Note_on_c, 15, 52, 28
24, 92501, Note_on_c, 15, 45, 0
24, 92501, Note_on_c, 15, 52, 0
24, 92501, Note_on_c, 15, 45, 28
24, 92501, Note_on_c, 15, 52, 28
24, 92672, Note_on_c, 15, 45, 0
24, 92672, Note_on_c, 15, 52, 0
24, 92672, Note_on_c, 15, 45, 28
24, 92672, Note_on_c, 15, 52, 28
24, 92843, Note_on_c, 15, 45, 0
24, 92843, Note_on_c, 15, 52, 0
24, 92843, Note_on_c, 15, 45, 28
24, 92843, Note_on_c, 15, 52, 28
24, 93013, Note_on_c, 15, 45, 0
24, 93013, Note_on_c, 15, 52, 0
24, 93013, Note_on_c, 15, 45, 28
24, 93013, Note_on_c, 15, 52, 28
24, 93184, Note_on_c, 15, 45, 0
24, 93184, Note_on_c, 15, 52, 0
24, 93184, Note_on_c, 15, 45, 28
24, 93184, Note_on_c, 15, 52, 28
24, 93355, Note_on_c, 15, 45, 0
24, 93355, Note_on_c, 15, 52, 0
24, 93355, Note_on_c, 15, 45, 28
24, 93355, Note_on_c, 15, 52, 28
24, 93525, Note_on_c, 15, 45, 0
24, 93525, Note_on_c, 15, 52, 0
24, 93525, Note_on_c, 15, 45, 28
24, 93525, Note_on_c, 15, 52, 28
24, 93696, Note_on_c, 15, 45, 0
24, 93696, Note_on_c, 15, 52, 0
24, 93696, Note_on_c, 15, 45, 28
24, 93696, Note_on_c, 15, 52, 28
24, 93867, Note_on_c, 15, 45, 0
24, 93867, Note_on_c, 15, 52, 0
24, 93867, Note_on_c, 15, 45, 28
24, 93867, Note_on_c, 15, 52, 28
24, 94037, Note_on_c, 15, 45, 0
24, 94037, Note_on_c, 15, 52, 0
24, 94037, Note_on_c, 15, 45, 28
24, 94037, Note_on_c, 15, 52, 28
24, 94208, Note_on_c, 15, 45, 0
24, 94208, Note_on_c, 15, 52, 0
24, 94208, Note_on_c, 15, 45, 28
24, 94208, Note_on_c, 15, 52, 28
24, 94379, Note_on_c, 15, 45, 0
24, 94379, Note_on_c, 15, 52, 0
24, 94379, Note_on_c, 15, 45, 28
24, 94379, Note_on_c, 15, 52, 28
24, 94549, Note_on_c, 15, 45, 0
24, 94549, Note_on_c, 15, 52, 0
24, 94549, Note_on_c, 15, 45, 28
24, 94549, Note_on_c, 15, 52, 28
24, 94720, Note_on_c, 15, 45, 0
24, 94720, Note_on_c, 15, 52, 0
24, 94720, Note_on_c, 15, 45, 28
24, 94720, Note_on_c, 15, 52, 28
24, 94891, Note_on_c, 15, 45, 0
24, 94891, Note_on_c, 15, 52, 0
24, 94891, Note_on_c, 15, 45, 28
24, 94891, Note_on_c, 15, 52, 28
24, 95061, Note_on_c, 15, 45, 0
24, 95061, Note_on_c, 15, 52, 0
24, 95061, Note_on_c, 15, 45, 28
24, 95061, Note_on_c, 15, 52, 28
24, 95232, Note_on_c, 15, 45, 0
24, 95232, Note_on_c, 15, 52, 0
24, 95232, Note_on_c, 15, 45, 28
24, 95232, Note_on_c, 15, 52, 28
24, 95403, Note_on_c, 15, 45, 0
24, 95403, Note_on_c, 15, 52, 0
24, 95403, Note_on_c, 15, 45, 28
24, 95403, Note_on_c, 15, 52, 28
24, 95573, Note_on_c, 15, 45, 0
24, 95573, Note_on_c, 15, 52, 0
24, 95573, Note_on_c, 15, 45, 28
24, 95573, Note_on_c, 15, 52, 28
24, 95744, Note_on_c, 15, 45, 0
24, 95744, Note_on_c, 15, 52, 0
24, 95744, Note_on_c, 15, 45, 28
24, 95744, Note_on_c, 15, 52, 28
24, 95915, Note_on_c, 15, 45, 0
24, 95915, Note_on_c, 15, 52, 0
24, 95915, Note_on_c, 15, 45, 28
24, 95915, Note_on_c, 15, 52, 28
24, 96085, Note_on_c, 15, 45, 0
24, 96085, Note_on_c, 15, 52, 0
24, 96085, Note_on_c, 15, 45, 28
24, 96085, Note_on_c, 15, 52, 28
24, 96256, Note_on_c, 15, 45, 0
24, 96256, Note_on_c, 15, 52, 0
24, 96256, Note_on_c, 15, 45, 28
24, 96256, Note_on_c, 15, 52, 28
24, 96427, Note_on_c, 15, 45, 0
24, 96427, Note_on_c, 15, 52, 0
24, 96427, Note_on_c, 15, 45, 28
24, 96427, Note_on_c, 15, 52, 28
24, 96597, Note_on_c, 15, 45, 0
24, 96597, Note_on_c, 15, 52, 0
24, 96597, Note_on_c, 15, 45, 28
24, 96597, Note_on_c, 15, 52, 28
24, 96768, Note_on_c, 15, 45, 0
24, 96768, Note_on_c, 15, 52, 0
24, 96768, Note_on_c, 15, 45, 28
24, 96768, Note_on_c, 15, 52, 28
24, 96939, Note_on_c, 15, 45, 0
24, 96939, Note_on_c, 15, 52, 0
24, 96939, Note_on_c, 15, 45, 28
24, 96939, Note_on_c, 15, 52, 28
24, 97109, Note_on_c, 15, 45, 0
24, 97109, Note_on_c, 15, 52, 0
24, 97109, Note_on_c, 15, 45, 28
24, 97109, Note_on_c, 15, 52, 28
24, 97280, Note_on_c, 15, 45, 0
24, 97280, Note_on_c, 15, 52, 0
24, 97280, Note_on_c, 15, 45, 28
24, 97280, Note_on_c, 15, 52, 28
24, 97451, Note_on_c, 15, 45, 0
24, 97451, Note_on_c, 15, 52, 0
24, 97451, Note_on_c, 15, 45, 28
24, 97451, Note_on_c, 15, 52, 28
24, 97621, Note_on_c, 15, 45, 0
24, 97621, Note_on_c, 15, 52, 0
24, 97621, Note_on_c, 15, 45, 28
24, 97621, Note_on_c, 15, 52, 28
24, 97792, Note_on_c, 15, 45, 0
24, 97792, Note_on_c, 15, 52, 0
24, 97792, Note_on_c, 15, 45, 28
24, 97792, Note_on_c, 15, 52, 28
24, 97963, Note_on_c, 15, 45, 0
24, 97963, Note_on_c, 15, 52, 0
24, 97963, Note_on_c, 15, 45, 28
24, 97963, Note_on_c, 15, 52, 28
24, 98133, Note_on_c, 15, 45, 0
24, 98133, Note_on_c, 15, 52, 0
24, 98133, Note_on_c, 15, 45, 28
24, 98133, Note_on_c, 15, 52, 28
24, 98304, Note_on_c, 15, 45, 0
24, 98304, Note_on_c, 15, 52, 0
24, 98304, Note_on_c, 15, 45, 28
24, 98304, Note_on_c, 15, 52, 28
24, 98475, Note_on_c, 15, 45, 0
24, 98475, Note_on_c, 15, 52, 0
24, 98475, Note_on_c, 15, 45, 28
24, 98475, Note_on_c, 15, 52, 28
24, 98645, Note_on_c, 15, 45, 0
24, 98645, Note_on_c, 15, 52, 0
24, 98645, Note_on_c, 15, 45, 28
24, 98645, Note_on_c, 15, 52, 28
24, 98816, Note_on_c, 15, 45, 0
24, 98816, Note_on_c, 15, 52, 0
24, 98816, Note_on_c, 15, 45, 28
24, 98816, Note_on_c, 15, 52, 28
24, 98987, Note_on_c, 15, 45, 0
24, 98987, Note_on_c, 15, 52, 0
24, 98987, Note_on_c, 15, 45, 28
24, 98987, Note_on_c, 15, 52, 28
24, 99157, Note_on_c, 15, 45, 0
24, 99157, Note_on_c, 15, 52, 0
24, 99157, Note_on_c, 15, 45, 28
24, 99157, Note_on_c, 15, 52, 28
24, 99328, Note_on_c, 15, 45, 0
24, 99328, Note_on_c, 15, 52, 0
24, 99328, Note_on_c, 15, 45, 28
24, 99328, Note_on_c, 15, 52, 28
24, 99499, Note_on_c, 15, 45, 0
24, 99499, Note_on_c, 15, 52, 0
24, 99499, Note_on_c, 15, 45, 28
24, 99499, Note_on_c, 15, 52, 28
24, 99669, Note_on_c, 15, 45, 0
24, 99669, Note_on_c, 15, 52, 0
24, 99669, Note_on_c, 15, 45, 28
24, 99669, Note_on_c, 15, 52, 28
24, 99840, Note_on_c, 15, 45, 0
24, 99840, Note_on_c, 15, 52, 0
24, 99840, Note_on_c, 15, 45, 28
24, 99840, Note_on_c, 15, 52, 28
24, 100011, Note_on_c, 15, 45, 0
24, 100011, Note_on_c, 15, 52, 0
24, 100011, Note_on_c, 15, 45, 28
24, 100011, Note_on_c, 15, 52, 28
24, 100181, Note_on_c, 15, 45, 0
24, 100181, Note_on_c, 15, 52, 0
24, 100181, Note_on_c, 15, 45, 28
24, 100181, Note_on_c, 15, 52, 28
24, 100352, Note_on_c, 15, 45, 0
24, 100352, Note_on_c, 15, 52, 0
24, 100352, Note_on_c, 15, 45, 28
24, 100352, Note_on_c, 15, 52, 28
24, 100523, Note_on_c, 15, 45, 0
24, 100523, Note_on_c, 15, 52, 0
24, 100523, Note_on_c, 15, 45, 28
24, 100523, Note_on_c, 15, 52, 28
24, 100693, Note_on_c, 15, 45, 0
24, 100693, Note_on_c, 15, 52, 0
24, 100693, Note_on_c, 15, 45, 28
24, 100693, Note_on_c, 15, 52, 28
24, 100864, Note_on_c, 15, 45, 0
24, 100864, Note_on_c, 15, 52, 0
24, 100864, Note_on_c, 15, 45, 28
24, 100864, Note_on_c, 15, 52, 28
24, 101035, Note_on_c, 15, 45, 0
24, 101035, Note_on_c, 15, 52, 0
24, 101035, Note_on_c, 15, 45, 28
24, 101035, Note_on_c, 15, 52, 28
24, 101205, Note_on_c, 15, 45, 0
24, 101205, Note_on_c, 15, 52, 0
24, 101205, Note_on_c, 15, 45, 28
24, 101205, Note_on_c, 15, 52, 28
24, 101376, Note_on_c, 15, 45, 0
24, 101376, Note_on_c, 15, 52, 0
24, 101376, Note_on_c, 15, 45, 28
24, 101376, Note_on_c, 15, 52, 28
24, 101547, Note_on_c, 15, 45, 0
24, 101547, Note_on_c, 15, 52, 0
24, 101547, Note_on_c, 15, 45, 28
24, 101547, Note_on_c, 15, 52, 28
24, 101717, Note_on_c, 15, 45, 0
24, 101717, Note_on_c, 15, 52, 0
24, 101717, Note_on_c, 15, 45, 28
24, 101717, Note_on_c, 15, 52, 28
24, 101888, Note_on_c, 15, 45, 0
24, 101888, Note_on_c, 15, 52, 0
24, 101888, Note_on_c, 15, 45, 28
24, 101888, Note_on_c, 15, 52, 28
24, 102059, Note_on_c, 15, 45, 0
24, 102059, Note_on_c, 15, 52, 0
24, 102059, Note_on_c, 15, 45, 28
24, 102059, Note_on_c, 15, 52, 28
24, 102229, Note_on_c, 15, 45, 0
24, 102229, Note_on_c, 15, 52, 0
24, 102229, Note_on_c, 15, 45, 28
24, 102229, Note_on_c, 15, 52, 28
24, 102400, Note_on_c, 15, 45, 0
24, 102400, Note_on_c, 15, 52, 0
24, 102400, Note_on_c, 15, 45, 28
24, 102400, Note_on_c, 15, 52, 28
24, 102571, Note_on_c, 15, 45, 0
24, 102571, Note_on_c, 15, 52, 0
24, 102571, Note_on_c, 15, 45, 28
24, 102571, Note_on_c, 15, 52, 28
24, 102741, Note_on_c, 15, 45, 0
24, 102741, Note_on_c, 15, 52, 0
24, 102741, Note_on_c, 15, 45, 28
24, 102741, Note_on_c, 15, 52, 28
24, 102912, Note_on_c, 15, 45, 0
24, 102912, Note_on_c, 15, 52, 0
24, 102912, Note_on_c, 15, 45, 28
24, 102912, Note_on_c, 15, 52, 28
24, 103083, Note_on_c, 15, 45, 0
24, 103083, Note_on_c, 15, 52, 0
24, 103083, Note_on_c, 15, 45, 28
24, 103083, Note_on_c, 15, 52, 28
24, 103253, Note_on_c, 15, 45, 0
24, 103253, Note_on_c, 15, 52, 0
24, 103253, Note_on_c, 15, 45, 28
24, 103253, Note_on_c, 15, 52, 28
24, 103424, Note_on_c, 15, 45, 0
24, 103424, Note_on_c, 15, 52, 0
24, 103424, Note_on_c, 15, 45, 28
24, 103424, Note_on_c, 15, 52, 28
24, 103595, Note_on_c, 15, 45, 0
24, 103595, Note_on_c, 15, 52, 0
24, 103595, Note_on_c, 15, 45, 28
24, 103595, Note_on_c, 15, 52, 28
24, 103765, Note_on_c, 15, 45, 0
24, 103765, Note_on_c, 15, 52, 0
24, 103765, Note_on_c, 15, 45, 28
24, 103765, Note_on_c, 15, 52, 28
24, 103936, Note_on_c, 15, 45, 0
24, 103936, Note_on_c, 15, 52, 0
24, 103936, Note_on_c, 15, 45, 28
24, 103936, Note_on_c, 15, 52, 28
24, 104107, Note_on_c, 15, 45, 0
24, 104107, Note_on_c, 15, 52, 0
24, 104107, Note_on_c, 15, 45, 28
24, 104107, Note_on_c, 15, 52, 28
24, 104277, Note_on_c, 15, 45, 0
24, 104277, Note_on_c, 15, 52, 0
24, 104277, Note_on_c, 15, 45, 28
24, 104277, Note_on_c, 15, 52, 28
24, 104448, Note_on_c, 15, 45, 0
24, 104448, Note_on_c, 15, 52, 0
24, 104448, Note_on_c, 15, 45, 28
24, 104448, Note_on_c, 15, 52, 28
24, 104619, Note_on_c, 15, 45, 0
24, 104619, Note_on_c, 15, 52, 0
24, 104619, Note_on_c, 15, 45, 28
24, 104619, Note_on_c, 15, 52, 28
24, 104789, Note_on_c, 15, 45, 0
24, 104789, Note_on_c, 15, 52, 0
24, 104789, Note_on_c, 15, 45, 28
24, 104789, Note_on_c, 15, 52, 28
24, 104960, Note_on_c, 15, 45, 0
24, 104960, Note_on_c, 15, 52, 0
24, 104960, Note_on_c, 15, 45, 28
24, 104960, Note_on_c, 15, 52, 28
24, 105131, Note_on_c, 15, 45, 0
24, 105131, Note_on_c, 15, 52, 0
24, 105131, Note_on_c, 15, 45, 28
24, 105131, Note_on_c, 15, 52, 28
24, 105301, Note_on_c, 15, 45, 0
24, 105301, Note_on_c, 15, 52, 0
24, 105301, Note_on_c, 15, 45, 28
24, 105301, Note_on_c, 15, 52, 28
24, 105472, Note_on_c, 15, 45, 0
24, 105472, Note_on_c, 15, 52, 0
24, 105472, Note_on_c, 15, 45, 28
24, 105472, Note_on_c, 15, 52, 28
24, 105643, Note_on_c, 15, 45, 0
24, 105643, Note_on_c, 15, 52, 0
24, 105643, Note_on_c, 15, 45, 28
24, 105643, Note_on_c, 15, 52, 28
24, 105813, Note_on_c, 15, 45, 0
24, 105813, Note_on_c, 15, 52, 0
24, 105813, Note_on_c, 15, 45, 28
24, 105813, Note_on_c, 15, 52, 28
24, 105984, Note_on_c, 15, 45, 0
24, 105984, Note_on_c, 15, 52, 0
24, 105984, Note_on_c, 15, 45, 28
24, 105984, Note_on_c, 15, 52, 28
24, 106155, Note_on_c, 15, 45, 0
24, 106155, Note_on_c, 15, 52, 0
24, 106155, Note_on_c, 15, 45, 28
24, 106155, Note_on_c, 15, 52, 28
24, 106325, Note_on_c, 15, 45, 0
24, 106325, Note_on_c, 15, 52, 0
24, 106325, Note_on_c, 15, 45, 28
24, 106325, Note_on_c, 15, 52, 28
24, 106496, Note_on_c, 15, 45, 0
24, 106496, Note_on_c, 15, 52, 0
24, 106496, Note_on_c, 15, 45, 28
24, 106496, Note_on_c, 15, 52, 28
24, 106667, Note_on_c, 15, 45, 0
24, 106667, Note_on_c, 15, 52, 0
24, 106667, Note_on_c, 15, 45, 28
24, 106667, Note_on_c, 15, 52, 28
24, 106837, Note_on_c, 15, 45, 0
24, 106837, Note_on_c, 15, 52, 0
24, 106837, Note_on_c, 15, 45, 28
24, 106837, Note_on_c, 15, 52, 28
24, 107008, Note_on_c, 15, 45, 0
24, 107008, Note_on_c, 15, 52, 0
24, 107008, Note_on_c, 15, 45, 28
24, 107008, Note_on_c, 15, 52, 28
24, 107179, Note_on_c, 15, 45, 0
24, 107179, Note_on_c, 15, 52, 0
24, 107179, Note_on_c, 15, 45, 28
24, 107179, Note_on_c, 15, 52, 28
24, 107349, Note_on_c, 15, 45, 0
24, 107349, Note_on_c, 15, 52, 0
24, 107349, Note_on_c, 15, 45, 28
24, 107349, Note_on_c, 15, 52, 28
24, 107520, Note_on_c, 15, 45, 0
24, 107520, Note_on_c, 15, 52, 0
24, 107520, Note_on_c, 15, 45, 28
24, 107520, Note_on_c, 15, 52, 28
24, 107691, Note_on_c, 15, 45, 0
24, 107691, Note_on_c, 15, 52, 0
24, 107691, Note_on_c, 15, 45, 28
24, 107691, Note_on_c, 15, 52, 28
24, 107861, Note_on_c, 15, 45, 0
24, 107861, Note_on_c, 15, 52, 0
24, 107861, Note_on_c, 15, 45, 28
24, 107861, Note_on_c, 15, 52, 28
24, 108032, Note_on_c, 15, 45, 0
24, 108032, Note_on_c, 15, 52, 0
24, 108032, Note_on_c, 15, 45, 28
24, 108032, Note_on_c, 15, 52, 28
24, 108203, Note_on_c, 15, 45, 0
24, 108203, Note_on_c, 15, 52, 0
24, 108203, Note_on_c, 15, 45, 28
24, 108203, Note_on_c, 15, 52, 28
24, 108373, Note_on_c, 15, 45, 0
24, 108373, Note_on_c, 15, 52, 0
24, 108373, Note_on_c, 15, 45, 28
24, 108373, Note_on_c, 15, 52, 28
24, 108544, Note_on_c, 15, 45, 0
24, 108544, Note_on_c, 15, 52, 0
24, 108544, Note_on_c, 15, 54, 103
24, 108800, Note_on_c, 15, 54, 0
24, 109056, Note_on_c, 15, 54, 103
24, 109312, Note_on_c, 15, 54, 0
24, 109568, Note_on_c, 15, 63, 100
24, 112845, Note_on_c, 15, 63, 0
24, 113152, Note_on_c, 15, 63, 100
24, 113562, Note_on_c, 15, 63, 0
24, 113664, Note_on_c, 15, 63, 100
24, 114074, Note_on_c, 15, 63, 0
24, 114176, Note_on_c, 15, 60, 100
24, 114586, Note_on_c, 15, 60, 0
24, 114688, Note_on_c, 15, 58, 100
24, 115200, Note_on_c, 15, 58, 0
24, 115200, Note_on_c, 15, 57, 100
24, 115610, Note_on_c, 15, 57, 0
24, 115712, Note_on_c, 15, 60, 99
24, 116122, Note_on_c, 15, 60, 0
24, 116224, Note_on_c, 15, 54, 99
24, 116634, Note_on_c, 15, 54, 0
24, 116736, Note_on_c, 15, 55, 99
24, 117146, Note_on_c, 15, 55, 0
24, 117248, Note_on_c, 15, 57, 99
24, 117658, Note_on_c, 15, 57, 0
24, 117760, Note_on_c, 15, 57, 99
24, 118170, Note_on_c, 15, 57, 0
24, 118272, Note_on_c, 15, 48, 99
24, 118682, Note_on_c, 15, 48, 0
24, 118784, Note_on_c, 15, 50, 99
24, 119194, Note_on_c, 15, 50, 0
24, 119296, Note_on_c, 15, 51, 99
24, 120320, Note_on_c, 15, 51, 0
24, 120320, Note_on_c, 15, 50, 99
24, 120730, Note_on_c, 15, 50, 0
24, 120832, Note_on_c, 15, 50, 99
24, 122061, Note_on_c, 15, 50, 0
24, 122368, Note_on_c, 15, 48, 99
24, 122778, Note_on_c, 15, 48, 0
24, 122880, Note_on_c, 15, 48, 97
24, 123290, Note_on_c, 15, 48, 0
24, 123392, Note_on_c, 15, 47, 95
24, 123802, Note_on_c, 15, 47, 0
24, 123904, Note_on_c, 15, 47, 92
24, 124314, Note_on_c, 15, 47, 0
24, 124416, Note_on_c, 15, 53, 90
24, 124826, Note_on_c, 15, 53, 0
24, 124928, Note_on_c, 15, 53, 88
24, 125440, Note_on_c, 15, 53, 0
24, 125440, Note_on_c, 15, 52, 85
24, 125850, Note_on_c, 15, 52, 0
24, 125952, Note_on_c, 15, 52, 83
24, 126771, Note_on_c, 15, 52, 0
24, 126976, Note_on_c, 15, 50, 78
24, 127386, Note_on_c, 15, 50, 0
24, 127488, Note_on_c, 15, 59, 76
24, 127898, Note_on_c, 15, 59, 0
24, 128000, Note_on_c, 15, 59, 74
24, 128410, Note_on_c, 15, 59, 0
24, 128512, Note_on_c, 15, 59, 71
24, 128922, Note_on_c, 15, 59, 0
24, 129024, Note_on_c, 15, 59, 69
24, 129434, Note_on_c, 15, 59, 0
24, 129536, Note_on_c, 15, 60, 67
24, 129946, Note_on_c, 15, 60, 0
24, 130048, Note_on_c, 15, 62, 64
24, 133120, Note_on_c, 15, 62, 0
24, 133120, Note_on_c, 15, 60, 50
24, 135168, Note_on_c, 15, 60, 0
24, 135168, Note_on_c, 15, 59, 41
24, 136192, Note_on_c, 15, 59, 0
24, 136192, Note_on_c, 15, 62, 36
24, 137216, Note_on_c, 15, 62, 0
24, 137216, Note_on_c, 15, 60, 32
24, 138240, Note_on_c, 15, 60, 0
24, 139264, Program_c, 15, 45
24, 139264, Note_on_c, 15, 64, 45
24, 140288, Note_on_c, 15, 64, 0
24, 142336, Note_on_c, 15, 57, 45
24, 143360, Note_on_c, 15, 57, 0
24, 145408, Note_on_c, 15, 52, 44
24, 146432, Note_on_c, 15, 52, 0
24, 148480, Note_on_c, 15, 45, 44
24, 149504, Note_on_c, 15, 45, 0
24, 151552, Note_on_c, 15, 60, 44
24, 152576, Note_on_c, 15, 60, 0
24, 154624, Note_on_c, 15, 53, 44
24, 155648, Note_on_c, 15, 53, 0
24, 157696, Note_on_c, 15, 48, 44
24, 158720, Note_on_c, 15, 48, 0
24, 160768, Note_on_c, 15, 41, 42
24, 161792, Note_on_c, 15, 41, 0
24, 163840, Program_c, 15, 48
24, 164864, Note_on_c, 15, 65, 98
24, 165683, Note_on_c, 15, 65, 0
24, 165888, Note_on_c, 15, 60, 101
24, 166707, Note_on_c, 15, 60, 0
24, 168960, Note_on_c, 15, 60, 106
24, 169779, Note_on_c, 15, 60, 0
24, 169984, Note_on_c, 15, 58, 103
24, 170394, Note_on_c, 15, 58, 0
24, 170496, Note_on_c, 15, 60, 101
24, 170906, Note_on_c, 15, 60, 0
24, 171008, Note_on_c, 15, 58, 100
24, 171520, Note_on_c, 15, 58, 0
24, 171520, Note_on_c, 15, 57, 98
24, 171930, Note_on_c, 15, 57, 0
24, 172032, Note_on_c, 15, 57, 97
24, 172851, Note_on_c, 15, 57, 0
24, 173056, Note_on_c, 15, 53, 94
24, 175616, Note_on_c, 15, 53, 0
24, 175616, Note_on_c, 15, 53, 89
24, 176026, Note_on_c, 15, 53, 0
24, 176128, Note_on_c, 15, 53, 89
24, 176538, Note_on_c, 15, 53, 0
24, 176640, Note_on_c, 15, 55, 89
24, 177050, Note_on_c, 15, 55, 0
24, 177152, Note_on_c, 15, 58, 89
24, 177664, Note_on_c, 15, 58, 0
24, 177664, Note_on_c, 15, 57, 89
24, 178074, Note_on_c, 15, 57, 0
24, 178688, Note_on_c, 15, 57, 89
24, 179098, Note_on_c, 15, 57, 0
24, 179200, Note_on_c, 15, 57, 89
24, 179610, Note_on_c, 15, 57, 0
24, 179712, Note_on_c, 15, 58, 89
24, 180122, Note_on_c, 15, 58, 0
24, 180224, Note_on_c, 15, 62, 89
24, 180736, Note_on_c, 15, 62, 0
24, 180736, Note_on_c, 15, 60, 81
24, 181146, Note_on_c, 15, 60, 0
24, 181248, Note_on_c, 15, 60, 72
24, 181760, Note_on_c, 15, 60, 0
24, 181760, Note_on_c, 15, 60, 63
24, 182272, Note_on_c, 15, 60, 0
24, 182272, Note_on_c, 15, 60, 54
24, 182784, Note_on_c, 15, 60, 0
24, 182784, Note_on_c, 15, 62, 46
24, 183296, Note_on_c, 15, 62, 0
24, 183296, Note_on_c, 15, 63, 37
24, 184320, Note_on_c, 15, 63, 0
24, 194560, Note_on_c, 15, 58, 34
24, 199680, Note_on_c, 15, 58, 0
24, 199680, Note_on_c, 15, 59, 28
24, 200704, Note_on_c, 15, 59, 0
24, 200704, Note_on_c, 15, 59, 28
24, 202752, Note_on_c, 15, 59, 0
24, 202752, Note_on_c, 15, 56, 27
24, 203776, Note_on_c, 15, 56, 0
24, 203776, Note_on_c, 15, 54, 27
24, 205824, Note_on_c, 15, 54, 0
24, 205824, Note_on_c, 15, 53, 27
24, 206336, Note_on_c, 15, 53, 0
24, 208896, Note_on_c, 15, 53, 44
24, 209920, Note_on_c, 15, 53, 0
24, 209920, Note_on_c, 15, 56, 49
24, 211968, Note_on_c, 15, 56, 0
24, 211968, Note_on_c, 15, 61, 58
24, 212992, Note_on_c, 15, 61, 0
24, 212992, Note_on_c, 15, 61, 58
24, 213504, Note_on_c, 15, 61, 0
24, 214016, Note_on_c, 15, 54, 68
24, 215552, Note_on_c, 15, 54, 0
24, 215552, Note_on_c, 15, 57, 75
24, 215962, Note_on_c, 15, 57, 0
24, 216064, Note_on_c, 15, 57, 83
24, 217088, Note_on_c, 15, 57, 0
24, 217088, Note_on_c, 15, 48, 82
24, 217344, Note_on_c, 15, 48, 0
24, 217600, Note_on_c, 15, 63, 87
24, 217856, Note_on_c, 15, 63, 0
24, 218112, Note_on_c, 15, 63, 88
24, 218368, Note_on_c, 15, 63, 0
24, 218624, Note_on_c, 15, 61, 89
24, 218880, Note_on_c, 15, 61, 0
24, 219136, Note_on_c, 15, 61, 90
24, 219392, Note_on_c, 15, 61, 0
24, 219648, Note_on_c, 15, 60, 91
24, 219904, Note_on_c, 15, 60, 0
24, 220160, Note_on_c, 15, 60, 92
24, 220416, Note_on_c, 15, 60, 0
24, 220672, Note_on_c, 15, 63, 93
24, 220928, Note_on_c, 15, 63, 0
24, 221184, Note_on_c, 15, 63, 94
24, 221440, Note_on_c, 15, 63, 0
24, 221696, Note_on_c, 15, 64, 95
24, 221952, Note_on_c, 15, 64, 0
24, 222208, Note_on_c, 15, 66, 96
24, 223437, Note_on_c, 15, 66, 0
24, 223744, Note_on_c, 15, 63, 99
24, 224154, Note_on_c, 15, 63, 0
24, 224256, Note_on_c, 15, 60, 100
24, 224666, Note_on_c, 15, 60, 0
24, 224768, Note_on_c, 15, 61, 101
24, 225178, Note_on_c, 15, 61, 0
24, 225280, Note_on_c, 15, 61, 102
24, 226099, Note_on_c, 15, 61, 0
24, 226304, Note_on_c, 15, 56, 95
24, 227123, Note_on_c, 15, 56, 0
24, 245760, Note_on_c, 15, 57, 88
24, 246579, Note_on_c, 15, 57, 0
24, 247808, Note_on_c, 15, 64, 93
24, 248627, Note_on_c, 15, 64, 0
24, 249856, Note_on_c, 15, 62, 89
24, 250368, Note_on_c, 15, 62, 0
24, 250368, Note_on_c, 15, 64, 91
24, 250880, Note_on_c, 15, 64, 0
24, 250880, Note_on_c, 15, 62, 93
24, 251392, Note_on_c, 15, 62, 0
24, 251392, Note_on_c, 15, 61, 95
24, 251802, Note_on_c, 15, 61, 0
24, 253440, Note_on_c, 15, 64, 90
24, 253850, Note_on_c, 15, 64, 0
24, 253952, Note_on_c, 15, 64, 91
24, 254464, Note_on_c, 15, 64, 0
24, 254976, Note_on_c, 15, 55, 93
24, 256512, Note_on_c, 15, 55, 0
24, 256512, Note_on_c, 15, 57, 96
24, 257024, Note_on_c, 15, 57, 0
24, 257024, Note_on_c, 15, 55, 97
24, 258048, Note_on_c, 15, 55, 0
24, 258048, Note_on_c, 15, 54, 99
24, 258867, Note_on_c, 15, 54, 0
24, 259072, Note_on_c, 15, 57, 101
24, 259840, Note_on_c, 15, 57, 0
24, 259840, Note_on_c, 15, 62, 103
24, 260096, Note_on_c, 15, 62, 0
24, 260096, Note_on_c, 15, 62, 103
24, 261632, Note_on_c, 15, 62, 0
24, 261632, Note_on_c, 15, 64, 105
24, 262144, Note_on_c, 15, 64, 0
24, 262144, Note_on_c, 15, 66, 108
24, 262656, Note_on_c, 15, 66, 0
24, 262656, Note_on_c, 15, 64, 106
24, 263168, Note_on_c, 15, 64, 0
24, 263168, Note_on_c, 15, 64, 103
24, 263680, Note_on_c, 15, 64, 0
24, 263680, Note_on_c, 15, 62, 100
24, 264192, Note_on_c, 15, 62, 0
24, 264192, Note_on_c, 15, 62, 98
24, 264704, Note_on_c, 15, 62, 0
24, 264704, Note_on_c, 15, 61, 95
24, 265216, Note_on_c, 15, 61, 0
24, 265216, Note_on_c, 15, 62, 92
24, 265728, Note_on_c, 15, 62, 0
24, 265728, Note_on_c, 15, 57, 93
24, 266240, Note_on_c, 15, 57, 0
24, 266240, Note_on_c, 15, 55, 95
24, 266752, Note_on_c, 15, 55, 0
24, 266752, Note_on_c, 15, 54, 96
24, 267264, Note_on_c, 15, 54, 0
24, 267264, Note_on_c, 15, 54, 98
24, 267776, Note_on_c, 15, 54, 0
24, 267776, Note_on_c, 15, 52, 99
24, 268288, Note_on_c, 15, 52, 0
24, 268288, Note_on_c, 15, 50, 101
24, 268800, Note_on_c, 15, 50, 0
24, 268800, Note_on_c, 15, 48, 102
24, 269312, Note_on_c, 15, 48, 0
24, 269312, Note_on_c, 15, 48, 104
24, 269824, Note_on_c, 15, 48, 0
24, 269824, Note_on_c, 15, 47, 105
24, 270234, Note_on_c, 15, 47, 0
24, 270336, Note_on_c, 15, 55, 107
24, 273920, Note_on_c, 15, 55, 0
24, 273920, Note_on_c, 15, 52, 112
24, 274330, Note_on_c, 15, 52, 0
24, 274432, Note_on_c, 15, 49, 112
24, 274842, Note_on_c, 15, 49, 0
24, 274944, Note_on_c, 15, 50, 113
24, 275354, Note_on_c, 15, 50, 0
24, 275456, Note_on_c, 15, 50, 113
24, 276275, Note_on_c, 15, 50, 0
24, 276480, Note_on_c, 15, 45, 114
24, 277299, Note_on_c, 15, 45, 0
24, 282624, Note_on_c, 15, 54, 31
24, 284672, Note_on_c, 15, 54, 0
24, 284672, Note_on_c, 15, 55, 32
24, 285696, Note_on_c, 15, 55, 0
24, 285696, Note_on_c, 15, 57, 32
24, 286720, Note_on_c, 15, 57, 0
24, 286720, Note_on_c, 15, 57, 33
24, 287744, Note_on_c, 15, 57, 0
24, 287744, Note_on_c, 15, 55, 33
24, 288768, Note_on_c, 15, 55, 0
24, 288768, Note_on_c, 15, 54, 33
24, 289792, Note_on_c, 15, 54, 0
24, 289792, Note_on_c, 15, 52, 34
24, 290816, Note_on_c, 15, 52, 0
24, 290816, Note_on_c, 15, 50, 34
24, 292864, Note_on_c, 15, 50, 0
24, 292864, Note_on_c, 15, 52, 34
24, 293888, Note_on_c, 15, 52, 0
24, 293888, Note_on_c, 15, 54, 33
24, 294912, Note_on_c, 15, 54, 0
24, 294912, Note_on_c, 15, 54, 33
24, 296448, Note_on_c, 15, 54, 0
24, 296448, Note_on_c, 15, 52, 32
24, 296960, Note_on_c, 15, 52, 0
24, 296960, Note_on_c, 15, 52, 31
24, 298598, Note_on_c, 15, 52, 0
24, 299008, Note_on_c, 15, 54, 29
24, 301056, Note_on_c, 15, 54, 0
24, 301056, Note_on_c, 15, 55, 34
24, 302080, Note_on_c, 15, 55, 0
24, 302080, Note_on_c, 15, 57, 36
24, 303104, Note_on_c, 15, 57, 0
24, 303104, Note_on_c, 15, 57, 39
24, 304128, Note_on_c, 15, 57, 0
24, 304128, Note_on_c, 15, 55, 40
24, 305152, Note_on_c, 15, 55, 0
24, 305152, Note_on_c, 15, 54, 39
24, 306176, Note_on_c, 15, 54, 0
24, 306176, Note_on_c, 15, 52, 38
24, 307200, Note_on_c, 15, 52, 0
24, 307200, Note_on_c, 15, 50, 37
24, 309248, Note_on_c, 15, 50, 0
24, 309248, Note_on_c, 15, 52, 35
24, 310272, Note_on_c, 15, 52, 0
24, 310272, Note_on_c, 15, 54, 34
24, 311296, Note_on_c, 15, 54, 0
24, 311296, Note_on_c, 15, 52, 33
24, 312832, Note_on_c, 15, 52, 0
24, 312832, Note_on_c, 15, 50, 31
24, 313344, Note_on_c, 15, 50, 0
24, 313344, Note_on_c, 15, 50, 31
24, 314982, Note_on_c, 15, 50, 0
24, 315392, Note_on_c, 15, 52, 30
24, 317440, Note_on_c, 15, 52, 0
24, 317440, Note_on_c, 15, 54, 31
24, 318464, Note_on_c, 15, 54, 0
24, 318464, Note_on_c, 15, 50, 31
24, 319488, Note_on_c, 15, 50, 0
24, 319488, Note_on_c, 15, 52, 32
24, 320512, Note_on_c, 15, 52, 0
24, 320512, Note_on_c, 15, 54, 32
24, 321024, Note_on_c, 15, 54, 0
24, 321024, Note_on_c, 15, 55, 32
24, 321536, Note_on_c, 15, 55, 0
24, 321536, Note_on_c, 15, 54, 33
24, 322560, Note_on_c, 15, 54, 0
24, 322560, Note_on_c, 15, 50, 33
24, 323584, Note_on_c, 15, 50, 0
24, 323584, Note_on_c, 15, 52, 34
24, 324608, Note_on_c, 15, 52, 0
24, 324608, Note_on_c, 15, 54, 34
24, 325120, Note_on_c, 15, 54, 0
24, 325120, Note_on_c, 15, 55, 35
24, 325632, Note_on_c, 15, 55, 0
24, 325632, Note_on_c, 15, 54, 37
24, 326656, Note_on_c, 15, 54, 0
24, 326656, Note_on_c, 15, 52, 41
24, 327680, Note_on_c, 15, 52, 0
24, 327680, Note_on_c, 15, 50, 45
24, 328704, Note_on_c, 15, 50, 0
24, 328704, Note_on_c, 15, 52, 48
24, 329728, Note_on_c, 15, 52, 0
24, 329728, Note_on_c, 15, 45, 52
24, 330547, Note_on_c, 15, 45, 0
24, 330752, Note_on_c, 15, 54, 50
24, 332800, Note_on_c, 15, 54, 0
24, 332800, Note_on_c, 15, 54, 36
24, 333824, Note_on_c, 15, 54, 0
24, 333824, Note_on_c, 15, 55, 37
24, 334848, Note_on_c, 15, 55, 0
24, 334848, Note_on_c, 15, 57, 38
24, 335872, Note_on_c, 15, 57, 0
24, 335872, Note_on_c, 15, 57, 39
24, 336896, Note_on_c, 15, 57, 0
24, 336896, Note_on_c, 15, 55, 40
24, 337920, Note_on_c, 15, 55, 0
24, 337920, Note_on_c, 15, 54, 38
24, 338944, Note_on_c, 15, 54, 0
24, 338944, Note_on_c, 15, 52, 37
24, 339968, Note_on_c, 15, 52, 0
24, 339968, Note_on_c, 15, 50, 36
24, 342016, Note_on_c, 15, 50, 0
24, 342016, Note_on_c, 15, 52, 34
24, 343040, Note_on_c, 15, 52, 0
24, 343040, Note_on_c, 15, 54, 32
24, 344064, Note_on_c, 15, 54, 0
24, 344064, Note_on_c, 15, 52, 31
24, 345600, Note_on_c, 15, 52, 0
24, 345600, Note_on_c, 15, 50, 29
24, 346112, Note_on_c, 15, 50, 0
24, 346112, Note_on_c, 15, 50, 29
24, 347750, Note_on_c, 15, 50, 0
24, 348160, Note_on_c, 15, 52, 28
24, 350208, Note_on_c, 15, 52, 0
24, 350208, Note_on_c, 15, 54, 30
24, 351232, Note_on_c, 15, 54, 0
24, 351232, Note_on_c, 15, 50, 31
24, 352256, Note_on_c, 15, 50, 0
24, 352256, Note_on_c, 15, 52, 32
24, 353280, Note_on_c, 15, 52, 0
24, 353280, Note_on_c, 15, 54, 33
24, 353792, Note_on_c, 15, 54, 0
24, 353792, Note_on_c, 15, 55, 34
24, 354304, Note_on_c, 15, 55, 0
24, 354304, Note_on_c, 15, 54, 34
24, 355328, Note_on_c, 15, 54, 0
24, 355328, Note_on_c, 15, 50, 35
24, 356352, Note_on_c, 15, 50, 0
24, 356352, Note_on_c, 15, 52, 37
24, 357376, Note_on_c, 15, 52, 0
24, 357376, Note_on_c, 15, 54, 38
24, 357888, Note_on_c, 15, 54, 0
24, 357888, Note_on_c, 15, 55, 38
24, 358400, Note_on_c, 15, 55, 0
24, 358400, Note_on_c, 15, 54, 39
24, 359424, Note_on_c, 15, 54, 0
24, 359424, Note_on_c, 15, 52, 40
24, 360448, Note_on_c, 15, 52, 0
24, 360448, Note_on_c, 15, 50, 41
24, 361472, Note_on_c, 15, 50, 0
24, 361472, Note_on_c, 15, 52, 43
24, 362496, Note_on_c, 15, 52, 0
24, 362496, Note_on_c, 15, 45, 47
24, 363315, Note_on_c, 15, 45, 0
24, 363520, Note_on_c, 15, 54, 51
24, 365568, Note_on_c, 15, 54, 0
24, 365568, Note_on_c, 15, 54, 36
24, 366592, Note_on_c, 15, 54, 0
24, 366592, Note_on_c, 15, 55, 36
24, 367616, Note_on_c, 15, 55, 0
24, 367616, Note_on_c, 15, 57, 36
24, 368640, Note_on_c, 15, 57, 0
24, 368640, Note_on_c, 15, 57, 35
24, 369664, Note_on_c, 15, 57, 0
24, 369664, Note_on_c, 15, 55, 35
24, 370688, Note_on_c, 15, 55, 0
24, 370688, Note_on_c, 15, 54, 34
24, 371712, Note_on_c, 15, 54, 0
24, 371712, Note_on_c, 15, 52, 34
24, 372736, Note_on_c, 15, 52, 0
24, 372736, Note_on_c, 15, 50, 33
24, 374784, Note_on_c, 15, 50, 0
24, 374784, Note_on_c, 15, 52, 32
24, 375808, Note_on_c, 15, 52, 0
24, 375808, Note_on_c, 15, 54, 32
24, 376832, Note_on_c, 15, 54, 0
24, 376832, Note_on_c, 15, 52, 32
24, 378368, Note_on_c, 15, 52, 0
24, 378368, Note_on_c, 15, 50, 31
24, 378880, Note_on_c, 15, 50, 0
24, 378880, Note_on_c, 15, 50, 31
24, 379904, Note_on_c, 15, 50, 0
24, 379904, Note_on_c, 15, 57, 36
24, 380928, Note_on_c, 15, 57, 0
24, 380928, Note_on_c, 15, 66, 41
24, 382976, Note_on_c, 15, 66, 0
24, 382976, Note_on_c, 15, 67, 42
24, 384000, Note_on_c, 15, 67, 0
24, 384000, Note_on_c, 15, 69, 43
24, 385024, Note_on_c, 15, 69, 0
24, 385024, Note_on_c, 15, 69, 43
24, 386048, Note_on_c, 15, 69, 0
24, 386048, Note_on_c, 15, 67, 44
24, 387072, Note_on_c, 15, 67, 0
24, 387072, Note_on_c, 15, 66, 45
24, 388096, Note_on_c, 15, 66, 0
24, 388096, Note_on_c, 15, 64, 46
24, 389120, Note_on_c, 15, 64, 0
24, 389120, Note_on_c, 15, 62, 46
24, 391168, Note_on_c, 15, 62, 0
24, 391168, Note_on_c, 15, 64, 44
24, 392192, Note_on_c, 15, 64, 0
24, 392192, Note_on_c, 15, 66, 43
24, 393216, Note_on_c, 15, 66, 0
24, 393216, Note_on_c, 15, 66, 41
24, 394752, Note_on_c, 15, 66, 0
24, 394752, Note_on_c, 15, 64, 38
24, 395264, Note_on_c, 15, 64, 0
24, 395264, Note_on_c, 15, 64, 38
24, 396902, Note_on_c, 15, 64, 0
24, 397312, Note_on_c, 15, 66, 35
24, 399360, Note_on_c, 15, 66, 0
24, 399360, Note_on_c, 15, 67, 38
24, 400384, Note_on_c, 15, 67, 0
24, 400384, Note_on_c, 15, 69, 39
24, 401408, Note_on_c, 15, 69, 0
24, 401408, Note_on_c, 15, 69, 41
24, 402432, Note_on_c, 15, 69, 0
24, 402432, Note_on_c, 15, 67, 42
24, 403456, Note_on_c, 15, 67, 0
24, 403456, Note_on_c, 15, 66, 43
24, 404480, Note_on_c, 15, 66, 0
24, 404480, Note_on_c, 15, 64, 45
24, 405504, Note_on_c, 15, 64, 0
24, 405504, Note_on_c, 15, 62, 46
24, 407552, Note_on_c, 15, 62, 0
24, 407552, Note_on_c, 15, 64, 43
24, 408576, Note_on_c, 15, 64, 0
24, 408576, Note_on_c, 15, 66, 42
24, 409600, Note_on_c, 15, 66, 0
24, 409600, Note_on_c, 15, 64, 40
24, 411136, Note_on_c, 15, 64, 0
24, 411136, Note_on_c, 15, 62, 38
24, 411648, Note_on_c, 15, 62, 0
24, 411648, Note_on_c, 15, 62, 37
24, 413286, Note_on_c, 15, 62, 0
24, 413696, Note_on_c, 15, 64, 36
24, 415744, Note_on_c, 15, 64, 0
24, 415744, Note_on_c, 15, 66, 38
24, 416768, Note_on_c, 15, 66, 0
24, 416768, Note_on_c, 15, 62, 40
24, 417792, Note_on_c, 15, 62, 0
24, 417792, Note_on_c, 15, 64, 41
24, 418816, Note_on_c, 15, 64, 0
24, 418816, Note_on_c, 15, 66, 42
24, 419328, Note_on_c, 15, 66, 0
24, 419328, Note_on_c, 15, 67, 43
24, 419840, Note_on_c, 15, 67, 0
24, 419840, Note_on_c, 15, 66, 44
24, 420864, Note_on_c, 15, 66, 0
24, 420864, Note_on_c, 15, 62, 45
24, 421888, Note_on_c, 15, 62, 0
24, 421888, Note_on_c, 15, 64, 46
24, 422912, Note_on_c, 15, 64, 0
24, 422912, Note_on_c, 15, 66, 47
24, 423424, Note_on_c, 15, 66, 0
24, 423424, Note_on_c, 15, 67, 48
24, 423936, Note_on_c, 15, 67, 0
24, 423936, Note_on_c, 15, 66, 49
24, 424960, Note_on_c, 15, 66, 0
24, 424960, Note_on_c, 15, 64, 50
24, 425984, Note_on_c, 15, 64, 0
24, 425984, Note_on_c, 15, 62, 48
24, 427008, Note_on_c, 15, 62, 0
24, 427008, Note_on_c, 15, 64, 51
24, 428032, Note_on_c, 15, 64, 0
24, 428032, Note_on_c, 15, 57, 55
24, 428851, Note_on_c, 15, 57, 0
24, 429056, Note_on_c, 15, 66, 59
24, 431104, Note_on_c, 15, 66, 0
24, 431104, Note_on_c, 15, 66, 37
24, 432128, Note_on_c, 15, 66, 0
24, 432128, Note_on_c, 15, 67, 37
24, 433152, Note_on_c, 15, 67, 0
24, 433152, Note_on_c, 15, 69, 38
24, 434176, Note_on_c, 15, 69, 0
24, 434176, Note_on_c, 15, 69, 38
24, 435200, Note_on_c, 15, 69, 0
24, 435200, Note_on_c, 15, 67, 38
24, 436224, Note_on_c, 15, 67, 0
24, 436224, Note_on_c, 15, 66, 39
24, 437248, Note_on_c, 15, 66, 0
24, 437248, Note_on_c, 15, 64, 39
24, 438272, Note_on_c, 15, 64, 0
24, 438272, Note_on_c, 15, 62, 39
24, 440320, Note_on_c, 15, 62, 0
24, 440320, Note_on_c, 15, 64, 36
24, 441344, Note_on_c, 15, 64, 0
24, 441344, Note_on_c, 15, 66, 35
24, 442368, Note_on_c, 15, 66, 0
24, 442368, Note_on_c, 15, 64, 35
24, 443904, Note_on_c, 15, 64, 0
24, 443904, Note_on_c, 15, 62, 34
24, 444416, Note_on_c, 15, 62, 0
24, 444416, Note_on_c, 15, 62, 33
24, 446054, Note_on_c, 15, 62, 0
24, 446464, Note_on_c, 15, 64, 36
24, 448512, Note_on_c, 15, 64, 0
24, 448512, Note_on_c, 15, 66, 38
24, 449536, Note_on_c, 15, 66, 0
24, 449536, Note_on_c, 15, 62, 39
24, 450560, Note_on_c, 15, 62, 0
24, 450560, Note_on_c, 15, 64, 41
24, 451584, Note_on_c, 15, 64, 0
24, 451584, Note_on_c, 15, 66, 42
24, 452096, Note_on_c, 15, 66, 0
24, 452096, Note_on_c, 15, 67, 42
24, 452608, Note_on_c, 15, 67, 0
24, 452608, Note_on_c, 15, 66, 43
24, 453632, Note_on_c, 15, 66, 0
24, 453632, Note_on_c, 15, 62, 44
24, 454656, Note_on_c, 15, 62, 0
24, 454656, Note_on_c, 15, 64, 46
24, 455680, Note_on_c, 15, 64, 0
24, 455680, Note_on_c, 15, 66, 47
24, 456192, Note_on_c, 15, 66, 0
24, 456192, Note_on_c, 15, 67, 47
24, 456704, Note_on_c, 15, 67, 0
24, 456704, Note_on_c, 15, 66, 48
24, 457728, Note_on_c, 15, 66, 0
24, 457728, Note_on_c, 15, 64, 49
24, 458752, Note_on_c, 15, 64, 0
24, 458752, Note_on_c, 15, 62, 50
24, 459776, Note_on_c, 15, 62, 0
24, 459776, Note_on_c, 15, 64, 55
24, 460800, Note_on_c, 15, 64, 0
24, 460800, Note_on_c, 15, 57, 60
24, 461619, Note_on_c, 15, 57, 0
24, 461824, Note_on_c, 15, 66, 65
24, 463872, Note_on_c, 15, 66, 0
24, 463872, Note_on_c, 15, 66, 45
24, 464896, Note_on_c, 15, 66, 0
24, 464896, Note_on_c, 15, 67, 45
24, 465920, Note_on_c, 15, 67, 0
24, 465920, Note_on_c, 15, 69, 46
24, 466944, Note_on_c, 15, 69, 0
24, 466944, Note_on_c, 15, 69, 47
24, 467968, Note_on_c, 15, 69, 0
24, 467968, Note_on_c, 15, 67, 48
24, 468992, Note_on_c, 15, 67, 0
24, 468992, Note_on_c, 15, 66, 49
24, 470016, Note_on_c, 15, 66, 0
24, 470016, Note_on_c, 15, 64, 49
24, 471040, Note_on_c, 15, 64, 0
24, 471040, Note_on_c, 15, 62, 50
24, 473088, Note_on_c, 15, 62, 0
24, 473088, Note_on_c, 15, 64, 49
24, 474112, Note_on_c, 15, 64, 0
24, 474112, Note_on_c, 15, 66, 48
24, 475136, Note_on_c, 15, 66, 0
24, 475136, Note_on_c, 15, 64, 47
24, 476672, Note_on_c, 15, 64, 0
24, 476672, Note_on_c, 15, 62, 45
24, 477184, Note_on_c, 15, 62, 0
24, 477184, Note_on_c, 15, 62, 44
24, 479232, Note_on_c, 15, 62, 0
24, 479232, Note_on_c, 15, 69, 44
24, 481280, Note_on_c, 15, 69, 0
24, 481280, Note_on_c, 15, 62, 45
24, 483328, Note_on_c, 15, 62, 0
24, 483328, Note_on_c, 15, 59, 47
24, 484864, Note_on_c, 15, 59, 0
24, 484864, Note_on_c, 15, 61, 48
24, 485376, Note_on_c, 15, 61, 0
24, 485376, Note_on_c, 15, 62, 49
24, 486400, Note_on_c, 15, 62, 0
24, 486400, Note_on_c, 15, 67, 49
24, 488448, Note_on_c, 15, 67, 0
24, 488448, Note_on_c, 15, 66, 47
24, 489472, Note_on_c, 15, 66, 0
24, 489472, Note_on_c, 15, 64, 46
24, 490496, Note_on_c, 15, 64, 0
24, 490496, Note_on_c, 15, 62, 44
24, 492544, Note_on_c, 15, 62, 0
24, 492544, Note_on_c, 15, 61, 41
24, 493568, Note_on_c, 15, 61, 0
24, 493568, Note_on_c, 15, 59, 40
24, 494592, Note_on_c, 15, 59, 0
24, 494592, Note_on_c, 15, 57, 39
24, 495616, Note_on_c, 15, 57, 0
24, 495616, Note_on_c, 15, 69, 38
24, 497664, Note_on_c, 15, 69, 0
24, 497664, Note_on_c, 15, 62, 42
24, 499712, Note_on_c, 15, 62, 0
24, 499712, Note_on_c, 15, 59, 44
24, 501248, Note_on_c, 15, 59, 0
24, 501248, Note_on_c, 15, 61, 45
24, 501760, Note_on_c, 15, 61, 0
24, 501760, Note_on_c, 15, 62, 46
24, 502784, Note_on_c, 15, 62, 0
24, 502784, Note_on_c, 15, 67, 46
24, 504832, Note_on_c, 15, 67, 0
24, 504832, Note_on_c, 15, 66, 48
24, 505344, Note_on_c, 15, 66, 0
24, 505344, Note_on_c, 15, 64, 48
24, 505856, Note_on_c, 15, 64, 0
24, 505856, Note_on_c, 15, 62, 48
24, 506368, Note_on_c, 15, 62, 0
24, 506368, Note_on_c, 15, 61, 48
24, 506880, Note_on_c, 15, 61, 0
24, 506880, Note_on_c, 15, 59, 48
24, 507392, Note_on_c, 15, 59, 0
24, 507392, Note_on_c, 15, 57, 48
24, 507904, Note_on_c, 15, 57, 0
24, 507904, Note_on_c, 15, 55, 48
24, 508928, Note_on_c, 15, 55, 0
24, 508928, Note_on_c, 15, 57, 47
24, 509952, Note_on_c, 15, 57, 0
24, 509952, Note_on_c, 15, 54, 47
24, 510771, Note_on_c, 15, 54, 0
24, 510976, Note_on_c, 15, 66, 47
24, 512000, Note_on_c, 15, 66, 0
24, 512000, Note_on_c, 15, 67, 48
24, 514048, Note_on_c, 15, 67, 0
24, 514048, Note_on_c, 15, 69, 51
24, 515072, Note_on_c, 15, 69, 0
24, 515072, Note_on_c, 15, 59, 53
24, 516096, Note_on_c, 15, 59, 0
24, 516096, Note_on_c, 15, 61, 55
24, 518144, Note_on_c, 15, 61, 0
24, 518144, Note_on_c, 15, 62, 59
24, 519168, Note_on_c, 15, 62, 0
24, 519168, Note_on_c, 15, 64, 61
24, 519680, Note_on_c, 15, 64, 0
24, 519680, Note_on_c, 15, 66, 62
24, 520192, Note_on_c, 15, 66, 0
24, 520192, Note_on_c, 15, 67, 63
24, 522240, Note_on_c, 15, 67, 0
24, 522240, Note_on_c, 15, 69, 67
24, 522752, Note_on_c, 15, 69, 0
24, 522752, Note_on_c, 15, 57, 68
24, 523264, Note_on_c, 15, 57, 0
24, 523264, Note_on_c, 15, 58, 69
24, 524288, Note_on_c, 15, 58, 0
24, 524288, Note_on_c, 15, 59, 71
24, 525312, Note_on_c, 15, 59, 0
24, 525312, Note_on_c, 15, 61, 73
24, 527360, Note_on_c, 15, 61, 0
24, 527360, Note_on_c, 15, 62, 84
24, 528384, Note_on_c, 15, 62, 0
24, 528384, Note_on_c, 15, 69, 55
24, 530432, Note_on_c, 15, 69, 0
24, 530432, Note_on_c, 15, 60, 54
24, 532480, Note_on_c, 15, 60, 0
24, 532480, Note_on_c, 15, 59, 56
24, 534016, Note_on_c, 15, 59, 0
24, 534016, Note_on_c, 15, 61, 57
24, 534528, Note_on_c, 15, 61, 0
24, 534528, Note_on_c, 15, 62, 58
24, 535552, Note_on_c, 15, 62, 0
24, 535552, Note_on_c, 15, 67, 59
24, 537600, Note_on_c, 15, 67, 0
24, 537600, Note_on_c, 15, 66, 61
24, 538112, Note_on_c, 15, 66, 0
24, 538112, Note_on_c, 15, 64, 60
24, 538624, Note_on_c, 15, 64, 0
24, 538624, Note_on_c, 15, 62, 59
24, 539136, Note_on_c, 15, 62, 0
24, 539136, Note_on_c, 15, 61, 58
24, 539648, Note_on_c, 15, 61, 0
24, 539648, Note_on_c, 15, 59, 57
24, 540160, Note_on_c, 15, 59, 0
24, 540160, Note_on_c, 15, 57, 56
24, 540672, Note_on_c, 15, 57, 0
24, 540672, Note_on_c, 15, 55, 57
24, 541696, Note_on_c, 15, 55, 0
24, 541696, Note_on_c, 15, 57, 57
24, 542720, Note_on_c, 15, 57, 0
24, 542720, Note_on_c, 15, 54, 57
24, 543539, Note_on_c, 15, 54, 0
24, 543744, Note_on_c, 15, 66, 57
24, 544768, Note_on_c, 15, 66, 0
24, 544768, Note_on_c, 15, 67, 57
24, 546816, Note_on_c, 15, 67, 0
24, 546816, Note_on_c, 15, 69, 58
24, 547840, Note_on_c, 15, 69, 0
24, 547840, Note_on_c, 15, 59, 60
24, 548864, Note_on_c, 15, 59, 0
24, 548864, Note_on_c, 15, 61, 62
24, 550912, Note_on_c, 15, 61, 0
24, 550912, Note_on_c, 15, 62, 65
24, 551936, Note_on_c, 15, 62, 0
24, 551936, Note_on_c, 15, 64, 67
24, 552448, Note_on_c, 15, 64, 0
24, 552448, Note_on_c, 15, 66, 68
24, 552960, Note_on_c, 15, 66, 0
24, 552960, Note_on_c, 15, 67, 68
24, 555008, Note_on_c, 15, 67, 0
24, 555008, Note_on_c, 15, 69, 72
24, 555520, Note_on_c, 15, 69, 0
24, 555520, Note_on_c, 15, 57, 73
24, 556032, Note_on_c, 15, 57, 0
24, 556032, Note_on_c, 15, 58, 73
24, 557056, Note_on_c, 15, 58, 0
24, 557056, Note_on_c, 15, 59, 75
24, 558080, Note_on_c, 15, 59, 0
24, 558080, Note_on_c, 15, 61, 80
24, 560128, Note_on_c, 15, 61, 0
24, 560128, Note_on_c, 15, 62, 92
24, 561152, Note_on_c, 15, 62, 0
24, 561152, Note_on_c, 15, 69, 71
24, 563200, Note_on_c, 15, 69, 0
24, 563200, Note_on_c, 15, 60, 73
24, 565248, Note_on_c, 15, 60, 0
24, 565248, Note_on_c, 15, 59, 75
24, 566784, Note_on_c, 15, 59, 0
24, 566784, Note_on_c, 15, 61, 77
24, 567296, Note_on_c, 15, 61, 0
24, 567296, Note_on_c, 15, 62, 77
24, 568320, Note_on_c, 15, 62, 0
24, 568320, Note_on_c, 15, 67, 79
24, 570368, Note_on_c, 15, 67, 0
24, 570368, Note_on_c, 15, 66, 81
24, 570880, Note_on_c, 15, 66, 0
24, 570880, Note_on_c, 15, 64, 81
24, 571392, Note_on_c, 15, 64, 0
24, 571392, Note_on_c, 15, 62, 82
24, 571904, Note_on_c, 15, 62, 0
24, 571904, Note_on_c, 15, 61, 82
24, 572416, Note_on_c, 15, 61, 0
24, 572416, Note_on_c, 15, 59, 82
24, 572928, Note_on_c, 15, 59, 0
24, 572928, Note_on_c, 15, 57, 82
24, 573440, Note_on_c, 15, 57, 0
24, 573440, Note_on_c, 15, 55, 82
24, 574464, Note_on_c, 15, 55, 0
24, 574464, Note_on_c, 15, 57, 82
24, 575488, Note_on_c, 15, 57, 0
24, 575488, Note_on_c, 15, 54, 82
24, 576000, Note_on_c, 15, 54, 0
24, 576000, Note_on_c, 15, 55, 82
24, 576512, Note_on_c, 15, 55, 0
24, 576512, Note_on_c, 15, 54, 85
24, 577024, Note_on_c, 15, 54, 0
24, 577024, Note_on_c, 15, 52, 91
24, 577536, Note_on_c, 15, 52, 0
24, 577536, Note_on_c, 15, 62, 98
24, 578048, Note_on_c, 15, 62, 0
24, 579072, Note_on_c, 15, 50, 99
24, 579482, Note_on_c, 15, 50, 0
24, 579584, Note_on_c, 15, 62, 99
24, 580096, Note_on_c, 15, 62, 0
24, 581120, Note_on_c, 15, 50, 99
24, 581530, Note_on_c, 15, 50, 0
24, 581632, Note_on_c, 15, 57, 99
24, 582144, Note_on_c, 15, 57, 0
24, 583168, Note_on_c, 15, 45, 99
24, 583578, Note_on_c, 15, 45, 0
24, 583680, Note_on_c, 15, 57, 99
24, 584192, Note_on_c, 15, 57, 0
24, 585216, Note_on_c, 15, 45, 99
24, 585626, Note_on_c, 15, 45, 0
24, 585728, Note_on_c, 15, 50, 99
24, 586240, Note_on_c, 15, 50, 0
24, 588800, Note_on_c, 15, 50, 99
24, 589312, Note_on_c, 15, 50, 0
24, 589824, Note_on_c, 15, 57, 99
24, 590336, Note_on_c, 15, 57, 0
24, 591872, Note_on_c, 15, 45, 99
24, 592384, Note_on_c, 15, 45, 0
24, 593920, Note_on_c, 15, 62, 99
24, 594432, Note_on_c, 15, 62, 0
24, 595456, Note_on_c, 15, 50, 99
24, 595866, Note_on_c, 15, 50, 0
24, 595968, Note_on_c, 15, 62, 99
24, 596480, Note_on_c, 15, 62, 0
24, 597504, Note_on_c, 15, 50, 99
24, 597914, Note_on_c, 15, 50, 0
24, 598016, Note_on_c, 15, 57, 99
24, 598528, Note_on_c, 15, 57, 0
24, 599552, Note_on_c, 15, 45, 99
24, 599962, Note_on_c, 15, 45, 0
24, 600064, Note_on_c, 15, 57, 99
24, 600576, Note_on_c, 15, 57, 0
24, 601600, Note_on_c, 15, 45, 99
24, 602010, Note_on_c, 15, 45, 0
24, 602112, Note_on_c, 15, 50, 99
24, 602624, Note_on_c, 15, 50, 0
24, 605184, Note_on_c, 15, 50, 99
24, 605696, Note_on_c, 15, 50, 0
24, 606208, Note_on_c, 15, 45, 99
24, 606720, Note_on_c, 15, 45, 0
24, 608256, Note_on_c, 15, 50, 99
24, 608768, Note_on_c, 15, 50, 0
24, 610304, Note_on_c, 15, 45, 98
24, 610816, Note_on_c, 15, 45, 0
24, 611840, Note_on_c, 15, 45, 98
24, 612250, Note_on_c, 15, 45, 0
24, 612352, Note_on_c, 15, 57, 98
24, 612864, Note_on_c, 15, 57, 0
24, 613376, Note_on_c, 15, 50, 98
24, 613888, Note_on_c, 15, 50, 0
24, 614400, Note_on_c, 15, 45, 98
24, 614912, Note_on_c, 15, 45, 0
24, 615936, Note_on_c, 15, 45, 98
24, 616346, Note_on_c, 15, 45, 0
24, 616448, Note_on_c, 15, 57, 97
24, 616960, Note_on_c, 15, 57, 0
24, 617472, Note_on_c, 15, 50, 97
24, 617984, Note_on_c, 15, 50, 0
24, 618496, Note_on_c, 15, 45, 97
24, 619008, Note_on_c, 15, 45, 0
24, 620032, Note_on_c, 15, 57, 97
24, 620442, Note_on_c, 15, 57, 0
24, 620544, Note_on_c, 15, 58, 97
24, 620954, Note_on_c, 15, 58, 0
24, 621568, Note_on_c, 15, 54, 100
24, 621978, Note_on_c, 15, 54, 0
24, 622592, Note_on_c, 15, 59, 101
24, 623002, Note_on_c, 15, 59, 0
24, 623616, Note_on_c, 15, 52, 103
24, 624026, Note_on_c, 15, 52, 0
24, 624640, Note_on_c, 15, 57, 104
24, 625050, Note_on_c, 15, 57, 0
24, 625664, Note_on_c, 15, 45, 101
24, 626074, Note_on_c, 15, 45, 0
24, 626688, Note_on_c, 15, 62, 101
24, 627200, Note_on_c, 15, 62, 0
24, 628224, Note_on_c, 15, 50, 101
24, 628634, Note_on_c, 15, 50, 0
24, 628736, Note_on_c, 15, 62, 101
24, 629248, Note_on_c, 15, 62, 0
24, 630272, Note_on_c, 15, 50, 101
24, 630682, Note_on_c, 15, 50, 0
24, 630784, Note_on_c, 15, 57, 101
24, 631296, Note_on_c, 15, 57, 0
24, 632320, Note_on_c, 15, 45, 101
24, 632730, Note_on_c, 15, 45, 0
24, 632832, Note_on_c, 15, 57, 101
24, 633344, Note_on_c, 15, 57, 0
24, 634368, Note_on_c, 15, 45, 101
24, 634778, Note_on_c, 15, 45, 0
24, 634880, Note_on_c, 15, 50, 101
24, 635392, Note_on_c, 15, 50, 0
24, 637952, Note_on_c, 15, 50, 101
24, 638464, Note_on_c, 15, 50, 0
24, 638976, Note_on_c, 15, 45, 101
24, 639488, Note_on_c, 15, 45, 0
24, 641024, Note_on_c, 15, 50, 101
24, 641536, Note_on_c, 15, 50, 0
24, 643072, Note_on_c, 15, 45, 98
24, 643584, Note_on_c, 15, 45, 0
24, 644608, Note_on_c, 15, 45, 98
24, 645018, Note_on_c, 15, 45, 0
24, 645120, Note_on_c, 15, 57, 98
24, 645632, Note_on_c, 15, 57, 0
24, 646144, Note_on_c, 15, 50, 98
24, 646656, Note_on_c, 15, 50, 0
24, 647168, Note_on_c, 15, 45, 99
24, 647680, Note_on_c, 15, 45, 0
24, 648704, Note_on_c, 15, 45, 99
24, 649114, Note_on_c, 15, 45, 0
24, 649216, Note_on_c, 15, 57, 99
24, 649728, Note_on_c, 15, 57, 0
24, 650240, Note_on_c, 15, 50, 100
24, 650752, Note_on_c, 15, 50, 0
24, 651264, Note_on_c, 15, 45, 100
24, 651776, Note_on_c, 15, 45, 0
24, 652800, Note_on_c, 15, 57, 100
24, 653210, Note_on_c, 15, 57, 0
24, 653312, Note_on_c, 15, 58, 100
24, 653722, Note_on_c, 15, 58, 0
24, 654336, Note_on_c, 15, 54, 100
24, 654746, Note_on_c, 15, 54, 0
24, 655360, Note_on_c, 15, 59, 101
24, 655770, Note_on_c, 15, 59, 0
24, 656384, Note_on_c, 15, 52, 102
24, 656794, Note_on_c, 15, 52, 0
24, 657408, Note_on_c, 15, 57, 103
24, 657818, Note_on_c, 15, 57, 0
24, 658432, Note_on_c, 15, 45, 101
24, 658842, Note_on_c, 15, 45, 0
24, 659456, Note_on_c, 15, 62, 101
24, 659968, Note_on_c, 15, 62, 0
24, 660992, Note_on_c, 15, 50, 101
24, 661402, Note_on_c, 15, 50, 0
24, 661504, Note_on_c, 15, 62, 101
24, 662016, Note_on_c, 15, 62, 0
24, 663040, Note_on_c, 15, 50, 100
24, 663450, Note_on_c, 15, 50, 0
24, 663552, Note_on_c, 15, 57, 100
24, 664064, Note_on_c, 15, 57, 0
24, 665088, Note_on_c, 15, 45, 100
24, 665498, Note_on_c, 15, 45, 0
24, 665600, Note_on_c, 15, 57, 100
24, 666112, Note_on_c, 15, 57, 0
24, 667136, Note_on_c, 15, 45, 100
24, 667546, Note_on_c, 15, 45, 0
24, 667648, Note_on_c, 15, 50, 99
24, 668160, Note_on_c, 15, 50, 0
24, 670720, Note_on_c, 15, 50, 99
24, 671232, Note_on_c, 15, 50, 0
24, 671744, Note_on_c, 15, 45, 99
24, 672256, Note_on_c, 15, 45, 0
24, 673792, Note_on_c, 15, 50, 83
24, 674304, Note_on_c, 15, 50, 0
24, 675328, Note_on_c, 15, 50, 83
24, 675738, Note_on_c, 15, 50, 0
24, 675840, Note_on_c, 15, 62, 83
24, 676352, Note_on_c, 15, 62, 0
24, 677376, Note_on_c, 15, 50, 83
24, 677786, Note_on_c, 15, 50, 0
24, 677888, Note_on_c, 15, 62, 83
24, 678400, Note_on_c, 15, 62, 0
24, 679424, Note_on_c, 15, 50, 83
24, 679834, Note_on_c, 15, 50, 0
24, 679936, Note_on_c, 15, 55, 83
24, 680448, Note_on_c, 15, 55, 0
24, 681472, Note_on_c, 15, 43, 83
24, 681882, Note_on_c, 15, 43, 0
24, 681984, Note_on_c, 15, 55, 83
24, 682496, Note_on_c, 15, 55, 0
24, 683520, Note_on_c, 15, 55, 83
24, 683930, Note_on_c, 15, 55, 0
24, 684032, Note_on_c, 15, 67, 83
24, 684544, Note_on_c, 15, 67, 0
24, 685568, Note_on_c, 15, 55, 83
24, 685978, Note_on_c, 15, 55, 0
24, 686080, Note_on_c, 15, 69, 83
24, 686592, Note_on_c, 15, 69, 0
24, 687616, Note_on_c, 15, 57, 83
24, 688026, Note_on_c, 15, 57, 0
24, 688128, Note_on_c, 15, 62, 83
24, 688640, Note_on_c, 15, 62, 0
24, 689664, Note_on_c, 15, 50, 83
24, 690074, Note_on_c, 15, 50, 0
24, 690176, Note_on_c, 15, 66, 83
24, 690688, Note_on_c, 15, 66, 0
24, 691712, Note_on_c, 15, 54, 83
24, 692122, Note_on_c, 15, 54, 0
24, 692224, Note_on_c, 15, 67, 83
24, 692736, Note_on_c, 15, 67, 0
24, 693760, Note_on_c, 15, 55, 83
24, 694170, Note_on_c, 15, 55, 0
24, 694272, Note_on_c, 15, 69, 83
24, 694784, Note_on_c, 15, 69, 0
24, 695808, Note_on_c, 15, 57, 83
24, 696218, Note_on_c, 15, 57, 0
24, 696320, Note_on_c, 15, 58, 83
24, 696832, Note_on_c, 15, 58, 0
24, 697856, Note_on_c, 15, 46, 83
24, 698266, Note_on_c, 15, 46, 0
24, 698368, Note_on_c, 15, 59, 83
24, 698880, Note_on_c, 15, 59, 0
24, 699904, Note_on_c, 15, 47, 83
24, 700314, Note_on_c, 15, 47, 0
24, 700416, Note_on_c, 15, 60, 82
24, 700928, Note_on_c, 15, 60, 0
24, 701952, Note_on_c, 15, 48, 84
24, 702362, Note_on_c, 15, 48, 0
24, 702464, Note_on_c, 15, 61, 85
24, 702976, Note_on_c, 15, 61, 0
24, 704000, Note_on_c, 15, 49, 88
24, 704410, Note_on_c, 15, 49, 0
24, 704512, Note_on_c, 15, 61, 88
24, 705024, Note_on_c, 15, 61, 0
24, 706048, Note_on_c, 15, 49, 91
24, 706458, Note_on_c, 15, 49, 0
24, 706560, Note_on_c, 15, 62, 92
24, 707072, Note_on_c, 15, 62, 0
24, 708096, Note_on_c, 15, 63, 94
24, 708506, Note_on_c, 15, 63, 0
24, 708608, Note_on_c, 15, 64, 95
24, 709120, Note_on_c, 15, 64, 0
24, 710144, Note_on_c, 15, 65, 98
24, 710554, Note_on_c, 15, 65, 0
24, 710656, Note_on_c, 15, 66, 99
24, 711168, Note_on_c, 15, 66, 0
24, 712192, Note_on_c, 15, 66, 101
24, 712602, Note_on_c, 15, 66, 0
24, 712704, Note_on_c, 15, 68, 102
24, 713216, Note_on_c, 15, 68, 0
24, 714240, Note_on_c, 15, 56, 103
24, 714650, Note_on_c, 15, 56, 0
24, 714752, Note_on_c, 15, 68, 103
24, 715264, Note_on_c, 15, 68, 0
24, 716288, Note_on_c, 15, 56, 103
24, 716698, Note_on_c, 15, 56, 0
24, 716800, Note_on_c, 15, 68, 103
24, 717312, Note_on_c, 15, 68, 0
24, 718336, Note_on_c, 15, 56, 103
24, 718746, Note_on_c, 15, 56, 0
24, 718848, Note_on_c, 15, 68, 103
24, 719360, Note_on_c, 15, 68, 0
24, 720384, Note_on_c, 15, 56, 103
24, 720794, Note_on_c, 15, 56, 0
24, 720896, Note_on_c, 15, 57, 103
24, 722432, Note_on_c, 15, 57, 0
24, 722432, Note_on_c, 15, 59, 103
24, 722688, Note_on_c, 15, 59, 0
24, 722688, Note_on_c, 15, 61, 103
24, 722944, Note_on_c, 15, 61, 0
24, 722944, Note_on_c, 15, 62, 103
24, 724480, Note_on_c, 15, 62, 0
24, 724480, Note_on_c, 15, 61, 103
24, 724736, Note_on_c, 15, 61, 0
24, 724736, Note_on_c, 15, 59, 103
24, 724992, Note_on_c, 15, 59, 0
24, 724992, Note_on_c, 15, 61, 103
24, 725504, Note_on_c, 15, 61, 0
24, 725504, Note_on_c, 15, 59, 103
24, 725760, Note_on_c, 15, 59, 0
24, 725760, Note_on_c, 15, 57, 103
24, 726016, Note_on_c, 15, 57, 0
24, 726016, Note_on_c, 15, 55, 103
24, 726272, Note_on_c, 15, 55, 0
24, 726528, Note_on_c, 15, 54, 103
24, 726784, Note_on_c, 15, 54, 0
24, 727040, Note_on_c, 15, 54, 105
24, 727296, Note_on_c, 15, 54, 0
24, 727552, Note_on_c, 15, 53, 107
24, 727808, Note_on_c, 15, 53, 0
24, 728064, Note_on_c, 15, 52, 109
24, 728320, Note_on_c, 15, 52, 0
24, 728576, Note_on_c, 15, 52, 111
24, 728832, Note_on_c, 15, 52, 0
24, 729088, Note_on_c, 15, 57, 113
24, 730726, Note_on_c, 15, 57, 0
24, 731136, Note_on_c, 15, 52, 114
24, 731648, Note_on_c, 15, 52, 0
24, 732160, Note_on_c, 15, 52, 114
24, 732672, Note_on_c, 15, 52, 0
24, 733184, Note_on_c, 15, 45, 114
24, 733440, Note_on_c, 15, 45, 0
24, 733696, Note_on_c, 15, 45, 114
24, 733952, Note_on_c, 15, 45, 0
24, 733952, Note_on_c, 15, 47, 114
24, 734208, Note_on_c, 15, 47, 0
24, 734208, Note_on_c, 15, 49, 114
24, 734464, Note_on_c, 15, 49, 0
24, 734720, Note_on_c, 15, 49, 114
24, 734976, Note_on_c, 15, 49, 0
24, 734976, Note_on_c, 15, 50, 114
24, 735232, Note_on_c, 15, 50, 0
24, 735232, Note_on_c, 15, 52, 114
24, 735488, Note_on_c, 15, 52, 0
24, 735744, Note_on_c, 15, 52, 114
24, 736000, Note_on_c, 15, 52, 0
24, 736000, Note_on_c, 15, 54, 114
24, 736256, Note_on_c, 15, 54, 0
24, 736256, Note_on_c, 15, 56, 114
24, 736512, Note_on_c, 15, 56, 0
24, 736768, Note_on_c, 15, 52, 106
24, 736939, Note_on_c, 15, 52, 0
24, 736939, Note_on_c, 15, 54, 98
24, 737109, Note_on_c, 15, 54, 0
24, 737109, Note_on_c, 15, 56, 90
24, 737280, Note_on_c, 15, 56, 0
24, 744960, Note_on_c, 15, 54, 43
24, 747520, Note_on_c, 15, 54, 0
24, 747520, Note_on_c, 15, 56, 33
24, 748032, Note_on_c, 15, 56, 0
24, 748032, Note_on_c, 15, 58, 32
24, 749056, Note_on_c, 15, 58, 0
24, 749056, Note_on_c, 15, 56, 30
24, 749312, Note_on_c, 15, 56, 0
24, 749568, Note_on_c, 15, 56, 98
24, 750080, Note_on_c, 15, 56, 0
24, 750080, Note_on_c, 15, 57, 102
24, 750592, Note_on_c, 15, 57, 0
24, 750592, Note_on_c, 15, 61, 105
24, 750848, Note_on_c, 15, 61, 0
24, 751104, Note_on_c, 15, 66, 105
24, 751360, Note_on_c, 15, 66, 0
24, 751616, Note_on_c, 15, 63, 105
24, 751872, Note_on_c, 15, 63, 0
24, 752128, Note_on_c, 15, 64, 105
24, 753152, Note_on_c, 15, 64, 0
24, 753152, Note_on_c, 15, 52, 105
24, 753664, Note_on_c, 15, 52, 0
24, 755200, Note_on_c, 15, 52, 105
24, 755712, Note_on_c, 15, 52, 0
24, 757248, Note_on_c, 15, 57, 116
24, 757760, Note_on_c, 15, 57, 0
24, 760320, Note_on_c, 15, 41, 116
24, 762573, Note_on_c, 15, 41, 0
24, 762880, Note_on_c, 15, 57, 108
24, 763136, Note_on_c, 15, 57, 0
24, 763392, Note_on_c, 15, 57, 106
24, 763648, Note_on_c, 15, 57, 0
24, 763904, Note_on_c, 15, 62, 104
24, 764160, Note_on_c, 15, 62, 0
24, 764416, Note_on_c, 15, 62, 102
24, 764672, Note_on_c, 15, 62, 0
24, 764928, Note_on_c, 15, 53, 101
24, 765184, Note_on_c, 15, 53, 0
24, 765440, Note_on_c, 15, 53, 102
24, 765696, Note_on_c, 15, 53, 0
24, 765952, Note_on_c, 15, 57, 102
24, 766208, Note_on_c, 15, 57, 0
24, 766464, Note_on_c, 15, 57, 103
24, 766720, Note_on_c, 15, 57, 0
24, 766976, Note_on_c, 15, 50, 103
24, 767232, Note_on_c, 15, 50, 0
24, 767488, Note_on_c, 15, 50, 104
24, 767744, Note_on_c, 15, 50, 0
24, 768000, Note_on_c, 15, 65, 104
24, 768256, Note_on_c, 15, 65, 0
24, 768512, Note_on_c, 15, 65, 105
24, 768768, Note_on_c, 15, 65, 0
24, 769024, Note_on_c, 15, 57, 106
24, 769280, Note_on_c, 15, 57, 0
24, 769536, Note_on_c, 15, 57, 106
24, 769792, Note_on_c, 15, 57, 0
24, 770048, Note_on_c, 15, 62, 107
24, 770304, Note_on_c, 15, 62, 0
24, 770560, Note_on_c, 15, 62, 107
24, 770816, Note_on_c, 15, 62, 0
24, 771072, Note_on_c, 15, 53, 108
24, 771328, Note_on_c, 15, 53, 0
24, 771584, Note_on_c, 15, 53, 109
24, 771840, Note_on_c, 15, 53, 0
24, 772096, Note_on_c, 15, 57, 109
24, 772352, Note_on_c, 15, 57, 0
24, 772608, Note_on_c, 15, 57, 110
24, 772864, Note_on_c, 15, 57, 0
24, 773120, Note_on_c, 15, 50, 110
24, 773376, Note_on_c, 15, 50, 0
24, 773632, Note_on_c, 15, 50, 111
24, 773888, Note_on_c, 15, 50, 0
24, 774144, Note_on_c, 15, 62, 112
24, 774400, Note_on_c, 15, 62, 0
24, 774656, Note_on_c, 15, 62, 112
24, 774912, Note_on_c, 15, 62, 0
24, 775168, Note_on_c, 15, 60, 113
24, 775424, Note_on_c, 15, 60, 0
24, 775680, Note_on_c, 15, 60, 113
24, 775936, Note_on_c, 15, 60, 0
24, 776192, Note_on_c, 15, 59, 114
24, 776448, Note_on_c, 15, 59, 0
24, 776704, Note_on_c, 15, 59, 115
24, 776960, Note_on_c, 15, 59, 0
24, 777216, Note_on_c, 15, 58, 115
24, 777472, Note_on_c, 15, 58, 0
24, 777728, Note_on_c, 15, 58, 116
24, 777984, Note_on_c, 15, 58, 0
24, 778240, Note_on_c, 15, 46, 116
24, 778496, Note_on_c, 15, 46, 0
24, 778752, Note_on_c, 15, 46, 117
24, 779008, Note_on_c, 15, 46, 0
24, 779264, Note_on_c, 15, 46, 117
24, 779520, Note_on_c, 15, 46, 0
24, 779776, Note_on_c, 15, 46, 118
24, 780288, Note_on_c, 15, 46, 0
24, 780800, Note_on_c, 15, 45, 120
24, 781312, Note_on_c, 15, 45, 0
24, 800256, Note_on_c, 15, 62, 34
24, 801280, Note_on_c, 15, 62, 0
24, 801280, Note_on_c, 15, 60, 33
24, 803328, Note_on_c, 15, 60, 0
24, 803328, Note_on_c, 15, 59, 30
24, 804352, Note_on_c, 15, 59, 0
24, 804352, Note_on_c, 15, 53, 29
24, 806400, Note_on_c, 15, 53, 0
24, 806400, Note_on_c, 15, 52, 27
24, 823808, Note_on_c, 15, 52, 0
24, 825856, Note_on_c, 15, 55, 100
24, 826368, Note_on_c, 15, 55, 0
24, 826880, Note_on_c, 15, 54, 102
24, 827136, Note_on_c, 15, 54, 0
24, 827392, Note_on_c, 15, 54, 102
24, 827648, Note_on_c, 15, 54, 0
24, 827904, Note_on_c, 15, 66, 103
24, 828416, Note_on_c, 15, 66, 0
24, 840192, Note_on_c, 15, 55, 53
24, 840602, Note_on_c, 15, 55, 0
24, 841216, Note_on_c, 15, 67, 88
24, 841626, Note_on_c, 15, 67, 0
24, 847360, Note_on_c, 15, 57, 106
24, 847872, Note_on_c, 15, 57, 0
24, 848384, Program_c, 15, 45
24, 855040, Note_on_c, 15, 45, 48
24, 856064, Note_on_c, 15, 45, 0
24, 856064, Note_on_c, 15, 45, 45
24, 857088, Note_on_c, 15, 45, 0
24, 863232, Note_on_c, 15, 45, 49
24, 864256, Note_on_c, 15, 45, 0
24, 864256, Note_on_c, 15, 45, 43
24, 865280, Note_on_c, 15, 45, 0
24, 865280, Note_on_c, 15, 54, 37
24, 866304, Note_on_c, 15, 54, 0
24, 866304, Note_on_c, 15, 54, 34
24, 867328, Note_on_c, 15, 54, 0
24, 867328, Note_on_c, 15, 55, 34
24, 868352, Note_on_c, 15, 55, 0
24, 868352, Note_on_c, 15, 57, 34
24, 869376, Note_on_c, 15, 57, 0
24, 869376, Note_on_c, 15, 57, 34
24, 870400, Note_on_c, 15, 57, 0
24, 870400, Note_on_c, 15, 55, 34
24, 871424, Note_on_c, 15, 55, 0
24, 871424, Note_on_c, 15, 54, 34
24, 872448, Note_on_c, 15, 54, 0
24, 872448, Note_on_c, 15, 52, 34
24, 873472, Note_on_c, 15, 52, 0
24, 873472, Note_on_c, 15, 50, 34
24, 874496, Note_on_c, 15, 50, 0
24, 874496, Note_on_c, 15, 50, 34
24, 875520, Note_on_c, 15, 50, 0
24, 875520, Note_on_c, 15, 52, 34
24, 876544, Note_on_c, 15, 52, 0
24, 876544, Note_on_c, 15, 54, 34
24, 877568, Note_on_c, 15, 54, 0
24, 877568, Note_on_c, 15, 54, 34
24, 878592, Note_on_c, 15, 54, 0
24, 879616, Note_on_c, 15, 52, 34
24, 880640, Note_on_c, 15, 52, 0
24, 881664, Note_on_c, 15, 54, 34
24, 882688, Note_on_c, 15, 54, 0
24, 882688, Note_on_c, 15, 54, 34
24, 883712, Note_on_c, 15, 54, 0
24, 883712, Note_on_c, 15, 55, 34
24, 884736, Note_on_c, 15, 55, 0
24, 884736, Note_on_c, 15, 57, 34
24, 885760, Note_on_c, 15, 57, 0
24, 885760, Note_on_c, 15, 57, 34
24, 886784, Note_on_c, 15, 57, 0
24, 886784, Note_on_c, 15, 55, 34
24, 887808, Note_on_c, 15, 55, 0
24, 887808, Note_on_c, 15, 54, 34
24, 888832, Note_on_c, 15, 54, 0
24, 888832, Note_on_c, 15, 52, 34
24, 889856, Note_on_c, 15, 52, 0
24, 889856, Note_on_c, 15, 50, 34
24, 890880, Note_on_c, 15, 50, 0
24, 890880, Note_on_c, 15, 50, 34
24, 891904, Note_on_c, 15, 50, 0
24, 891904, Note_on_c, 15, 52, 34
24, 892928, Note_on_c, 15, 52, 0
24, 892928, Note_on_c, 15, 54, 34
24, 893952, Note_on_c, 15, 54, 0
24, 893952, Note_on_c, 15, 52, 34
24, 894976, Note_on_c, 15, 52, 0
24, 896000, Note_on_c, 15, 50, 34
24, 897024, Note_on_c, 15, 50, 0
24, 898048, Note_on_c, 15, 52, 34
24, 899072, Note_on_c, 15, 52, 0
24, 899072, Note_on_c, 15, 52, 35
24, 900096, Note_on_c, 15, 52, 0
24, 900096, Note_on_c, 15, 54, 36
24, 901120, Note_on_c, 15, 54, 0
24, 901120, Note_on_c, 15, 50, 37
24, 902144, Note_on_c, 15, 50, 0
24, 902144, Note_on_c, 15, 52, 37
24, 903168, Note_on_c, 15, 52, 0
24, 903168, Note_on_c, 15, 54, 38
24, 903680, Note_on_c, 15, 54, 0
24, 903680, Note_on_c, 15, 55, 39
24, 904192, Note_on_c, 15, 55, 0
24, 904192, Note_on_c, 15, 54, 39
24, 905216, Note_on_c, 15, 54, 0
24, 905216, Note_on_c, 15, 50, 40
24, 906240, Note_on_c, 15, 50, 0
24, 906240, Note_on_c, 15, 52, 40
24, 907264, Note_on_c, 15, 52, 0
24, 907264, Note_on_c, 15, 54, 41
24, 907776, Note_on_c, 15, 54, 0
24, 907776, Note_on_c, 15, 55, 42
24, 908288, Note_on_c, 15, 55, 0
24, 908288, Note_on_c, 15, 54, 42
24, 909312, Note_on_c, 15, 54, 0
24, 909312, Note_on_c, 15, 52, 43
24, 910336, Note_on_c, 15, 52, 0
24, 910336, Note_on_c, 15, 50, 43
24, 911360, Note_on_c, 15, 50, 0
24, 911360, Note_on_c, 15, 52, 44
24, 912384, Note_on_c, 15, 52, 0
24, 912384, Note_on_c, 15, 45, 45
24, 913408, Note_on_c, 15, 45, 0
24, 913408, Note_on_c, 15, 54, 46
24, 914432, Note_on_c, 15, 54, 0
24, 914432, Note_on_c, 15, 54, 47
24, 915456, Note_on_c, 15, 54, 0
24, 915456, Note_on_c, 15, 54, 47
24, 916480, Note_on_c, 15, 54, 0
24, 916480, Note_on_c, 15, 55, 48
24, 917504, Note_on_c, 15, 55, 0
24, 917504, Note_on_c, 15, 57, 49
24, 918528, Note_on_c, 15, 57, 0
24, 918528, Note_on_c, 15, 57, 50
24, 919552, Note_on_c, 15, 57, 0
24, 919552, Note_on_c, 15, 55, 50
24, 920576, Note_on_c, 15, 55, 0
24, 920576, Note_on_c, 15, 54, 51
24, 921600, Note_on_c, 15, 54, 0
24, 921600, Note_on_c, 15, 52, 46
24, 922624, Note_on_c, 15, 52, 0
24, 922624, Note_on_c, 15, 50, 41
24, 923648, Note_on_c, 15, 50, 0
24, 923648, Note_on_c, 15, 50, 41
24, 924672, Note_on_c, 15, 50, 0
24, 924672, Note_on_c, 15, 52, 41
24, 925696, Note_on_c, 15, 52, 0
24, 925696, Note_on_c, 15, 54, 41
24, 926720, Note_on_c, 15, 54, 0
24, 926720, Note_on_c, 15, 52, 41
24, 927744, Note_on_c, 15, 52, 0
24, 928768, Note_on_c, 15, 50, 47
24, 929792, Note_on_c, 15, 50, 0
24, 929987, Program_c, 15, 48
24, 930816, Note_on_c, 15, 52, 96
24, 931840, Note_on_c, 15, 52, 0
24, 931840, Note_on_c, 15, 52, 96
24, 932864, Note_on_c, 15, 52, 0
24, 932864, Note_on_c, 15, 54, 96
24, 933888, Note_on_c, 15, 54, 0
24, 933888, Note_on_c, 15, 50, 96
24, 934912, Note_on_c, 15, 50, 0
24, 934912, Note_on_c, 15, 52, 96
24, 935936, Note_on_c, 15, 52, 0
24, 935936, Note_on_c, 15, 54, 96
24, 936448, Note_on_c, 15, 54, 0
24, 936448, Note_on_c, 15, 55, 96
24, 936960, Note_on_c, 15, 55, 0
24, 936960, Note_on_c, 15, 54, 96
24, 937984, Note_on_c, 15, 54, 0
24, 937984, Note_on_c, 15, 50, 96
24, 939008, Note_on_c, 15, 50, 0
24, 939008, Note_on_c, 15, 52, 96
24, 940032, Note_on_c, 15, 52, 0
24, 940032, Note_on_c, 15, 54, 96
24, 940544, Note_on_c, 15, 54, 0
24, 940544, Note_on_c, 15, 55, 96
24, 941056, Note_on_c, 15, 55, 0
24, 941056, Note_on_c, 15, 54, 96
24, 942080, Note_on_c, 15, 54, 0
24, 942080, Note_on_c, 15, 52, 96
24, 943104, Note_on_c, 15, 52, 0
24, 943104, Note_on_c, 15, 50, 96
24, 944128, Note_on_c, 15, 50, 0
24, 944128, Note_on_c, 15, 52, 98
24, 945152, Note_on_c, 15, 52, 0
24, 945152, Note_on_c, 15, 45, 101
24, 945971, Note_on_c, 15, 45, 0
24, 946176, Note_on_c, 15, 54, 103
24, 948224, Note_on_c, 15, 54, 0
24, 948224, Note_on_c, 15, 54, 102
24, 949248, Note_on_c, 15, 54, 0
24, 949248, Note_on_c, 15, 55, 100
24, 950272, Note_on_c, 15, 55, 0
24, 950272, Note_on_c, 15, 57, 98
24, 951296, Note_on_c, 15, 57, 0
24, 951296, Note_on_c, 15, 57, 96
24, 952320, Note_on_c, 15, 57, 0
24, 952320, Note_on_c, 15, 55, 96
24, 953344, Note_on_c, 15, 55, 0
24, 953344, Note_on_c, 15, 54, 96
24, 954368, Note_on_c, 15, 54, 0
24, 954368, Note_on_c, 15, 55, 96
24, 954880, Note_on_c, 15, 55, 0
24, 954880, Note_on_c, 15, 52, 96
24, 955392, Note_on_c, 15, 52, 0
24, 955392, Note_on_c, 15, 50, 96
24, 956416, Note_on_c, 15, 50, 0
24, 956416, Note_on_c, 15, 50, 96
24, 957440, Note_on_c, 15, 50, 0
24, 957440, Note_on_c, 15, 52, 95
24, 958464, Note_on_c, 15, 52, 0
24, 958464, Note_on_c, 15, 54, 95
24, 959488, Note_on_c, 15, 54, 0
24, 959488, Note_on_c, 15, 52, 95
24, 961024, Note_on_c, 15, 52, 0
24, 961024, Note_on_c, 15, 50, 95
24, 961434, Note_on_c, 15, 50, 0
24, 961536, Note_on_c, 15, 50, 95
24, 962355, Note_on_c, 15, 50, 0
24, 962560, Note_on_c, 15, 57, 94
24, 963584, Note_on_c, 15, 57, 0
24, 963584, Note_on_c, 15, 55, 94
24, 965120, Note_on_c, 15, 55, 0
24, 965120, Note_on_c, 15, 54, 94
24, 965530, Note_on_c, 15, 54, 0
24, 965632, Note_on_c, 15, 54, 94
24, 966451, Note_on_c, 15, 54, 0
24, 966656, Note_on_c, 15, 62, 94
24, 967680, Note_on_c, 15, 62, 0
24, 967680, Note_on_c, 15, 60, 98
24, 969216, Note_on_c, 15, 60, 0
24, 969216, Note_on_c, 15, 59, 95
24, 969626, Note_on_c, 15, 59, 0
24, 969728, Note_on_c, 15, 59, 94
24, 970547, Note_on_c, 15, 59, 0
24, 970752, Note_on_c, 15, 67, 94
24, 971264, Note_on_c, 15, 67, 0
24, 971264, Note_on_c, 15, 64, 97
24, 971776, Note_on_c, 15, 64, 0
24, 971776, Note_on_c, 15, 62, 101
24, 972288, Note_on_c, 15, 62, 0
24, 972288, Note_on_c, 15, 61, 103
24, 972800, Note_on_c, 15, 61, 0
24, 972800, Note_on_c, 15, 64, 101
24, 973312, Note_on_c, 15, 64, 0
24, 973312, Note_on_c, 15, 61, 99
24, 973824, Note_on_c, 15, 61, 0
24, 973824, Note_on_c, 15, 59, 97
24, 974336, Note_on_c, 15, 59, 0
24, 974336, Note_on_c, 15, 57, 96
24, 974848, Note_on_c, 15, 57, 0
24, 974848, Note_on_c, 15, 59, 97
24, 975360, Note_on_c, 15, 59, 0
24, 975360, Note_on_c, 15, 61, 99
24, 975872, Note_on_c, 15, 61, 0
24, 975872, Note_on_c, 15, 62, 101
24, 976384, Note_on_c, 15, 62, 0
24, 976384, Note_on_c, 15, 66, 102
24, 976896, Note_on_c, 15, 66, 0
24, 976896, Note_on_c, 15, 64, 98
24, 977408, Note_on_c, 15, 64, 0
24, 977408, Note_on_c, 15, 61, 94
24, 977920, Note_on_c, 15, 61, 0
24, 977920, Note_on_c, 15, 62, 90
24, 978432, Note_on_c, 15, 62, 0
24, 979968, Note_on_c, 15, 50, 40
24, 983040, Note_on_c, 15, 50, 0
24, 983040, Note_on_c, 15, 49, 40
24, 983552, Note_on_c, 15, 49, 0
24, 983552, Note_on_c, 15, 47, 40
24, 984064, Note_on_c, 15, 47, 0
24, 984064, Note_on_c, 15, 45, 40
24, 984576, Note_on_c, 15, 45, 0
24, 984576, Note_on_c, 15, 47, 40
24, 985088, Note_on_c, 15, 47, 0
24, 985088, Note_on_c, 15, 49, 40
24, 985600, Note_on_c, 15, 49, 0
24, 985600, Note_on_c, 15, 50, 40
24, 986112, Note_on_c, 15, 50, 0
24, 986112, Note_on_c, 15, 52, 40
24, 986624, Note_on_c, 15, 52, 0
24, 986624, Note_on_c, 15, 54, 40
24, 987136, Note_on_c, 15, 54, 0
24, 987136, Note_on_c, 15, 55, 40
24, 987648, Note_on_c, 15, 55, 0
24, 987648, Note_on_c, 15, 52, 40
24, 988160, Note_on_c, 15, 52, 0
24, 988160, Note_on_c, 15, 57, 40
24, 989184, Note_on_c, 15, 57, 0
24, 994816, Note_on_c, 15, 45, 45
24, 995328, Note_on_c, 15, 45, 0
24, 995328, Note_on_c, 15, 47, 43
24, 995840, Note_on_c, 15, 47, 0
24, 995840, Note_on_c, 15, 49, 42
24, 996352, Note_on_c, 15, 49, 0
24, 996352, Note_on_c, 15, 50, 40
24, 999424, Note_on_c, 15, 50, 0
24, 999424, Note_on_c, 15, 49, 38
24, 999936, Note_on_c, 15, 49, 0
24, 999936, Note_on_c, 15, 47, 38
24, 1000448, Note_on_c, 15, 47, 0
24, 1000448, Note_on_c, 15, 45, 38
24, 1000960, Note_on_c, 15, 45, 0
24, 1000960, Note_on_c, 15, 47, 37
24, 1001472, Note_on_c, 15, 47, 0
24, 1001472, Note_on_c, 15, 49, 37
24, 1001984, Note_on_c, 15, 49, 0
24, 1001984, Note_on_c, 15, 50, 37
24, 1002496, Note_on_c, 15, 50, 0
24, 1002496, Note_on_c, 15, 52, 38
24, 1003008, Note_on_c, 15, 52, 0
24, 1003008, Note_on_c, 15, 54, 38
24, 1003520, Note_on_c, 15, 54, 0
24, 1003520, Note_on_c, 15, 55, 38
24, 1004032, Note_on_c, 15, 55, 0
24, 1004032, Note_on_c, 15, 52, 39
24, 1004544, Note_on_c, 15, 52, 0
24, 1004544, Note_on_c, 15, 57, 39
24, 1005568, Note_on_c, 15, 57, 0
24, 1012736, Note_on_c, 15, 45, 40
24, 1013110, Note_on_c, 15, 45, 0
24, 1013248, Note_on_c, 15, 45, 40
24, 1013760, Note_on_c, 15, 45, 0
24, 1013760, Note_on_c, 15, 52, 41
24, 1014134, Note_on_c, 15, 52, 0
24, 1014272, Note_on_c, 15, 49, 42
24, 1014784, Note_on_c, 15, 49, 0
24, 1014784, Note_on_c, 15, 57, 43
24, 1015158, Note_on_c, 15, 57, 0
24, 1016832, Note_on_c, 15, 45, 46
24, 1017206, Note_on_c, 15, 45, 0
24, 1017344, Note_on_c, 15, 45, 47
24, 1017856, Note_on_c, 15, 45, 0
24, 1017856, Note_on_c, 15, 57, 48
24, 1018230, Note_on_c, 15, 57, 0
24, 1018368, Note_on_c, 15, 45, 49
24, 1018880, Note_on_c, 15, 45, 0
24, 1018880, Note_on_c, 15, 57, 49
24, 1019254, Note_on_c, 15, 57, 0
24, 1020928, Note_on_c, 15, 45, 51
24, 1021302, Note_on_c, 15, 45, 0
24, 1021440, Note_on_c, 15, 45, 51
24, 1021952, Note_on_c, 15, 45, 0
24, 1021952, Note_on_c, 15, 57, 51
24, 1022326, Note_on_c, 15, 57, 0
24, 1023488, Note_on_c, 15, 58, 51
24, 1024000, Note_on_c, 15, 58, 0
24, 1024000, Note_on_c, 15, 54, 51
24, 1024512, Note_on_c, 15, 54, 0
24, 1025536, Note_on_c, 15, 59, 52
24, 1026048, Note_on_c, 15, 59, 0
24, 1026048, Note_on_c, 15, 52, 53
24, 1026560, Note_on_c, 15, 52, 0
24, 1027584, Note_on_c, 15, 57, 56
24, 1028096, Note_on_c, 15, 57, 0
24, 1028096, Note_on_c, 15, 45, 56
24, 1028470, Note_on_c, 15, 45, 0
24, 1028608, Note_on_c, 15, 45, 56
24, 1029120, Note_on_c, 15, 45, 0
24, 1029120, Note_on_c, 15, 50, 56
24, 1032192, Note_on_c, 15, 50, 0
24, 1032192, Note_on_c, 15, 49, 46
24, 1032704, Note_on_c, 15, 49, 0
24, 1032704, Note_on_c, 15, 47, 44
24, 1033216, Note_on_c, 15, 47, 0
24, 1033216, Note_on_c, 15, 45, 42
24, 1033728, Note_on_c, 15, 45, 0
24, 1033728, Note_on_c, 15, 47, 45
24, 1034240, Note_on_c, 15, 47, 0
24, 1034240, Note_on_c, 15, 49, 45
24, 1034752, Note_on_c, 15, 49, 0
24, 1034752, Note_on_c, 15, 50, 45
24, 1035264, Note_on_c, 15, 50, 0
24, 1035264, Note_on_c, 15, 52, 45
24, 1035776, Note_on_c, 15, 52, 0
24, 1035776, Note_on_c, 15, 54, 45
24, 1036288, Note_on_c, 15, 54, 0
24, 1036288, Note_on_c, 15, 55, 45
24, 1036800, Note_on_c, 15, 55, 0
24, 1036800, Note_on_c, 15, 52, 45
24, 1037312, Note_on_c, 15, 52, 0
24, 1037312, Note_on_c, 15, 54, 45
24, 1038336, Note_on_c, 15, 54, 0
24, 1044480, Note_on_c, 15, 57, 85
24, 1045878, Note_on_c, 15, 57, 0
24, 1046016, Note_on_c, 15, 45, 93
24, 1046528, Note_on_c, 15, 45, 0
24, 1046528, Note_on_c, 15, 52, 93
24, 1046902, Note_on_c, 15, 52, 0
24, 1047040, Note_on_c, 15, 49, 93
24, 1047552, Note_on_c, 15, 49, 0
24, 1047552, Note_on_c, 15, 57, 93
24, 1047926, Note_on_c, 15, 57, 0
24, 1049600, Note_on_c, 15, 45, 93
24, 1049974, Note_on_c, 15, 45, 0
24, 1050112, Note_on_c, 15, 45, 93
24, 1050624, Note_on_c, 15, 45, 0
24, 1050624, Note_on_c, 15, 57, 93
24, 1050998, Note_on_c, 15, 57, 0
24, 1051136, Note_on_c, 15, 45, 93
24, 1051648, Note_on_c, 15, 45, 0
24, 1051648, Note_on_c, 15, 57, 93
24, 1052022, Note_on_c, 15, 57, 0
24, 1053696, Note_on_c, 15, 45, 94
24, 1054070, Note_on_c, 15, 45, 0
24, 1054208, Note_on_c, 15, 45, 94
24, 1054720, Note_on_c, 15, 45, 0
24, 1054720, Note_on_c, 15, 57, 94
24, 1055094, Note_on_c, 15, 57, 0
24, 1056256, Note_on_c, 15, 58, 94
24, 1056768, Note_on_c, 15, 58, 0
24, 1056768, Note_on_c, 15, 54, 94
24, 1057280, Note_on_c, 15, 54, 0
24, 1058304, Note_on_c, 15, 59, 96
24, 1058816, Note_on_c, 15, 59, 0
24, 1058816, Note_on_c, 15, 52, 97
24, 1059328, Note_on_c, 15, 52, 0
24, 1060352, Note_on_c, 15, 57, 101
24, 1060864, Note_on_c, 15, 57, 0
24, 1060864, Note_on_c, 15, 45, 103
24, 1061238, Note_on_c, 15, 45, 0
24, 1061376, Note_on_c, 15, 45, 103
24, 1061888, Note_on_c, 15, 45, 0
24, 1061888, Note_on_c, 15, 50, 104
24, 1064960, Note_on_c, 15, 50, 0
24, 1064960, Note_on_c, 15, 49, 107
24, 1065472, Note_on_c, 15, 49, 0
24, 1065472, Note_on_c, 15, 47, 106
24, 1065984, Note_on_c, 15, 47, 0
24, 1065984, Note_on_c, 15, 45, 106
24, 1066496, Note_on_c, 15, 45, 0
24, 1066496, Note_on_c, 15, 47, 99
24, 1067008, Note_on_c, 15, 47, 0
24, 1067008, Note_on_c, 15, 49, 91
24, 1067520, Note_on_c, 15, 49, 0
24, 1067520, Note_on_c, 15, 50, 84
24, 1068032, Note_on_c, 15, 50, 0
24, 1068032, Note_on_c, 15, 52, 76
24, 1068544, Note_on_c, 15, 52, 0
24, 1068544, Note_on_c, 15, 54, 69
24, 1069056, Note_on_c, 15, 54, 0
24, 1069056, Note_on_c, 15, 55, 61
24, 1069568, Note_on_c, 15, 55, 0
24, 1069568, Note_on_c, 15, 52, 54
24, 1070080, Note_on_c, 15, 52, 0
24, 1070080, Note_on_c, 15, 54, 46
24, 1070828, Note_on_c, 15, 54, 0
24, 1071616, Note_on_c, 15, 54, 41
24, 1072128, Note_on_c, 15, 54, 0
24, 1072128, Note_on_c, 15, 50, 41
24, 1072876, Note_on_c, 15, 50, 0
24, 1073664, Note_on_c, 15, 50, 39
24, 1074176, Note_on_c, 15, 50, 0
24, 1074176, Note_on_c, 15, 57, 39
24, 1074924, Note_on_c, 15, 57, 0
24, 1075712, Note_on_c, 15, 45, 37
24, 1076224, Note_on_c, 15, 45, 0
24, 1076224, Note_on_c, 15, 50, 37
24, 1076972, Note_on_c, 15, 50, 0
24, 1077760, Note_on_c, 15, 62, 46
24, 1078272, Note_on_c, 15, 62, 0
24, 1078272, Note_on_c, 15, 50, 50
24, 1079020, Note_on_c, 15, 50, 0
24, 1079808, Note_on_c, 15, 62, 45
24, 1080320, Note_on_c, 15, 62, 0
24, 1080320, Note_on_c, 15, 50, 42
24, 1081068, Note_on_c, 15, 50, 0
24, 1081856, Note_on_c, 15, 50, 46
24, 1082368, Note_on_c, 15, 50, 0
24, 1082368, Note_on_c, 15, 43, 51
24, 1083116, Note_on_c, 15, 43, 0
24, 1083904, Note_on_c, 15, 55, 48
24, 1084416, Note_on_c, 15, 55, 0
24, 1084416, Note_on_c, 15, 43, 45
24, 1085164, Note_on_c, 15, 43, 0
24, 1085952, Note_on_c, 15, 55, 42
24, 1086464, Note_on_c, 15, 55, 0
24, 1086464, Note_on_c, 15, 57, 43
24, 1087212, Note_on_c, 15, 57, 0
24, 1088000, Note_on_c, 15, 45, 47
24, 1088512, Note_on_c, 15, 45, 0
24, 1088512, Note_on_c, 15, 57, 46
24, 1089260, Note_on_c, 15, 57, 0
24, 1090048, Note_on_c, 15, 57, 43
24, 1090560, Note_on_c, 15, 57, 0
24, 1090560, Note_on_c, 15, 62, 42
24, 1090970, Note_on_c, 15, 62, 0
24, 1091584, Note_on_c, 15, 57, 40
24, 1091994, Note_on_c, 15, 57, 0
24, 1092608, Note_on_c, 15, 50, 38
24, 1093018, Note_on_c, 15, 50, 0
24, 1095680, Note_on_c, 15, 54, 37
24, 1095826, Note_on_c, 15, 54, 0
24, 1095826, Note_on_c, 15, 55, 37
24, 1095973, Note_on_c, 15, 55, 0
24, 1095973, Note_on_c, 15, 54, 37
24, 1096119, Note_on_c, 15, 54, 0
24, 1096119, Note_on_c, 15, 55, 37
24, 1096265, Note_on_c, 15, 55, 0
24, 1096265, Note_on_c, 15, 54, 37
24, 1096411, Note_on_c, 15, 54, 0
24, 1096411, Note_on_c, 15, 52, 37
24, 1096558, Note_on_c, 15, 52, 0
24, 1096558, Note_on_c, 15, 54, 37
24, 1096704, Note_on_c, 15, 54, 0
24, 1097728, Note_on_c, 15, 62, 37
24, 1097874, Note_on_c, 15, 62, 0
24, 1097874, Note_on_c, 15, 64, 37
24, 1098021, Note_on_c, 15, 64, 0
24, 1098021, Note_on_c, 15, 62, 37
24, 1098167, Note_on_c, 15, 62, 0
24, 1098167, Note_on_c, 15, 64, 37
24, 1098313, Note_on_c, 15, 64, 0
24, 1098313, Note_on_c, 15, 62, 37
24, 1098459, Note_on_c, 15, 62, 0
24, 1098459, Note_on_c, 15, 61, 37
24, 1098606, Note_on_c, 15, 61, 0
24, 1098606, Note_on_c, 15, 62, 37
24, 1098752, Note_on_c, 15, 62, 0
24, 1099776, Note_on_c, 15, 59, 37
24, 1099922, Note_on_c, 15, 59, 0
24, 1099922, Note_on_c, 15, 60, 37
24, 1100069, Note_on_c, 15, 60, 0
24, 1100069, Note_on_c, 15, 59, 37
24, 1100215, Note_on_c, 15, 59, 0
24, 1100215, Note_on_c, 15, 60, 37
24, 1100361, Note_on_c, 15, 60, 0
24, 1100361, Note_on_c, 15, 59, 37
24, 1100507, Note_on_c, 15, 59, 0
24, 1100507, Note_on_c, 15, 57, 37
24, 1100654, Note_on_c, 15, 57, 0
24, 1100654, Note_on_c, 15, 59, 37
24, 1100800, Note_on_c, 15, 59, 0
24, 1101824, Note_on_c, 15, 67, 37
24, 1101970, Note_on_c, 15, 67, 0
24, 1101970, Note_on_c, 15, 69, 37
24, 1102117, Note_on_c, 15, 69, 0
24, 1102117, Note_on_c, 15, 67, 37
24, 1102263, Note_on_c, 15, 67, 0
24, 1102263, Note_on_c, 15, 69, 37
24, 1102409, Note_on_c, 15, 69, 0
24, 1102409, Note_on_c, 15, 67, 37
24, 1102555, Note_on_c, 15, 67, 0
24, 1102555, Note_on_c, 15, 66, 37
24, 1102702, Note_on_c, 15, 66, 0
24, 1102702, Note_on_c, 15, 67, 37
24, 1102848, Note_on_c, 15, 67, 0
24, 1128448, Note_on_c, 15, 45, 35
24, 1128594, Note_on_c, 15, 45, 0
24, 1128594, Note_on_c, 15, 47, 35
24, 1128741, Note_on_c, 15, 47, 0
24, 1128741, Note_on_c, 15, 45, 35
24, 1128887, Note_on_c, 15, 45, 0
24, 1128887, Note_on_c, 15, 47, 35
24, 1129033, Note_on_c, 15, 47, 0
24, 1129033, Note_on_c, 15, 45, 35
24, 1129179, Note_on_c, 15, 45, 0
24, 1129179, Note_on_c, 15, 44, 35
24, 1129326, Note_on_c, 15, 44, 0
24, 1129326, Note_on_c, 15, 45, 35
24, 1129472, Note_on_c, 15, 45, 0
24, 1136640, Note_on_c, 15, 45, 35
24, 1136786, Note_on_c, 15, 45, 0
24, 1136786, Note_on_c, 15, 47, 35
24, 1136933, Note_on_c, 15, 47, 0
24, 1136933, Note_on_c, 15, 45, 35
24, 1137079, Note_on_c, 15, 45, 0
24, 1137079, Note_on_c, 15, 47, 35
24, 1137225, Note_on_c, 15, 47, 0
24, 1137225, Note_on_c, 15, 45, 35
24, 1137371, Note_on_c, 15, 45, 0
24, 1137371, Note_on_c, 15, 44, 35
24, 1137518, Note_on_c, 15, 44, 0
24, 1137518, Note_on_c, 15, 45, 35
24, 1137664, Note_on_c, 15, 45, 0
24, 1143808, Note_on_c, 15, 45, 37
24, 1143954, Note_on_c, 15, 45, 0
24, 1143954, Note_on_c, 15, 47, 38
24, 1144101, Note_on_c, 15, 47, 0
24, 1144101, Note_on_c, 15, 45, 39
24, 1144247, Note_on_c, 15, 45, 0
24, 1144247, Note_on_c, 15, 47, 39
24, 1144393, Note_on_c, 15, 47, 0
24, 1144393, Note_on_c, 15, 45, 40
24, 1144539, Note_on_c, 15, 45, 0
24, 1144539, Note_on_c, 15, 44, 41
24, 1144686, Note_on_c, 15, 44, 0
24, 1144686, Note_on_c, 15, 45, 41
24, 1144832, Note_on_c, 15, 45, 0
24, 1145856, Note_on_c, 15, 45, 46
24, 1146002, Note_on_c, 15, 45, 0
24, 1146002, Note_on_c, 15, 47, 47
24, 1146149, Note_on_c, 15, 47, 0
24, 1146149, Note_on_c, 15, 45, 47
24, 1146295, Note_on_c, 15, 45, 0
24, 1146295, Note_on_c, 15, 47, 48
24, 1146441, Note_on_c, 15, 47, 0
24, 1146441, Note_on_c, 15, 45, 48
24, 1146587, Note_on_c, 15, 45, 0
24, 1146587, Note_on_c, 15, 44, 49
24, 1146734, Note_on_c, 15, 44, 0
24, 1146734, Note_on_c, 15, 45, 50
24, 1146880, Note_on_c, 15, 45, 0
24, 1147904, Note_on_c, 15, 47, 55
24, 1148050, Note_on_c, 15, 47, 0
24, 1148050, Note_on_c, 15, 48, 55
24, 1148197, Note_on_c, 15, 48, 0
24, 1148197, Note_on_c, 15, 47, 56
24, 1148343, Note_on_c, 15, 47, 0
24, 1148343, Note_on_c, 15, 48, 56
24, 1148489, Note_on_c, 15, 48, 0
24, 1148489, Note_on_c, 15, 47, 57
24, 1148635, Note_on_c, 15, 47, 0
24, 1148635, Note_on_c, 15, 45, 58
24, 1148782, Note_on_c, 15, 45, 0
24, 1148782, Note_on_c, 15, 47, 58
24, 1148928, Note_on_c, 15, 47, 0
24, 1149952, Note_on_c, 15, 64, 63
24, 1150098, Note_on_c, 15, 64, 0
24, 1150098, Note_on_c, 15, 66, 64
24, 1150245, Note_on_c, 15, 66, 0
24, 1150245, Note_on_c, 15, 64, 64
24, 1150391, Note_on_c, 15, 64, 0
24, 1150391, Note_on_c, 15, 66, 65
24, 1150537, Note_on_c, 15, 66, 0
24, 1150537, Note_on_c, 15, 64, 66
24, 1150683, Note_on_c, 15, 64, 0
24, 1150683, Note_on_c, 15, 62, 66
24, 1150830, Note_on_c, 15, 62, 0
24, 1150830, Note_on_c, 15, 64, 67
24, 1150976, Note_on_c, 15, 64, 0
24, 1152000, Note_on_c, 15, 62, 72
24, 1152146, Note_on_c, 15, 62, 0
24, 1152146, Note_on_c, 15, 64, 72
24, 1152293, Note_on_c, 15, 64, 0
24, 1152293, Note_on_c, 15, 62, 73
24, 1152439, Note_on_c, 15, 62, 0
24, 1152439, Note_on_c, 15, 64, 74
24, 1152585, Note_on_c, 15, 64, 0
24, 1152585, Note_on_c, 15, 62, 74
24, 1152731, Note_on_c, 15, 62, 0
24, 1152731, Note_on_c, 15, 61, 75
24, 1152878, Note_on_c, 15, 61, 0
24, 1152878, Note_on_c, 15, 62, 75
24, 1153024, Note_on_c, 15, 62, 0
24, 1154048, Note_on_c, 15, 62, 81
24, 1154796, Note_on_c, 15, 62, 0
24, 1155584, Note_on_c, 15, 62, 87
24, 1155958, Note_on_c, 15, 62, 0
24, 1156096, Note_on_c, 15, 62, 87
24, 1156844, Note_on_c, 15, 62, 0
24, 1157632, Note_on_c, 15, 62, 87
24, 1158006, Note_on_c, 15, 62, 0
24, 1158144, Note_on_c, 15, 62, 87
24, 1158892, Note_on_c, 15, 62, 0
24, 1159168, Note_on_c, 15, 62, 89
24, 1159314, Note_on_c, 15, 62, 0
24, 1159314, Note_on_c, 15, 64, 89
24, 1159461, Note_on_c, 15, 64, 0
24, 1159461, Note_on_c, 15, 62, 89
24, 1159607, Note_on_c, 15, 62, 0
24, 1159607, Note_on_c, 15, 64, 89
24, 1159753, Note_on_c, 15, 64, 0
24, 1159753, Note_on_c, 15, 62, 89
24, 1159899, Note_on_c, 15, 62, 0
24, 1159899, Note_on_c, 15, 61, 89
24, 1160046, Note_on_c, 15, 61, 0
24, 1160046, Note_on_c, 15, 62, 89
24, 1160192, Note_on_c, 15, 62, 0
24, 1160192, Note_on_c, 15, 61, 89
24, 1160338, Note_on_c, 15, 61, 0
24, 1160338, Note_on_c, 15, 62, 89
24, 1160485, Note_on_c, 15, 62, 0
24, 1160485, Note_on_c, 15, 61, 89
24, 1160631, Note_on_c, 15, 61, 0
24, 1160631, Note_on_c, 15, 62, 89
24, 1160777, Note_on_c, 15, 62, 0
24, 1160777, Note_on_c, 15, 61, 89
24, 1160923, Note_on_c, 15, 61, 0
24, 1160923, Note_on_c, 15, 59, 89
24, 1161070, Note_on_c, 15, 59, 0
24, 1161070, Note_on_c, 15, 61, 89
24, 1161216, Note_on_c, 15, 61, 0
24, 1162240, Note_on_c, 15, 62, 90
24, 1162386, Note_on_c, 15, 62, 0
24, 1162386, Note_on_c, 15, 64, 90
24, 1162533, Note_on_c, 15, 64, 0
24, 1162533, Note_on_c, 15, 62, 90
24, 1162679, Note_on_c, 15, 62, 0
24, 1162679, Note_on_c, 15, 64, 90
24, 1162825, Note_on_c, 15, 64, 0
24, 1162825, Note_on_c, 15, 62, 90
24, 1162971, Note_on_c, 15, 62, 0
24, 1162971, Note_on_c, 15, 61, 90
24, 1163118, Note_on_c, 15, 61, 0
24, 1163118, Note_on_c, 15, 62, 90
24, 1163264, Note_on_c, 15, 62, 0
24, 1164288, Note_on_c, 15, 61, 90
24, 1164434, Note_on_c, 15, 61, 0
24, 1164434, Note_on_c, 15, 62, 90
24, 1164581, Note_on_c, 15, 62, 0
24, 1164581, Note_on_c, 15, 61, 90
24, 1164727, Note_on_c, 15, 61, 0
24, 1164727, Note_on_c, 15, 62, 90
24, 1164873, Note_on_c, 15, 62, 0
24, 1164873, Note_on_c, 15, 61, 90
24, 1165019, Note_on_c, 15, 61, 0
24, 1165019, Note_on_c, 15, 59, 90
24, 1165166, Note_on_c, 15, 59, 0
24, 1165166, Note_on_c, 15, 61, 90
24, 1165312, Note_on_c, 15, 61, 0
24, 1166336, Note_on_c, 15, 62, 91
24, 1166482, Note_on_c, 15, 62, 0
24, 1166482, Note_on_c, 15, 64, 91
24, 1166629, Note_on_c, 15, 64, 0
24, 1166629, Note_on_c, 15, 62, 91
24, 1166775, Note_on_c, 15, 62, 0
24, 1166775, Note_on_c, 15, 64, 91
24, 1166921, Note_on_c, 15, 64, 0
24, 1166921, Note_on_c, 15, 62, 91
24, 1167067, Note_on_c, 15, 62, 0
24, 1167067, Note_on_c, 15, 61, 91
24, 1167214, Note_on_c, 15, 61, 0
24, 1167214, Note_on_c, 15, 62, 91
24, 1167360, Note_on_c, 15, 62, 0
24, 1168384, Note_on_c, 15, 61, 91
24, 1168530, Note_on_c, 15, 61, 0
24, 1168530, Note_on_c, 15, 62, 92
24, 1168677, Note_on_c, 15, 62, 0
24, 1168677, Note_on_c, 15, 61, 92
24, 1168823, Note_on_c, 15, 61, 0
24, 1168823, Note_on_c, 15, 62, 92
24, 1168969, Note_on_c, 15, 62, 0
24, 1168969, Note_on_c, 15, 61, 92
24, 1169115, Note_on_c, 15, 61, 0
24, 1169115, Note_on_c, 15, 59, 92
24, 1169262, Note_on_c, 15, 59, 0
24, 1169262, Note_on_c, 15, 61, 92
24, 1169408, Note_on_c, 15, 61, 0
24, 1170432, Note_on_c, 15, 62, 94
24, 1170578, Note_on_c, 15, 62, 0
24, 1170578, Note_on_c, 15, 64, 94
24, 1170725, Note_on_c, 15, 64, 0
24, 1170725, Note_on_c, 15, 62, 94
24, 1170871, Note_on_c, 15, 62, 0
24, 1170871, Note_on_c, 15, 64, 94
24, 1171017, Note_on_c, 15, 64, 0
24, 1171017, Note_on_c, 15, 62, 94
24, 1171163, Note_on_c, 15, 62, 0
24, 1171163, Note_on_c, 15, 61, 94
24, 1171310, Note_on_c, 15, 61, 0
24, 1171310, Note_on_c, 15, 62, 94
24, 1171456, Note_on_c, 15, 62, 0
24, 1172480, Note_on_c, 15, 59, 96
24, 1172626, Note_on_c, 15, 59, 0
24, 1172626, Note_on_c, 15, 61, 96
24, 1172773, Note_on_c, 15, 61, 0
24, 1172773, Note_on_c, 15, 59, 96
24, 1172919, Note_on_c, 15, 59, 0
24, 1172919, Note_on_c, 15, 61, 96
24, 1173065, Note_on_c, 15, 61, 0
24, 1173065, Note_on_c, 15, 59, 96
24, 1173211, Note_on_c, 15, 59, 0
24, 1173211, Note_on_c, 15, 57, 96
24, 1173358, Note_on_c, 15, 57, 0
24, 1173358, Note_on_c, 15, 59, 97
24, 1173504, Note_on_c, 15, 59, 0
24, 1174528, Note_on_c, 15, 61, 98
24, 1174674, Note_on_c, 15, 61, 0
24, 1174674, Note_on_c, 15, 62, 98
24, 1174821, Note_on_c, 15, 62, 0
24, 1174821, Note_on_c, 15, 61, 98
24, 1174967, Note_on_c, 15, 61, 0
24, 1174967, Note_on_c, 15, 62, 98
24, 1175113, Note_on_c, 15, 62, 0
24, 1175113, Note_on_c, 15, 61, 98
24, 1175259, Note_on_c, 15, 61, 0
24, 1175259, Note_on_c, 15, 59, 99
24, 1175406, Note_on_c, 15, 59, 0
24, 1175406, Note_on_c, 15, 61, 99
24, 1175552, Note_on_c, 15, 61, 0
24, 1176576, Note_on_c, 15, 54, 99
24, 1176722, Note_on_c, 15, 54, 0
24, 1176722, Note_on_c, 15, 55, 99
24, 1176869, Note_on_c, 15, 55, 0
24, 1176869, Note_on_c, 15, 54, 99
24, 1177015, Note_on_c, 15, 54, 0
24, 1177015, Note_on_c, 15, 55, 99
24, 1177161, Note_on_c, 15, 55, 0
24, 1177161, Note_on_c, 15, 54, 99
24, 1177307, Note_on_c, 15, 54, 0
24, 1177307, Note_on_c, 15, 52, 99
24, 1177454, Note_on_c, 15, 52, 0
24, 1177454, Note_on_c, 15, 54, 99
24, 1177600, Note_on_c, 15, 54, 0
24, 1178624, Note_on_c, 15, 62, 99
24, 1178770, Note_on_c, 15, 62, 0
24, 1178770, Note_on_c, 15, 64, 99
24, 1178917, Note_on_c, 15, 64, 0
24, 1178917, Note_on_c, 15, 62, 99
24, 1179063, Note_on_c, 15, 62, 0
24, 1179063, Note_on_c, 15, 64, 99
24, 1179209, Note_on_c, 15, 64, 0
24, 1179209, Note_on_c, 15, 62, 99
24, 1179355, Note_on_c, 15, 62, 0
24, 1179355, Note_on_c, 15, 61, 99
24, 1179502, Note_on_c, 15, 61, 0
24, 1179502, Note_on_c, 15, 62, 99
24, 1179648, Note_on_c, 15, 62, 0
24, 1180672, Note_on_c, 15, 59, 99
24, 1180818, Note_on_c, 15, 59, 0
24, 1180818, Note_on_c, 15, 60, 99
24, 1180965, Note_on_c, 15, 60, 0
24, 1180965, Note_on_c, 15, 59, 99
24, 1181111, Note_on_c, 15, 59, 0
24, 1181111, Note_on_c, 15, 60, 99
24, 1181257, Note_on_c, 15, 60, 0
24, 1181257, Note_on_c, 15, 59, 99
24, 1181403, Note_on_c, 15, 59, 0
24, 1181403, Note_on_c, 15, 57, 99
24, 1181550, Note_on_c, 15, 57, 0
24, 1181550, Note_on_c, 15, 59, 99
24, 1181696, Note_on_c, 15, 59, 0
24, 1182720, Note_on_c, 15, 55, 99
24, 1182866, Note_on_c, 15, 55, 0
24, 1182866, Note_on_c, 15, 57, 99
24, 1183013, Note_on_c, 15, 57, 0
24, 1183013, Note_on_c, 15, 55, 99
24, 1183159, Note_on_c, 15, 55, 0
24, 1183159, Note_on_c, 15, 57, 99
24, 1183305, Note_on_c, 15, 57, 0
24, 1183305, Note_on_c, 15, 55, 99
24, 1183451, Note_on_c, 15, 55, 0
24, 1183451, Note_on_c, 15, 54, 99
24, 1183598, Note_on_c, 15, 54, 0
24, 1183598, Note_on_c, 15, 55, 99
24, 1183744, Note_on_c, 15, 55, 0
24, 1184768, Note_on_c, 15, 54, 100
24, 1184914, Note_on_c, 15, 54, 0
24, 1184914, Note_on_c, 15, 55, 100
24, 1185061, Note_on_c, 15, 55, 0
24, 1185061, Note_on_c, 15, 54, 100
24, 1185207, Note_on_c, 15, 54, 0
24, 1185207, Note_on_c, 15, 55, 101
24, 1185353, Note_on_c, 15, 55, 0
24, 1185353, Note_on_c, 15, 54, 101
24, 1185499, Note_on_c, 15, 54, 0
24, 1185499, Note_on_c, 15, 52, 102
24, 1185646, Note_on_c, 15, 52, 0
24, 1185646, Note_on_c, 15, 54, 102
24, 1185792, Note_on_c, 15, 54, 0
24, 1186816, Note_on_c, 15, 62, 111
24, 1187328, Note_on_c, 15, 62, 0
24, 1188864, Note_on_c, 15, 62, 108
24, 1189612, Note_on_c, 15, 62, 0
24, 1190400, Note_on_c, 15, 62, 107
24, 1190774, Note_on_c, 15, 62, 0
24, 1190912, Note_on_c, 15, 62, 107
24, 1191660, Note_on_c, 15, 62, 0
24, 1192960, Note_on_c, 15, 62, 103
24, 1193984, Note_on_c, 15, 62, 0
24, 1195008, Note_on_c, 15, 62, 103
24, 1196032, Note_on_c, 15, 62, 0
24, 1197056, Note_on_c, 15, 55, 103
24, 1198080, Note_on_c, 15, 55, 0
24, 1199104, Note_on_c, 15, 55, 103
24, 1200128, Note_on_c, 15, 55, 0
24, 1201152, Note_on_c, 15, 57, 103
24, 1202176, Note_on_c, 15, 57, 0
24, 1203200, Note_on_c, 15, 57, 103
24, 1204224, Note_on_c, 15, 57, 0
24, 1205248, Note_on_c, 15, 62, 103
24, 1208525, Note_on_c, 15, 62, 0
24, 1209344, Note_on_c, 15, 52, 103
24, 1210368, Note_on_c, 15, 52, 0
24, 1211392, Note_on_c, 15, 52, 106
24, 1212416, Note_on_c, 15, 52, 0
24, 1213440, Note_on_c, 15, 57, 109
24, 1213696, Note_on_c, 15, 57, 0
24, 1213696, Note_on_c, 15, 59, 109
24, 1213952, Note_on_c, 15, 59, 0
24, 1213952, Note_on_c, 15, 57, 109
24, 1214208, Note_on_c, 15, 57, 0
24, 1214208, Note_on_c, 15, 56, 109
24, 1214464, Note_on_c, 15, 56, 0
24, 1214464, Note_on_c, 15, 54, 108
24, 1214720, Note_on_c, 15, 54, 0
24, 1214720, Note_on_c, 15, 56, 108
24, 1214976, Note_on_c, 15, 56, 0
24, 1214976, Note_on_c, 15, 54, 107
24, 1215232, Note_on_c, 15, 54, 0
24, 1215232, Note_on_c, 15, 52, 107
24, 1215488, Note_on_c, 15, 52, 0
24, 1215488, Note_on_c, 15, 50, 107
24, 1215744, Note_on_c, 15, 50, 0
24, 1215744, Note_on_c, 15, 52, 106
24, 1216000, Note_on_c, 15, 52, 0
24, 1216000, Note_on_c, 15, 50, 106
24, 1216256, Note_on_c, 15, 50, 0
24, 1216256, Note_on_c, 15, 49, 106
24, 1216512, Note_on_c, 15, 49, 0
24, 1216512, Note_on_c, 15, 47, 105
24, 1216768, Note_on_c, 15, 47, 0
24, 1216768, Note_on_c, 15, 49, 105
24, 1217024, Note_on_c, 15, 49, 0
24, 1217024, Note_on_c, 15, 47, 104
24, 1217280, Note_on_c, 15, 47, 0
24, 1217280, Note_on_c, 15, 45, 104
24, 1217536, Note_on_c, 15, 45, 0
24, 1217536, Note_on_c, 15, 52, 104
24, 1218560, Note_on_c, 15, 52, 0
24, 1219584, Note_on_c, 15, 52, 107
24, 1220608, Note_on_c, 15, 52, 0
24, 1221632, Note_on_c, 15, 57, 113
24, 1221888, Note_on_c, 15, 57, 0
24, 1221888, Note_on_c, 15, 59, 113
24, 1222144, Note_on_c, 15, 59, 0
24, 1222144, Note_on_c, 15, 57, 114
24, 1222400, Note_on_c, 15, 57, 0
24, 1222400, Note_on_c, 15, 56, 114
24, 1222656, Note_on_c, 15, 56, 0
24, 1222656, Note_on_c, 15, 54, 114
24, 1222912, Note_on_c, 15, 54, 0
24, 1222912, Note_on_c, 15, 56, 114
24, 1223168, Note_on_c, 15, 56, 0
24, 1223168, Note_on_c, 15, 54, 114
24, 1223424, Note_on_c, 15, 54, 0
24, 1223424, Note_on_c, 15, 52, 114
24, 1223680, Note_on_c, 15, 52, 0
24, 1223680, Note_on_c, 15, 50, 114
24, 1223936, Note_on_c, 15, 50, 0
24, 1223936, Note_on_c, 15, 52, 114
24, 1224192, Note_on_c, 15, 52, 0
24, 1224192, Note_on_c, 15, 50, 114
24, 1224448, Note_on_c, 15, 50, 0
24, 1224448, Note_on_c, 15, 49, 114
24, 1224704, Note_on_c, 15, 49, 0
24, 1224704, Note_on_c, 15, 47, 114
24, 1224960, Note_on_c, 15, 47, 0
24, 1224960, Note_on_c, 15, 49, 114
24, 1225216, Note_on_c, 15, 49, 0
24, 1225216, Note_on_c, 15, 47, 114
24, 1225472, Note_on_c, 15, 47, 0
24, 1225472, Note_on_c, 15, 45, 114
24, 1225728, Note_on_c, 15, 45, 0
24, 1225728, Note_on_c, 15, 45, 114
24, 1226752, Note_on_c, 15, 45, 0
24, 1227776, Note_on_c, 15, 57, 117
24, 1228800, Note_on_c, 15, 57, 0
24, 1229824, Note_on_c, 15, 41, 122
24, 1238016, Note_on_c, 15, 41, 0
24, 1321984, Note_on_c, 15, 58, 32
24, 1322496, Note_on_c, 15, 58, 0
24, 1323008, Note_on_c, 15, 65, 31
24, 1323264, Note_on_c, 15, 65, 0
24, 1323520, Note_on_c, 15, 65, 31
24, 1324032, Note_on_c, 15, 65, 0
24, 1324544, Note_on_c, 15, 65, 31
24, 1324800, Note_on_c, 15, 65, 0
24, 1325056, Note_on_c, 15, 65, 31
24, 1325568, Note_on_c, 15, 65, 0
24, 1371136, Note_on_c, 15, 58, 32
24, 1371648, Note_on_c, 15, 58, 0
24, 1372160, Note_on_c, 15, 65, 31
24, 1372416, Note_on_c, 15, 65, 0
24, 1372672, Note_on_c, 15, 65, 31
24, 1373184, Note_on_c, 15, 65, 0
24, 1373696, Note_on_c, 15, 65, 31
24, 1373952, Note_on_c, 15, 65, 0
24, 1374208, Note_on_c, 15, 58, 31
24, 1374720, Note_on_c, 15, 58, 0
24, 1420288, Note_on_c, 15, 58, 30
24, 1420800, Note_on_c, 15, 58, 0
24, 1421312, Note_on_c, 15, 65, 30
24, 1421568, Note_on_c, 15, 65, 0
24, 1421824, Note_on_c, 15, 65, 30
24, 1422336, Note_on_c, 15, 65, 0
24, 1422848, Note_on_c, 15, 65, 30
24, 1423104, Note_on_c, 15, 65, 0
24, 1423360, Note_on_c, 15, 65, 30
24, 1423872, Note_on_c, 15, 65, 0
24, 1469440, Note_on_c, 15, 58, 54
24, 1469952, Note_on_c, 15, 58, 0
24, 1470464, Note_on_c, 15, 65, 46
24, 1470720, Note_on_c, 15, 65, 0
24, 1470976, Note_on_c, 15, 65, 46
24, 1471488, Note_on_c, 15, 65, 0
24, 1472000, Note_on_c, 15, 65, 47
24, 1472256, Note_on_c, 15, 65, 0
24, 1472512, Note_on_c, 15, 65, 47
24, 1473024, Note_on_c, 15, 65, 0
24, 1498624, Note_on_c, 15, 58, 72
24, 1499372, Note_on_c, 15, 58, 0
24, 1501696, Note_on_c, 15, 56, 75
24, 1502444, Note_on_c, 15, 56, 0
24, 1504768, Note_on_c, 15, 55, 78
24, 1505516, Note_on_c, 15, 55, 0
24, 1505792, Note_on_c, 15, 53, 79
24, 1506304, Note_on_c, 15, 53, 0
24, 1506304, Note_on_c, 15, 51, 80
24, 1507840, Note_on_c, 15, 51, 0
24, 1507840, Note_on_c, 15, 52, 81
24, 1508588, Note_on_c, 15, 52, 0
24, 1510912, Note_on_c, 15, 53, 73
24, 1511660, Note_on_c, 15, 53, 0
24, 1513984, Note_on_c, 15, 53, 80
24, 1514732, Note_on_c, 15, 53, 0
24, 1517056, Note_on_c, 15, 53, 86
24, 1517804, Note_on_c, 15, 53, 0
24, 1518592, Note_on_c, 15, 58, 89
24, 1519104, Note_on_c, 15, 58, 0
24, 1519616, Note_on_c, 15, 53, 91
24, 1519872, Note_on_c, 15, 53, 0
24, 1520128, Note_on_c, 15, 53, 92
24, 1520640, Note_on_c, 15, 53, 0
24, 1521152, Note_on_c, 15, 58, 92
24, 1521408, Note_on_c, 15, 58, 0
24, 1521664, Note_on_c, 15, 58, 91
24, 1522412, Note_on_c, 15, 58, 0
24, 1523200, Note_on_c, 15, 58, 88
24, 1523948, Note_on_c, 15, 58, 0
24, 1526272, Note_on_c, 15, 58, 82
24, 1527020, Note_on_c, 15, 58, 0
24, 1529344, Note_on_c, 15, 51, 75
24, 1530092, Note_on_c, 15, 51, 0
24, 1532416, Note_on_c, 15, 51, 80
24, 1533164, Note_on_c, 15, 51, 0
24, 1535488, Note_on_c, 15, 53, 85
24, 1536236, Note_on_c, 15, 53, 0
24, 1538560, Note_on_c, 15, 53, 91
24, 1539308, Note_on_c, 15, 53, 0
24, 1541632, Note_on_c, 15, 53, 96
24, 1542380, Note_on_c, 15, 53, 0
24, 1543168, Note_on_c, 15, 58, 98
24, 1543916, Note_on_c, 15, 58, 0
24, 1544704, Note_on_c, 15, 53, 99
24, 1545452, Note_on_c, 15, 53, 0
24, 1546240, Note_on_c, 15, 62, 108
24, 1546496, Note_on_c, 15, 62, 0
24, 1546752, Note_on_c, 15, 62, 100
24, 1547008, Note_on_c, 15, 62, 0
24, 1547264, Note_on_c, 15, 62, 100
24, 1547520, Note_on_c, 15, 62, 0
24, 1547776, Note_on_c, 15, 62, 100
24, 1548032, Note_on_c, 15, 62, 0
24, 1548288, Note_on_c, 15, 63, 100
24, 1548544, Note_on_c, 15, 63, 0
24, 1548800, Note_on_c, 15, 65, 100
24, 1549056, Note_on_c, 15, 65, 0
24, 1549312, Note_on_c, 15, 65, 106
24, 1549568, Note_on_c, 15, 65, 0
24, 1549824, Note_on_c, 15, 67, 100
24, 1550080, Note_on_c, 15, 67, 0
24, 1550336, Note_on_c, 15, 65, 100
24, 1550592, Note_on_c, 15, 65, 0
24, 1550848, Note_on_c, 15, 63, 100
24, 1551104, Note_on_c, 15, 63, 0
24, 1551360, Note_on_c, 15, 62, 100
24, 1551616, Note_on_c, 15, 62, 0
24, 1551872, Note_on_c, 15, 60, 100
24, 1552128, Note_on_c, 15, 60, 0
24, 1552384, Note_on_c, 15, 58, 106
24, 1552640, Note_on_c, 15, 58, 0
24, 1552896, Note_on_c, 15, 57, 100
24, 1553152, Note_on_c, 15, 57, 0
24, 1553408, Note_on_c, 15, 58, 100
24, 1553664, Note_on_c, 15, 58, 0
24, 1553920, Note_on_c, 15, 59, 100
24, 1554176, Note_on_c, 15, 59, 0
24, 1554432, Note_on_c, 15, 60, 100
24, 1554688, Note_on_c, 15, 60, 0
24, 1554944, Note_on_c, 15, 62, 100
24, 1555200, Note_on_c, 15, 62, 0
24, 1555456, Note_on_c, 15, 60, 106
24, 1555712, Note_on_c, 15, 60, 0
24, 1555968, Note_on_c, 15, 53, 100
24, 1556224, Note_on_c, 15, 53, 0
24, 1556480, Note_on_c, 15, 53, 100
24, 1556736, Note_on_c, 15, 53, 0
24, 1556992, Note_on_c, 15, 58, 100
24, 1557248, Note_on_c, 15, 58, 0
24, 1557504, Note_on_c, 15, 46, 100
24, 1557760, Note_on_c, 15, 46, 0
24, 1558016, Note_on_c, 15, 46, 100
24, 1558272, Note_on_c, 15, 46, 0
24, 1558528, Note_on_c, 15, 65, 106
24, 1559276, Note_on_c, 15, 65, 0
24, 1559552, Note_on_c, 15, 53, 100
24, 1559926, Note_on_c, 15, 53, 0
24, 1560064, Note_on_c, 15, 53, 114
24, 1562624, Note_on_c, 15, 53, 0
24, 1562624, Note_on_c, 15, 55, 100
24, 1562998, Note_on_c, 15, 55, 0
24, 1563136, Note_on_c, 15, 55, 114
24, 1565696, Note_on_c, 15, 55, 0
24, 1565696, Note_on_c, 15, 57, 100
24, 1566070, Note_on_c, 15, 57, 0
24, 1566208, Note_on_c, 15, 62, 100
24, 1566956, Note_on_c, 15, 62, 0
24, 1567232, Note_on_c, 15, 60, 100
24, 1567606, Note_on_c, 15, 60, 0
24, 1567744, Note_on_c, 15, 58, 106
24, 1568492, Note_on_c, 15, 58, 0
24, 1569280, Note_on_c, 15, 57, 100
24, 1570028, Note_on_c, 15, 57, 0
24, 1570816, Note_on_c, 15, 57, 106
24, 1571564, Note_on_c, 15, 57, 0
24, 1572352, Note_on_c, 15, 55, 100
24, 1573100, Note_on_c, 15, 55, 0
24, 1573888, Note_on_c, 15, 55, 106
24, 1574636, Note_on_c, 15, 55, 0
24, 1575424, Note_on_c, 15, 54, 100
24, 1576172, Note_on_c, 15, 54, 0
24, 1576960, Note_on_c, 15, 55, 106
24, 1577708, Note_on_c, 15, 55, 0
24, 1577984, Note_on_c, 15, 67, 100
24, 1578358, Note_on_c, 15, 67, 0
24, 1578496, Note_on_c, 15, 67, 113
24, 1581056, Note_on_c, 15, 67, 0
24, 1581056, Note_on_c, 15, 69, 100
24, 1581430, Note_on_c, 15, 69, 0
24, 1581568, Note_on_c, 15, 69, 116
24, 1582689, Note_on_c, 15, 69, 0
24, 1601536, Note_on_c, 15, 63, 108
24, 1601792, Note_on_c, 15, 63, 0
24, 1602048, Note_on_c, 15, 63, 100
24, 1602304, Note_on_c, 15, 63, 0
24, 1602560, Note_on_c, 15, 63, 100
24, 1602816, Note_on_c, 15, 63, 0
24, 1603072, Note_on_c, 15, 63, 100
24, 1603328, Note_on_c, 15, 63, 0
24, 1603584, Note_on_c, 15, 65, 100
24, 1603840, Note_on_c, 15, 65, 0
24, 1604096, Note_on_c, 15, 67, 100
24, 1604352, Note_on_c, 15, 67, 0
24, 1604608, Note_on_c, 15, 67, 108
24, 1604864, Note_on_c, 15, 67, 0
24, 1605120, Note_on_c, 15, 68, 100
24, 1605376, Note_on_c, 15, 68, 0
24, 1605632, Note_on_c, 15, 67, 100
24, 1605888, Note_on_c, 15, 67, 0
24, 1606144, Note_on_c, 15, 65, 100
24, 1606400, Note_on_c, 15, 65, 0
24, 1606656, Note_on_c, 15, 63, 100
24, 1606912, Note_on_c, 15, 63, 0
24, 1607168, Note_on_c, 15, 62, 100
24, 1607424, Note_on_c, 15, 62, 0
24, 1607680, Note_on_c, 15, 60, 108
24, 1607936, Note_on_c, 15, 60, 0
24, 1608192, Note_on_c, 15, 59, 100
24, 1608448, Note_on_c, 15, 59, 0
24, 1608704, Note_on_c, 15, 60, 100
24, 1608960, Note_on_c, 15, 60, 0
24, 1609216, Note_on_c, 15, 60, 100
24, 1609472, Note_on_c, 15, 60, 0
24, 1609728, Note_on_c, 15, 62, 100
24, 1609984, Note_on_c, 15, 62, 0
24, 1610240, Note_on_c, 15, 63, 100
24, 1610496, Note_on_c, 15, 63, 0
24, 1610752, Note_on_c, 15, 62, 100
24, 1611008, Note_on_c, 15, 62, 0
24, 1611264, Note_on_c, 15, 55, 100
24, 1611520, Note_on_c, 15, 55, 0
24, 1611776, Note_on_c, 15, 55, 100
24, 1612032, Note_on_c, 15, 55, 0
24, 1612288, Note_on_c, 15, 60, 100
24, 1612544, Note_on_c, 15, 60, 0
24, 1612800, Note_on_c, 15, 48, 100
24, 1613056, Note_on_c, 15, 48, 0
24, 1613312, Note_on_c, 15, 48, 100
24, 1613568, Note_on_c, 15, 48, 0
24, 1613824, Note_on_c, 15, 62, 108
24, 1614080, Note_on_c, 15, 62, 0
24, 1614336, Note_on_c, 15, 58, 100
24, 1614592, Note_on_c, 15, 58, 0
24, 1614848, Note_on_c, 15, 58, 100
24, 1615104, Note_on_c, 15, 58, 0
24, 1615360, Note_on_c, 15, 65, 100
24, 1615616, Note_on_c, 15, 65, 0
24, 1615872, Note_on_c, 15, 58, 100
24, 1616128, Note_on_c, 15, 58, 0
24, 1616384, Note_on_c, 15, 58, 100
24, 1616640, Note_on_c, 15, 58, 0
24, 1616896, Note_on_c, 15, 63, 108
24, 1617152, Note_on_c, 15, 63, 0
24, 1617408, Note_on_c, 15, 58, 100
24, 1617664, Note_on_c, 15, 58, 0
24, 1617920, Note_on_c, 15, 53, 100
24, 1618176, Note_on_c, 15, 53, 0
24, 1618432, Note_on_c, 15, 58, 100
24, 1619180, Note_on_c, 15, 58, 0
24, 1619456, Note_on_c, 15, 56, 100
24, 1619712, Note_on_c, 15, 56, 0
24, 1619968, Note_on_c, 15, 55, 108
24, 1620224, Note_on_c, 15, 55, 0
24, 1620480, Note_on_c, 15, 56, 100
24, 1620736, Note_on_c, 15, 56, 0
24, 1620992, Note_on_c, 15, 58, 100
24, 1621248, Note_on_c, 15, 58, 0
24, 1621504, Note_on_c, 15, 58, 100
24, 1621760, Note_on_c, 15, 58, 0
24, 1622016, Note_on_c, 15, 58, 100
24, 1622272, Note_on_c, 15, 58, 0
24, 1622528, Note_on_c, 15, 58, 100
24, 1622784, Note_on_c, 15, 58, 0
24, 1623040, Note_on_c, 15, 58, 108
24, 1623296, Note_on_c, 15, 58, 0
24, 1623552, Note_on_c, 15, 60, 100
24, 1623808, Note_on_c, 15, 60, 0
24, 1624064, Note_on_c, 15, 58, 100
24, 1624320, Note_on_c, 15, 58, 0
24, 1624576, Note_on_c, 15, 56, 100
24, 1624832, Note_on_c, 15, 56, 0
24, 1625088, Note_on_c, 15, 55, 100
24, 1625344, Note_on_c, 15, 55, 0
24, 1625600, Note_on_c, 15, 53, 100
24, 1625856, Note_on_c, 15, 53, 0
24, 1626112, Note_on_c, 15, 51, 108
24, 1626368, Note_on_c, 15, 51, 0
24, 1626624, Note_on_c, 15, 53, 100
24, 1626880, Note_on_c, 15, 53, 0
24, 1627136, Note_on_c, 15, 51, 100
24, 1627392, Note_on_c, 15, 51, 0
24, 1627648, Note_on_c, 15, 52, 100
24, 1627904, Note_on_c, 15, 52, 0
24, 1628160, Note_on_c, 15, 53, 100
24, 1628416, Note_on_c, 15, 53, 0
24, 1628672, Note_on_c, 15, 55, 100
24, 1628928, Note_on_c, 15, 55, 0
24, 1629184, Note_on_c, 15, 53, 108
24, 1629440, Note_on_c, 15, 53, 0
24, 1629696, Note_on_c, 15, 48, 101
24, 1629952, Note_on_c, 15, 48, 0
24, 1630208, Note_on_c, 15, 48, 101
24, 1630464, Note_on_c, 15, 48, 0
24, 1630720, Note_on_c, 15, 60, 101
24, 1630976, Note_on_c, 15, 60, 0
24, 1631232, Note_on_c, 15, 48, 101
24, 1631488, Note_on_c, 15, 48, 0
24, 1631744, Note_on_c, 15, 48, 101
24, 1632000, Note_on_c, 15, 48, 0
24, 1632256, Note_on_c, 15, 60, 108
24, 1632512, Note_on_c, 15, 60, 0
24, 1632768, Note_on_c, 15, 53, 101
24, 1633024, Note_on_c, 15, 53, 0
24, 1633280, Note_on_c, 15, 53, 101
24, 1633536, Note_on_c, 15, 53, 0
24, 1633792, Note_on_c, 15, 65, 101
24, 1634048, Note_on_c, 15, 65, 0
24, 1634304, Note_on_c, 15, 53, 101
24, 1634560, Note_on_c, 15, 53, 0
24, 1634816, Note_on_c, 15, 53, 101
24, 1635072, Note_on_c, 15, 53, 0
24, 1635328, Note_on_c, 15, 65, 108
24, 1635584, Note_on_c, 15, 65, 0
24, 1635840, Note_on_c, 15, 53, 101
24, 1636096, Note_on_c, 15, 53, 0
24, 1636352, Note_on_c, 15, 53, 101
24, 1636608, Note_on_c, 15, 53, 0
24, 1636864, Note_on_c, 15, 65, 101
24, 1637120, Note_on_c, 15, 65, 0
24, 1637376, Note_on_c, 15, 53, 101
24, 1637632, Note_on_c, 15, 53, 0
24, 1637888, Note_on_c, 15, 53, 101
24, 1638144, Note_on_c, 15, 53, 0
24, 1638400, Note_on_c, 15, 67, 106
24, 1638656, Note_on_c, 15, 67, 0
24, 1638912, Note_on_c, 15, 55, 101
24, 1639168, Note_on_c, 15, 55, 0
24, 1639424, Note_on_c, 15, 55, 101
24, 1639680, Note_on_c, 15, 55, 0
24, 1639936, Note_on_c, 15, 67, 101
24, 1640192, Note_on_c, 15, 67, 0
24, 1640448, Note_on_c, 15, 55, 101
24, 1640704, Note_on_c, 15, 55, 0
24, 1640960, Note_on_c, 15, 55, 101
24, 1641216, Note_on_c, 15, 55, 0
24, 1641472, Note_on_c, 15, 68, 108
24, 1641728, Note_on_c, 15, 68, 0
24, 1641984, Note_on_c, 15, 56, 101
24, 1642240, Note_on_c, 15, 56, 0
24, 1642496, Note_on_c, 15, 56, 101
24, 1642752, Note_on_c, 15, 56, 0
24, 1643008, Note_on_c, 15, 63, 101
24, 1643264, Note_on_c, 15, 63, 0
24, 1643520, Note_on_c, 15, 51, 101
24, 1643776, Note_on_c, 15, 51, 0
24, 1644032, Note_on_c, 15, 51, 101
24, 1644288, Note_on_c, 15, 51, 0
24, 1644544, Note_on_c, 15, 51, 109
24, 1644800, Note_on_c, 15, 51, 0
24, 1645056, Note_on_c, 15, 51, 101
24, 1645312, Note_on_c, 15, 51, 0
24, 1645568, Note_on_c, 15, 51, 101
24, 1645824, Note_on_c, 15, 51, 0
24, 1646080, Note_on_c, 15, 51, 101
24, 1646336, Note_on_c, 15, 51, 0
24, 1646592, Note_on_c, 15, 53, 101
24, 1646848, Note_on_c, 15, 53, 0
24, 1647104, Note_on_c, 15, 54, 101
24, 1647360, Note_on_c, 15, 54, 0
24, 1647616, Note_on_c, 15, 54, 108
24, 1647872, Note_on_c, 15, 54, 0
24, 1648128, Note_on_c, 15, 54, 101
24, 1648384, Note_on_c, 15, 54, 0
24, 1648640, Note_on_c, 15, 54, 101
24, 1648896, Note_on_c, 15, 54, 0
24, 1649152, Note_on_c, 15, 54, 101
24, 1649408, Note_on_c, 15, 54, 0
24, 1649664, Note_on_c, 15, 53, 101
24, 1649920, Note_on_c, 15, 53, 0
24, 1650176, Note_on_c, 15, 51, 101
24, 1650432, Note_on_c, 15, 51, 0
24, 1650688, Note_on_c, 15, 49, 108
24, 1650944, Note_on_c, 15, 49, 0
24, 1651200, Note_on_c, 15, 49, 101
24, 1651456, Note_on_c, 15, 49, 0
24, 1651712, Note_on_c, 15, 49, 101
24, 1651968, Note_on_c, 15, 49, 0
24, 1652224, Note_on_c, 15, 49, 101
24, 1652480, Note_on_c, 15, 49, 0
24, 1652736, Note_on_c, 15, 51, 101
24, 1652992, Note_on_c, 15, 51, 0
24, 1653248, Note_on_c, 15, 53, 101
24, 1653504, Note_on_c, 15, 53, 0
24, 1653760, Note_on_c, 15, 53, 108
24, 1654016, Note_on_c, 15, 53, 0
24, 1654272, Note_on_c, 15, 53, 101
24, 1654528, Note_on_c, 15, 53, 0
24, 1654784, Note_on_c, 15, 53, 101
24, 1655040, Note_on_c, 15, 53, 0
24, 1655296, Note_on_c, 15, 53, 101
24, 1655552, Note_on_c, 15, 53, 0
24, 1655808, Note_on_c, 15, 51, 101
24, 1656064, Note_on_c, 15, 51, 0
24, 1656320, Note_on_c, 15, 49, 101
24, 1656576, Note_on_c, 15, 49, 0
24, 1656832, Note_on_c, 15, 48, 106
24, 1657088, Note_on_c, 15, 48, 0
24, 1657344, Note_on_c, 15, 48, 101
24, 1657600, Note_on_c, 15, 48, 0
24, 1657856, Note_on_c, 15, 48, 101
24, 1658112, Note_on_c, 15, 48, 0
24, 1658368, Note_on_c, 15, 48, 101
24, 1658624, Note_on_c, 15, 48, 0
24, 1658880, Note_on_c, 15, 49, 101
24, 1659136, Note_on_c, 15, 49, 0
24, 1659392, Note_on_c, 15, 51, 101
24, 1659648, Note_on_c, 15, 51, 0
24, 1659904, Note_on_c, 15, 51, 108
24, 1660160, Note_on_c, 15, 51, 0
24, 1660416, Note_on_c, 15, 53, 101
24, 1660672, Note_on_c, 15, 53, 0
24, 1660928, Note_on_c, 15, 54, 101
24, 1661184, Note_on_c, 15, 54, 0
24, 1661440, Note_on_c, 15, 53, 101
24, 1661696, Note_on_c, 15, 53, 0
24, 1661952, Note_on_c, 15, 65, 101
24, 1662208, Note_on_c, 15, 65, 0
24, 1662464, Note_on_c, 15, 65, 101
24, 1662720, Note_on_c, 15, 65, 0
24, 1662976, Note_on_c, 15, 65, 107
24, 1663724, Note_on_c, 15, 65, 0
24, 1664000, Note_on_c, 15, 46, 101
24, 1664374, Note_on_c, 15, 46, 0
24, 1664512, Note_on_c, 15, 46, 101
24, 1666796, Note_on_c, 15, 46, 0
24, 1667072, Note_on_c, 15, 48, 101
24, 1667446, Note_on_c, 15, 48, 0
24, 1667584, Note_on_c, 15, 48, 101
24, 1669868, Note_on_c, 15, 48, 0
24, 1670144, Note_on_c, 15, 49, 101
24, 1670518, Note_on_c, 15, 49, 0
24, 1670656, Note_on_c, 15, 54, 101
24, 1671404, Note_on_c, 15, 54, 0
24, 1671680, Note_on_c, 15, 53, 101
24, 1672054, Note_on_c, 15, 53, 0
24, 1672192, Note_on_c, 15, 51, 108
24, 1672940, Note_on_c, 15, 51, 0
24, 1673216, Note_on_c, 15, 51, 101
24, 1673590, Note_on_c, 15, 51, 0
24, 1673728, Note_on_c, 15, 56, 101
24, 1674476, Note_on_c, 15, 56, 0
24, 1674752, Note_on_c, 15, 54, 101
24, 1675126, Note_on_c, 15, 54, 0
24, 1675264, Note_on_c, 15, 53, 109
24, 1676012, Note_on_c, 15, 53, 0
24, 1676288, Note_on_c, 15, 53, 101
24, 1676662, Note_on_c, 15, 53, 0
24, 1676800, Note_on_c, 15, 58, 101
24, 1677548, Note_on_c, 15, 58, 0
24, 1677824, Note_on_c, 15, 56, 101
24, 1678198, Note_on_c, 15, 56, 0
24, 1678336, Note_on_c, 15, 54, 108
24, 1679084, Note_on_c, 15, 54, 0
24, 1679360, Note_on_c, 15, 54, 101
24, 1679734, Note_on_c, 15, 54, 0
24, 1679872, Note_on_c, 15, 59, 101
24, 1680620, Note_on_c, 15, 59, 0
24, 1680896, Note_on_c, 15, 58, 101
24, 1681270, Note_on_c, 15, 58, 0
24, 1681408, Note_on_c, 15, 56, 108
24, 1682156, Note_on_c, 15, 56, 0
24, 1682432, Note_on_c, 15, 56, 101
24, 1682806, Note_on_c, 15, 56, 0
24, 1682944, Note_on_c, 15, 61, 101
24, 1683692, Note_on_c, 15, 61, 0
24, 1683968, Note_on_c, 15, 59, 101
24, 1684342, Note_on_c, 15, 59, 0
24, 1684480, Note_on_c, 15, 58, 109
24, 1684736, Note_on_c, 15, 58, 0
24, 1684992, Note_on_c, 15, 56, 102
24, 1685248, Note_on_c, 15, 56, 0
24, 1685504, Note_on_c, 15, 54, 103
24, 1685760, Note_on_c, 15, 54, 0
24, 1686016, Note_on_c, 15, 61, 104
24, 1686272, Note_on_c, 15, 61, 0
24, 1686528, Note_on_c, 15, 49, 106
24, 1686784, Note_on_c, 15, 49, 0
24, 1687040, Note_on_c, 15, 49, 107
24, 1687296, Note_on_c, 15, 49, 0
24, 1687552, Note_on_c, 15, 54, 114
24, 1688064, Note_on_c, 15, 54, 0
24, 1689088, Note_on_c, 15, 58, 107
24, 1689344, Note_on_c, 15, 58, 0
24, 1689600, Note_on_c, 15, 58, 106
24, 1689856, Note_on_c, 15, 58, 0
24, 1690112, Note_on_c, 15, 58, 105
24, 1690368, Note_on_c, 15, 58, 0
24, 1690624, Note_on_c, 15, 58, 110
24, 1690880, Note_on_c, 15, 58, 0
24, 1691136, Note_on_c, 15, 59, 104
24, 1691392, Note_on_c, 15, 59, 0
24, 1691648, Note_on_c, 15, 61, 103
24, 1691904, Note_on_c, 15, 61, 0
24, 1692160, Note_on_c, 15, 61, 102
24, 1692416, Note_on_c, 15, 61, 0
24, 1692672, Note_on_c, 15, 63, 101
24, 1692928, Note_on_c, 15, 63, 0
24, 1693184, Note_on_c, 15, 61, 101
24, 1693440, Note_on_c, 15, 61, 0
24, 1693696, Note_on_c, 15, 59, 109
24, 1693952, Note_on_c, 15, 59, 0
24, 1694208, Note_on_c, 15, 58, 99
24, 1694464, Note_on_c, 15, 58, 0
24, 1694720, Note_on_c, 15, 56, 98
24, 1694976, Note_on_c, 15, 56, 0
24, 1695232, Note_on_c, 15, 54, 97
24, 1695488, Note_on_c, 15, 54, 0
24, 1695744, Note_on_c, 15, 54, 96
24, 1696000, Note_on_c, 15, 54, 0
24, 1696256, Note_on_c, 15, 54, 96
24, 1696512, Note_on_c, 15, 54, 0
24, 1696768, Note_on_c, 15, 54, 104
24, 1697024, Note_on_c, 15, 54, 0
24, 1697280, Note_on_c, 15, 56, 94
24, 1697536, Note_on_c, 15, 56, 0
24, 1697792, Note_on_c, 15, 58, 93
24, 1698048, Note_on_c, 15, 58, 0
24, 1698304, Note_on_c, 15, 58, 92
24, 1698560, Note_on_c, 15, 58, 0
24, 1698816, Note_on_c, 15, 59, 92
24, 1699072, Note_on_c, 15, 59, 0
24, 1699328, Note_on_c, 15, 58, 92
24, 1699584, Note_on_c, 15, 58, 0
24, 1699840, Note_on_c, 15, 56, 100
24, 1700096, Note_on_c, 15, 56, 0
24, 1700352, Note_on_c, 15, 54, 92
24, 1700608, Note_on_c, 15, 54, 0
24, 1700864, Note_on_c, 15, 53, 92
24, 1701120, Note_on_c, 15, 53, 0
24, 1701376, Note_on_c, 15, 51, 92
24, 1701888, Note_on_c, 15, 51, 0
24, 1715200, Note_on_c, 15, 58, 100
24, 1715456, Note_on_c, 15, 58, 0
24, 1715712, Note_on_c, 15, 58, 92
24, 1715968, Note_on_c, 15, 58, 0
24, 1716224, Note_on_c, 15, 58, 92
24, 1716480, Note_on_c, 15, 58, 0
24, 1716736, Note_on_c, 15, 58, 94
24, 1716992, Note_on_c, 15, 58, 0
24, 1717248, Note_on_c, 15, 60, 94
24, 1717504, Note_on_c, 15, 60, 0
24, 1717760, Note_on_c, 15, 61, 94
24, 1718016, Note_on_c, 15, 61, 0
24, 1718272, Note_on_c, 15, 58, 101
24, 1718528, Note_on_c, 15, 58, 0
24, 1718784, Note_on_c, 15, 56, 95
24, 1719040, Note_on_c, 15, 56, 0
24, 1719296, Note_on_c, 15, 54, 95
24, 1719552, Note_on_c, 15, 54, 0
24, 1722880, Note_on_c, 15, 54, 98
24, 1723136, Note_on_c, 15, 54, 0
24, 1723392, Note_on_c, 15, 54, 98
24, 1723648, Note_on_c, 15, 54, 0
24, 1723904, Note_on_c, 15, 54, 98
24, 1724160, Note_on_c, 15, 54, 0
24, 1724416, Note_on_c, 15, 55, 104
24, 1724672, Note_on_c, 15, 55, 0
24, 1724928, Note_on_c, 15, 67, 99
24, 1725184, Note_on_c, 15, 67, 0
24, 1725440, Note_on_c, 15, 67, 99
24, 1725696, Note_on_c, 15, 67, 0
24, 1725952, Note_on_c, 15, 67, 100
24, 1726208, Note_on_c, 15, 67, 0
24, 1726464, Note_on_c, 15, 66, 100
24, 1726720, Note_on_c, 15, 66, 0
24, 1726976, Note_on_c, 15, 64, 100
24, 1727232, Note_on_c, 15, 64, 0
24, 1727488, Note_on_c, 15, 64, 109
24, 1727744, Note_on_c, 15, 64, 0
24, 1728000, Note_on_c, 15, 62, 101
24, 1728256, Note_on_c, 15, 62, 0
24, 1728512, Note_on_c, 15, 61, 101
24, 1728768, Note_on_c, 15, 61, 0
24, 1729024, Note_on_c, 15, 66, 102
24, 1729280, Note_on_c, 15, 66, 0
24, 1729536, Note_on_c, 15, 54, 102
24, 1729792, Note_on_c, 15, 54, 0
24, 1730048, Note_on_c, 15, 54, 102
24, 1730304, Note_on_c, 15, 54, 0
24, 1730560, Note_on_c, 15, 62, 112
24, 1730816, Note_on_c, 15, 62, 0
24, 1731072, Note_on_c, 15, 62, 103
24, 1731328, Note_on_c, 15, 62, 0
24, 1731584, Note_on_c, 15, 62, 103
24, 1731840, Note_on_c, 15, 62, 0
24, 1732096, Note_on_c, 15, 62, 103
24, 1732352, Note_on_c, 15, 62, 0
24, 1732608, Note_on_c, 15, 64, 103
24, 1732864, Note_on_c, 15, 64, 0
24, 1733120, Note_on_c, 15, 66, 103
24, 1733376, Note_on_c, 15, 66, 0
24, 1733632, Note_on_c, 15, 66, 113
24, 1733888, Note_on_c, 15, 66, 0
24, 1734144, Note_on_c, 15, 67, 103
24, 1734400, Note_on_c, 15, 67, 0
24, 1734656, Note_on_c, 15, 66, 103
24, 1734912, Note_on_c, 15, 66, 0
24, 1735168, Note_on_c, 15, 64, 103
24, 1735424, Note_on_c, 15, 64, 0
24, 1735680, Note_on_c, 15, 62, 103
24, 1735936, Note_on_c, 15, 62, 0
24, 1736192, Note_on_c, 15, 61, 103
24, 1736448, Note_on_c, 15, 61, 0
24, 1736704, Note_on_c, 15, 60, 112
24, 1736960, Note_on_c, 15, 60, 0
24, 1737216, Note_on_c, 15, 59, 103
24, 1737472, Note_on_c, 15, 59, 0
24, 1737728, Note_on_c, 15, 64, 103
24, 1738102, Note_on_c, 15, 64, 0
24, 1738240, Note_on_c, 15, 64, 116
24, 1740524, Note_on_c, 15, 64, 0
24, 1740800, Note_on_c, 15, 66, 103
24, 1741174, Note_on_c, 15, 66, 0
24, 1741312, Note_on_c, 15, 66, 116
24, 1742433, Note_on_c, 15, 66, 0
24, 1742848, Note_on_c, 15, 54, 112
24, 1743104, Note_on_c, 15, 54, 0
24, 1743360, Note_on_c, 15, 54, 103
24, 1743616, Note_on_c, 15, 54, 0
24, 1743872, Note_on_c, 15, 54, 103
24, 1744128, Note_on_c, 15, 54, 0
24, 1744384, Note_on_c, 15, 54, 103
24, 1744640, Note_on_c, 15, 54, 0
24, 1744896, Note_on_c, 15, 55, 103
24, 1745152, Note_on_c, 15, 55, 0
24, 1745408, Note_on_c, 15, 57, 103
24, 1745664, Note_on_c, 15, 57, 0
24, 1745920, Note_on_c, 15, 57, 113
24, 1746176, Note_on_c, 15, 57, 0
24, 1746432, Note_on_c, 15, 59, 103
24, 1746688, Note_on_c, 15, 59, 0
24, 1746944, Note_on_c, 15, 57, 103
24, 1747200, Note_on_c, 15, 57, 0
24, 1747456, Note_on_c, 15, 55, 103
24, 1747712, Note_on_c, 15, 55, 0
24, 1747968, Note_on_c, 15, 54, 103
24, 1748224, Note_on_c, 15, 54, 0
24, 1748480, Note_on_c, 15, 52, 103
24, 1748736, Note_on_c, 15, 52, 0
24, 1748992, Note_on_c, 15, 52, 110
24, 1749248, Note_on_c, 15, 52, 0
24, 1749504, Note_on_c, 15, 52, 103
24, 1749760, Note_on_c, 15, 52, 0
24, 1750016, Note_on_c, 15, 63, 103
24, 1750272, Note_on_c, 15, 63, 0
24, 1750528, Note_on_c, 15, 63, 119
24, 1752576, Note_on_c, 15, 63, 0
24, 1753088, Note_on_c, 15, 63, 103
24, 1753344, Note_on_c, 15, 63, 0
24, 1753600, Note_on_c, 15, 64, 103
24, 1754112, Note_on_c, 15, 64, 0
24, 1754624, Note_on_c, 15, 64, 103
24, 1754880, Note_on_c, 15, 64, 0
24, 1755136, Note_on_c, 15, 61, 111
24, 1755648, Note_on_c, 15, 61, 0
24, 1756160, Note_on_c, 15, 61, 103
24, 1756416, Note_on_c, 15, 61, 0
24, 1756672, Note_on_c, 15, 62, 103
24, 1757184, Note_on_c, 15, 62, 0
24, 1757696, Note_on_c, 15, 62, 103
24, 1757952, Note_on_c, 15, 62, 0
24, 1758208, Note_on_c, 15, 59, 111
24, 1758720, Note_on_c, 15, 59, 0
24, 1759232, Note_on_c, 15, 59, 103
24, 1759488, Note_on_c, 15, 59, 0
24, 1759744, Note_on_c, 15, 61, 103
24, 1760256, Note_on_c, 15, 61, 0
24, 1760768, Note_on_c, 15, 61, 103
24, 1761024, Note_on_c, 15, 61, 0
24, 1761280, Note_on_c, 15, 58, 111
24, 1761792, Note_on_c, 15, 58, 0
24, 1762304, Note_on_c, 15, 58, 103
24, 1762560, Note_on_c, 15, 58, 0
24, 1762816, Note_on_c, 15, 59, 103
24, 1763328, Note_on_c, 15, 59, 0
24, 1763840, Note_on_c, 15, 59, 103
24, 1764096, Note_on_c, 15, 59, 0
24, 1764352, Note_on_c, 15, 64, 111
24, 1764608, Note_on_c, 15, 64, 0
24, 1764864, Note_on_c, 15, 64, 103
24, 1765120, Note_on_c, 15, 64, 0
24, 1765376, Note_on_c, 15, 64, 103
24, 1765632, Note_on_c, 15, 64, 0
24, 1765888, Note_on_c, 15, 62, 103
24, 1766144, Note_on_c, 15, 62, 0
24, 1766400, Note_on_c, 15, 61, 103
24, 1766656, Note_on_c, 15, 61, 0
24, 1766912, Note_on_c, 15, 59, 103
24, 1767168, Note_on_c, 15, 59, 0
24, 1767424, Note_on_c, 15, 58, 111
24, 1767680, Note_on_c, 15, 58, 0
24, 1767936, Note_on_c, 15, 59, 103
24, 1768192, Note_on_c, 15, 59, 0
24, 1768448, Note_on_c, 15, 61, 103
24, 1768704, Note_on_c, 15, 61, 0
24, 1768960, Note_on_c, 15, 61, 119
24, 1769216, Note_on_c, 15, 61, 0
24, 1769472, Note_on_c, 15, 61, 103
24, 1769728, Note_on_c, 15, 61, 0
24, 1769984, Note_on_c, 15, 61, 103
24, 1770240, Note_on_c, 15, 61, 0
24, 1770496, Note_on_c, 15, 61, 112
24, 1770752, Note_on_c, 15, 61, 0
24, 1771008, Note_on_c, 15, 62, 103
24, 1771264, Note_on_c, 15, 62, 0
24, 1771520, Note_on_c, 15, 61, 103
24, 1771776, Note_on_c, 15, 61, 0
24, 1772032, Note_on_c, 15, 59, 103
24, 1772288, Note_on_c, 15, 59, 0
24, 1772544, Note_on_c, 15, 58, 103
24, 1772800, Note_on_c, 15, 58, 0
24, 1773056, Note_on_c, 15, 56, 103
24, 1773312, Note_on_c, 15, 56, 0
24, 1773568, Note_on_c, 15, 44, 111
24, 1774316, Note_on_c, 15, 44, 0
24, 1774592, Note_on_c, 15, 56, 103
24, 1774966, Note_on_c, 15, 56, 0
24, 1775104, Note_on_c, 15, 56, 120
24, 1777388, Note_on_c, 15, 56, 0
24, 1777664, Note_on_c, 15, 56, 103
24, 1778038, Note_on_c, 15, 56, 0
24, 1778176, Note_on_c, 15, 58, 119
24, 1778924, Note_on_c, 15, 58, 0
24, 1779712, Note_on_c, 15, 42, 111
24, 1780460, Note_on_c, 15, 42, 0
24, 1780736, Note_on_c, 15, 54, 103
24, 1781110, Note_on_c, 15, 54, 0
24, 1781248, Note_on_c, 15, 54, 119
24, 1783532, Note_on_c, 15, 54, 0
24, 1783808, Note_on_c, 15, 54, 103
24, 1784182, Note_on_c, 15, 54, 0
24, 1784320, Note_on_c, 15, 56, 118
24, 1785068, Note_on_c, 15, 56, 0
24, 1785856, Note_on_c, 15, 59, 112
24, 1786112, Note_on_c, 15, 59, 0
24, 1786368, Note_on_c, 15, 61, 95
24, 1786624, Note_on_c, 15, 61, 0
24, 1786880, Note_on_c, 15, 62, 95
24, 1787136, Note_on_c, 15, 62, 0
24, 1787392, Note_on_c, 15, 62, 111
24, 1787648, Note_on_c, 15, 62, 0
24, 1787904, Note_on_c, 15, 62, 96
24, 1788160, Note_on_c, 15, 62, 0
24, 1788416, Note_on_c, 15, 62, 96
24, 1788672, Note_on_c, 15, 62, 0
24, 1788928, Note_on_c, 15, 62, 102
24, 1789184, Note_on_c, 15, 62, 0
24, 1789440, Note_on_c, 15, 64, 97
24, 1789696, Note_on_c, 15, 64, 0
24, 1789952, Note_on_c, 15, 62, 97
24, 1790208, Note_on_c, 15, 62, 0
24, 1790464, Note_on_c, 15, 61, 97
24, 1790720, Note_on_c, 15, 61, 0
24, 1790976, Note_on_c, 15, 62, 98
24, 1791232, Note_on_c, 15, 62, 0
24, 1791488, Note_on_c, 15, 61, 98
24, 1791744, Note_on_c, 15, 61, 0
24, 1792000, Note_on_c, 15, 64, 105
24, 1792256, Note_on_c, 15, 64, 0
24, 1792512, Note_on_c, 15, 66, 98
24, 1792768, Note_on_c, 15, 66, 0
24, 1793024, Note_on_c, 15, 64, 99
24, 1793280, Note_on_c, 15, 64, 0
24, 1793536, Note_on_c, 15, 62, 99
24, 1793792, Note_on_c, 15, 62, 0
24, 1794048, Note_on_c, 15, 64, 99
24, 1794304, Note_on_c, 15, 64, 0
24, 1794560, Note_on_c, 15, 62, 100
24, 1794816, Note_on_c, 15, 62, 0
24, 1795072, Note_on_c, 15, 66, 106
24, 1795328, Note_on_c, 15, 66, 0
24, 1795584, Note_on_c, 15, 67, 100
24, 1795840, Note_on_c, 15, 67, 0
24, 1796096, Note_on_c, 15, 66, 101
24, 1796352, Note_on_c, 15, 66, 0
24, 1796608, Note_on_c, 15, 64, 101
24, 1796864, Note_on_c, 15, 64, 0
24, 1797120, Note_on_c, 15, 66, 101
24, 1797376, Note_on_c, 15, 66, 0
24, 1797632, Note_on_c, 15, 64, 102
24, 1797888, Note_on_c, 15, 64, 0
24, 1798144, Note_on_c, 15, 55, 108
24, 1798400, Note_on_c, 15, 55, 0
24, 1798656, Note_on_c, 15, 57, 102
24, 1798912, Note_on_c, 15, 57, 0
24, 1799168, Note_on_c, 15, 55, 103
24, 1799424, Note_on_c, 15, 55, 0
24, 1799680, Note_on_c, 15, 54, 103
24, 1799936, Note_on_c, 15, 54, 0
24, 1800192, Note_on_c, 15, 55, 103
24, 1800448, Note_on_c, 15, 55, 0
24, 1800704, Note_on_c, 15, 54, 103
24, 1800960, Note_on_c, 15, 54, 0
24, 1801216, Note_on_c, 15, 57, 111
24, 1801472, Note_on_c, 15, 57, 0
24, 1801728, Note_on_c, 15, 59, 104
24, 1801984, Note_on_c, 15, 59, 0
24, 1802240, Note_on_c, 15, 57, 104
24, 1802496, Note_on_c, 15, 57, 0
24, 1802752, Note_on_c, 15, 55, 105
24, 1803008, Note_on_c, 15, 55, 0
24, 1803264, Note_on_c, 15, 57, 105
24, 1803520, Note_on_c, 15, 57, 0
24, 1803776, Note_on_c, 15, 55, 105
24, 1804032, Note_on_c, 15, 55, 0
24, 1804288, Note_on_c, 15, 55, 114
24, 1804544, Note_on_c, 15, 55, 0
24, 1804800, Note_on_c, 15, 57, 106
24, 1805056, Note_on_c, 15, 57, 0
24, 1805312, Note_on_c, 15, 55, 106
24, 1805568, Note_on_c, 15, 55, 0
24, 1805824, Note_on_c, 15, 43, 107
24, 1806080, Note_on_c, 15, 43, 0
24, 1806336, Note_on_c, 15, 45, 107
24, 1806592, Note_on_c, 15, 45, 0
24, 1806848, Note_on_c, 15, 43, 107
24, 1807104, Note_on_c, 15, 43, 0
24, 1807360, Note_on_c, 15, 43, 115
24, 1807616, Note_on_c, 15, 43, 0
24, 1807872, Note_on_c, 15, 45, 108
24, 1808128, Note_on_c, 15, 45, 0
24, 1808384, Note_on_c, 15, 43, 108
24, 1808640, Note_on_c, 15, 43, 0
24, 1808896, Note_on_c, 15, 42, 108
24, 1809152, Note_on_c, 15, 42, 0
24, 1809408, Note_on_c, 15, 43, 109
24, 1809664, Note_on_c, 15, 43, 0
24, 1809920, Note_on_c, 15, 42, 109
24, 1810176, Note_on_c, 15, 42, 0
24, 1810432, Note_on_c, 15, 42, 121
24, 1811180, Note_on_c, 15, 42, 0
24, 1811456, Note_on_c, 15, 54, 109
24, 1811830, Note_on_c, 15, 54, 0
24, 1811968, Note_on_c, 15, 66, 122
24, 1814252, Note_on_c, 15, 66, 0
24, 1814528, Note_on_c, 15, 66, 109
24, 1814902, Note_on_c, 15, 66, 0
24, 1815040, Note_on_c, 15, 54, 124
24, 1817324, Note_on_c, 15, 54, 0
24, 1817600, Note_on_c, 15, 54, 109
24, 1817974, Note_on_c, 15, 54, 0
24, 1818112, Note_on_c, 15, 42, 124
24, 1820396, Note_on_c, 15, 42, 0
24, 1820672, Note_on_c, 15, 42, 108
24, 1821046, Note_on_c, 15, 42, 0
24, 1821184, Note_on_c, 15, 54, 124
24, 1823468, Note_on_c, 15, 54, 0
24, 1823744, Note_on_c, 15, 54, 108
24, 1824118, Note_on_c, 15, 54, 0
24, 1824256, Note_on_c, 15, 66, 123
24, 1826540, Note_on_c, 15, 66, 0
24, 1826816, Note_on_c, 15, 66, 107
24, 1827190, Note_on_c, 15, 66, 0
24, 1827328, Note_on_c, 15, 54, 123
24, 1829612, Note_on_c, 15, 54, 0
24, 1829888, Note_on_c, 15, 54, 107
24, 1830262, Note_on_c, 15, 54, 0
24, 1830400, Note_on_c, 15, 42, 123
24, 1832684, Note_on_c, 15, 42, 0
24, 1832960, Note_on_c, 15, 42, 107
24, 1833334, Note_on_c, 15, 42, 0
24, 1833472, Note_on_c, 15, 54, 123
24, 1835756, Note_on_c, 15, 54, 0
24, 1847296, Note_on_c, 15, 47, 35
24, 1852826, Note_on_c, 15, 47, 0
24, 1865728, Note_on_c, 15, 47, 28
24, 1871258, Note_on_c, 15, 47, 0
24, 1884160, Note_on_c, 15, 45, 103
24, 1889280, Note_on_c, 15, 45, 0
24, 1889280, Note_on_c, 15, 47, 103
24, 1889792, Note_on_c, 15, 47, 0
24, 1889792, Note_on_c, 15, 49, 103
24, 1890304, Note_on_c, 15, 49, 0
24, 1890304, Note_on_c, 15, 50, 105
24, 1890560, Note_on_c, 15, 50, 0
24, 1890816, Note_on_c, 15, 62, 105
24, 1891072, Note_on_c, 15, 62, 0
24, 1891328, Note_on_c, 15, 61, 105
24, 1891584, Note_on_c, 15, 61, 0
24, 1891840, Note_on_c, 15, 59, 105
24, 1892096, Note_on_c, 15, 59, 0
24, 1892352, Note_on_c, 15, 57, 105
24, 1892608, Note_on_c, 15, 57, 0
24, 1892864, Note_on_c, 15, 55, 105
24, 1893120, Note_on_c, 15, 55, 0
24, 1893376, Note_on_c, 15, 54, 105
24, 1893632, Note_on_c, 15, 54, 0
24, 1893888, Note_on_c, 15, 52, 105
24, 1894144, Note_on_c, 15, 52, 0
24, 1894400, Note_on_c, 15, 50, 105
24, 1894656, Note_on_c, 15, 50, 0
24, 1894912, Note_on_c, 15, 49, 105
24, 1895168, Note_on_c, 15, 49, 0
24, 1895424, Note_on_c, 15, 47, 105
24, 1895680, Note_on_c, 15, 47, 0
24, 1895936, Note_on_c, 15, 57, 105
24, 1896192, Note_on_c, 15, 57, 0
24, 1896448, Note_on_c, 15, 45, 105
24, 1896704, Note_on_c, 15, 45, 0
24, 1896960, Note_on_c, 15, 57, 105
24, 1897216, Note_on_c, 15, 57, 0
24, 1897472, Note_on_c, 15, 59, 105
24, 1897728, Note_on_c, 15, 59, 0
24, 1897984, Note_on_c, 15, 61, 105
24, 1898240, Note_on_c, 15, 61, 0
24, 1898496, Note_on_c, 15, 62, 105
24, 1898752, Note_on_c, 15, 62, 0
24, 1899008, Note_on_c, 15, 64, 105
24, 1899264, Note_on_c, 15, 64, 0
24, 1899520, Note_on_c, 15, 66, 105
24, 1899776, Note_on_c, 15, 66, 0
24, 1900032, Note_on_c, 15, 55, 105
24, 1900288, Note_on_c, 15, 55, 0
24, 1900544, Note_on_c, 15, 57, 105
24, 1900800, Note_on_c, 15, 57, 0
24, 1901056, Note_on_c, 15, 59, 105
24, 1901312, Note_on_c, 15, 59, 0
24, 1901568, Note_on_c, 15, 57, 105
24, 1901824, Note_on_c, 15, 57, 0
24, 1902080, Note_on_c, 15, 61, 105
24, 1902336, Note_on_c, 15, 61, 0
24, 1902592, Note_on_c, 15, 62, 105
24, 1902848, Note_on_c, 15, 62, 0
24, 1903104, Note_on_c, 15, 57, 105
24, 1903360, Note_on_c, 15, 57, 0
24, 1903616, Note_on_c, 15, 55, 105
24, 1903872, Note_on_c, 15, 55, 0
24, 1904128, Note_on_c, 15, 54, 105
24, 1904384, Note_on_c, 15, 54, 0
24, 1904640, Note_on_c, 15, 52, 105
24, 1904896, Note_on_c, 15, 52, 0
24, 1905152, Note_on_c, 15, 50, 105
24, 1905408, Note_on_c, 15, 50, 0
24, 1905664, Note_on_c, 15, 49, 105
24, 1905920, Note_on_c, 15, 49, 0
24, 1906176, Note_on_c, 15, 50, 105
24, 1906432, Note_on_c, 15, 50, 0
24, 1906688, Note_on_c, 15, 47, 105
24, 1906944, Note_on_c, 15, 47, 0
24, 1907200, Note_on_c, 15, 45, 105
24, 1907456, Note_on_c, 15, 45, 0
24, 1907712, Note_on_c, 15, 47, 105
24, 1907968, Note_on_c, 15, 47, 0
24, 1908224, Note_on_c, 15, 44, 105
24, 1908480, Note_on_c, 15, 44, 0
24, 1908736, Note_on_c, 15, 45, 105
24, 1908992, Note_on_c, 15, 45, 0
24, 1909248, Note_on_c, 15, 57, 105
24, 1909504, Note_on_c, 15, 57, 0
24, 1909760, Note_on_c, 15, 59, 105
24, 1910016, Note_on_c, 15, 59, 0
24, 1910272, Note_on_c, 15, 61, 105
24, 1910528, Note_on_c, 15, 61, 0
24, 1910784, Note_on_c, 15, 62, 105
24, 1911040, Note_on_c, 15, 62, 0
24, 1911296, Note_on_c, 15, 64, 105
24, 1911552, Note_on_c, 15, 64, 0
24, 1911808, Note_on_c, 15, 66, 105
24, 1912064, Note_on_c, 15, 66, 0
24, 1912320, Note_on_c, 15, 67, 105
24, 1912576, Note_on_c, 15, 67, 0
24, 1912832, Note_on_c, 15, 57, 105
24, 1913088, Note_on_c, 15, 57, 0
24, 1913344, Note_on_c, 15, 59, 105
24, 1913600, Note_on_c, 15, 59, 0
24, 1913856, Note_on_c, 15, 57, 105
24, 1914112, Note_on_c, 15, 57, 0
24, 1914368, Note_on_c, 15, 61, 105
24, 1914624, Note_on_c, 15, 61, 0
24, 1914880, Note_on_c, 15, 62, 105
24, 1915136, Note_on_c, 15, 62, 0
24, 1915392, Note_on_c, 15, 59, 105
24, 1915648, Note_on_c, 15, 59, 0
24, 1915904, Note_on_c, 15, 57, 105
24, 1916160, Note_on_c, 15, 57, 0
24, 1916416, Note_on_c, 15, 55, 105
24, 1916672, Note_on_c, 15, 55, 0
24, 1916928, Note_on_c, 15, 54, 105
24, 1917184, Note_on_c, 15, 54, 0
24, 1917440, Note_on_c, 15, 52, 105
24, 1917696, Note_on_c, 15, 52, 0
24, 1917952, Note_on_c, 15, 50, 105
24, 1918208, Note_on_c, 15, 50, 0
24, 1918464, Note_on_c, 15, 52, 105
24, 1918720, Note_on_c, 15, 52, 0
24, 1918976, Note_on_c, 15, 50, 105
24, 1919232, Note_on_c, 15, 50, 0
24, 1919488, Note_on_c, 15, 48, 105
24, 1919744, Note_on_c, 15, 48, 0
24, 1920000, Note_on_c, 15, 47, 105
24, 1920256, Note_on_c, 15, 47, 0
24, 1920512, Note_on_c, 15, 45, 105
24, 1920768, Note_on_c, 15, 45, 0
24, 1921024, Note_on_c, 15, 43, 105
24, 1921280, Note_on_c, 15, 43, 0
24, 1921536, Note_on_c, 15, 57, 105
24, 1921792, Note_on_c, 15, 57, 0
24, 1922048, Note_on_c, 15, 59, 105
24, 1922304, Note_on_c, 15, 59, 0
24, 1922560, Note_on_c, 15, 60, 105
24, 1922816, Note_on_c, 15, 60, 0
24, 1923072, Note_on_c, 15, 62, 105
24, 1923328, Note_on_c, 15, 62, 0
24, 1923584, Note_on_c, 15, 64, 105
24, 1923840, Note_on_c, 15, 64, 0
24, 1924096, Note_on_c, 15, 66, 105
24, 1924352, Note_on_c, 15, 66, 0
24, 1924608, Note_on_c, 15, 67, 105
24, 1924864, Note_on_c, 15, 67, 0
24, 1925120, Note_on_c, 15, 57, 105
24, 1925376, Note_on_c, 15, 57, 0
24, 1925632, Note_on_c, 15, 59, 105
24, 1925888, Note_on_c, 15, 59, 0
24, 1926144, Note_on_c, 15, 43, 105
24, 1926400, Note_on_c, 15, 43, 0
24, 1926656, Note_on_c, 15, 43, 105
24, 1926912, Note_on_c, 15, 43, 0
24, 1927168, Note_on_c, 15, 45, 105
24, 1927424, Note_on_c, 15, 45, 0
24, 1927680, Note_on_c, 15, 67, 105
24, 1927936, Note_on_c, 15, 67, 0
24, 1928192, Note_on_c, 15, 66, 105
24, 1928448, Note_on_c, 15, 66, 0
24, 1928704, Note_on_c, 15, 64, 105
24, 1928960, Note_on_c, 15, 64, 0
24, 1929216, Note_on_c, 15, 62, 105
24, 1929472, Note_on_c, 15, 62, 0
24, 1929728, Note_on_c, 15, 61, 105
24, 1929984, Note_on_c, 15, 61, 0
24, 1930240, Note_on_c, 15, 59, 105
24, 1930496, Note_on_c, 15, 59, 0
24, 1930752, Note_on_c, 15, 57, 105
24, 1931008, Note_on_c, 15, 57, 0
24, 1931264, Note_on_c, 15, 62, 105
24, 1931520, Note_on_c, 15, 62, 0
24, 1931776, Note_on_c, 15, 57, 105
24, 1932032, Note_on_c, 15, 57, 0
24, 1932288, Note_on_c, 15, 54, 105
24, 1932544, Note_on_c, 15, 54, 0
24, 1932800, Note_on_c, 15, 50, 105
24, 1933056, Note_on_c, 15, 50, 0
24, 1933312, Note_on_c, 15, 47, 105
24, 1933568, Note_on_c, 15, 47, 0
24, 1933824, Note_on_c, 15, 45, 105
24, 1934080, Note_on_c, 15, 45, 0
24, 1934336, Note_on_c, 15, 44, 105
24, 1934592, Note_on_c, 15, 44, 0
24, 1934848, Note_on_c, 15, 45, 105
24, 1935104, Note_on_c, 15, 45, 0
24, 1935360, Note_on_c, 15, 57, 105
24, 1935616, Note_on_c, 15, 57, 0
24, 1935872, Note_on_c, 15, 57, 105
24, 1936128, Note_on_c, 15, 57, 0
24, 1936384, Note_on_c, 15, 50, 105
24, 1936640, Note_on_c, 15, 50, 0
24, 1936896, Note_on_c, 15, 57, 105
24, 1937152, Note_on_c, 15, 57, 0
24, 1937408, Note_on_c, 15, 56, 105
24, 1937664, Note_on_c, 15, 56, 0
24, 1937920, Note_on_c, 15, 57, 105
24, 1938176, Note_on_c, 15, 57, 0
24, 1938432, Note_on_c, 15, 54, 105
24, 1938688, Note_on_c, 15, 54, 0
24, 1938944, Note_on_c, 15, 50, 105
24, 1939200, Note_on_c, 15, 50, 0
24, 1939456, Note_on_c, 15, 45, 99
24, 1939712, Note_on_c, 15, 45, 0
24, 1939968, Note_on_c, 15, 57, 99
24, 1940224, Note_on_c, 15, 57, 0
24, 1940480, Note_on_c, 15, 56, 99
24, 1940736, Note_on_c, 15, 56, 0
24, 1940992, Note_on_c, 15, 57, 99
24, 1941248, Note_on_c, 15, 57, 0
24, 1941504, Note_on_c, 15, 52, 100
24, 1941760, Note_on_c, 15, 52, 0
24, 1942016, Note_on_c, 15, 49, 100
24, 1942272, Note_on_c, 15, 49, 0
24, 1942528, Note_on_c, 15, 45, 100
24, 1942784, Note_on_c, 15, 45, 0
24, 1943040, Note_on_c, 15, 57, 100
24, 1943296, Note_on_c, 15, 57, 0
24, 1943552, Note_on_c, 15, 56, 101
24, 1943808, Note_on_c, 15, 56, 0
24, 1944064, Note_on_c, 15, 57, 101
24, 1944320, Note_on_c, 15, 57, 0
24, 1944576, Note_on_c, 15, 54, 101
24, 1944832, Note_on_c, 15, 54, 0
24, 1945088, Note_on_c, 15, 50, 101
24, 1945344, Note_on_c, 15, 50, 0
24, 1945600, Note_on_c, 15, 45, 102
24, 1945856, Note_on_c, 15, 45, 0
24, 1946112, Note_on_c, 15, 57, 102
24, 1946368, Note_on_c, 15, 57, 0
24, 1946624, Note_on_c, 15, 59, 102
24, 1946880, Note_on_c, 15, 59, 0
24, 1947136, Note_on_c, 15, 57, 102
24, 1947392, Note_on_c, 15, 57, 0
24, 1947648, Note_on_c, 15, 45, 103
24, 1947904, Note_on_c, 15, 45, 0
24, 1948160, Note_on_c, 15, 45, 103
24, 1948416, Note_on_c, 15, 45, 0
24, 1948672, Note_on_c, 15, 45, 103
24, 1948928, Note_on_c, 15, 45, 0
24, 1949184, Note_on_c, 15, 57, 103
24, 1949440, Note_on_c, 15, 57, 0
24, 1949696, Note_on_c, 15, 56, 104
24, 1949952, Note_on_c, 15, 56, 0
24, 1950208, Note_on_c, 15, 57, 104
24, 1950464, Note_on_c, 15, 57, 0
24, 1950720, Note_on_c, 15, 54, 104
24, 1950976, Note_on_c, 15, 54, 0
24, 1951232, Note_on_c, 15, 50, 105
24, 1951488, Note_on_c, 15, 50, 0
24, 1951744, Note_on_c, 15, 45, 105
24, 1952000, Note_on_c, 15, 45, 0
24, 1952256, Note_on_c, 15, 57, 105
24, 1952512, Note_on_c, 15, 57, 0
24, 1952768, Note_on_c, 15, 59, 105
24, 1953024, Note_on_c, 15, 59, 0
24, 1953280, Note_on_c, 15, 57, 106
24, 1953536, Note_on_c, 15, 57, 0
24, 1953792, Note_on_c, 15, 45, 106
24, 1954048, Note_on_c, 15, 45, 0
24, 1954304, Note_on_c, 15, 45, 106
24, 1954560, Note_on_c, 15, 45, 0
24, 1954816, Note_on_c, 15, 46, 106
24, 1955072, Note_on_c, 15, 46, 0
24, 1955328, Note_on_c, 15, 58, 107
24, 1955584, Note_on_c, 15, 58, 0
24, 1955840, Note_on_c, 15, 58, 107
24, 1956096, Note_on_c, 15, 58, 0
24, 1956352, Note_on_c, 15, 42, 107
24, 1956608, Note_on_c, 15, 42, 0
24, 1956864, Note_on_c, 15, 54, 107
24, 1957120, Note_on_c, 15, 54, 0
24, 1957376, Note_on_c, 15, 54, 108
24, 1957632, Note_on_c, 15, 54, 0
24, 1957888, Note_on_c, 15, 47, 108
24, 1958144, Note_on_c, 15, 47, 0
24, 1958400, Note_on_c, 15, 59, 108
24, 1958656, Note_on_c, 15, 59, 0
24, 1958912, Note_on_c, 15, 59, 108
24, 1959168, Note_on_c, 15, 59, 0
24, 1959424, Note_on_c, 15, 40, 109
24, 1959680, Note_on_c, 15, 40, 0
24, 1959936, Note_on_c, 15, 52, 109
24, 1960192, Note_on_c, 15, 52, 0
24, 1960448, Note_on_c, 15, 52, 109
24, 1960704, Note_on_c, 15, 52, 0
24, 1960960, Note_on_c, 15, 45, 109
24, 1961216, Note_on_c, 15, 45, 0
24, 1961472, Note_on_c, 15, 57, 110
24, 1961728, Note_on_c, 15, 57, 0
24, 1961984, Note_on_c, 15, 57, 110
24, 1962240, Note_on_c, 15, 57, 0
24, 1962496, Note_on_c, 15, 45, 110
24, 1962752, Note_on_c, 15, 45, 0
24, 1963008, Note_on_c, 15, 57, 110
24, 1963264, Note_on_c, 15, 57, 0
24, 1963520, Note_on_c, 15, 57, 111
24, 1963776, Note_on_c, 15, 57, 0
24, 1964032, Note_on_c, 15, 50, 111
24, 1964288, Note_on_c, 15, 50, 0
24, 1964544, Note_on_c, 15, 62, 111
24, 1964800, Note_on_c, 15, 62, 0
24, 1965056, Note_on_c, 15, 60, 111
24, 1965312, Note_on_c, 15, 60, 0
24, 1965568, Note_on_c, 15, 59, 111
24, 1965824, Note_on_c, 15, 59, 0
24, 1966080, Note_on_c, 15, 57, 111
24, 1966336, Note_on_c, 15, 57, 0
24, 1966592, Note_on_c, 15, 55, 111
24, 1966848, Note_on_c, 15, 55, 0
24, 1967104, Note_on_c, 15, 54, 111
24, 1967360, Note_on_c, 15, 54, 0
24, 1967616, Note_on_c, 15, 52, 111
24, 1967872, Note_on_c, 15, 52, 0
24, 1968128, Note_on_c, 15, 50, 111
24, 1968384, Note_on_c, 15, 50, 0
24, 1968640, Note_on_c, 15, 48, 111
24, 1968896, Note_on_c, 15, 48, 0
24, 1969152, Note_on_c, 15, 47, 111
24, 1969408, Note_on_c, 15, 47, 0
24, 1969664, Note_on_c, 15, 45, 111
24, 1969920, Note_on_c, 15, 45, 0
24, 1970176, Note_on_c, 15, 43, 111
24, 1970432, Note_on_c, 15, 43, 0
24, 1970688, Note_on_c, 15, 57, 111
24, 1970944, Note_on_c, 15, 57, 0
24, 1971200, Note_on_c, 15, 59, 111
24, 1971456, Note_on_c, 15, 59, 0
24, 1971712, Note_on_c, 15, 60, 111
24, 1971968, Note_on_c, 15, 60, 0
24, 1972224, Note_on_c, 15, 62, 111
24, 1972480, Note_on_c, 15, 62, 0
24, 1972736, Note_on_c, 15, 64, 111
24, 1972992, Note_on_c, 15, 64, 0
24, 1973248, Note_on_c, 15, 66, 111
24, 1973504, Note_on_c, 15, 66, 0
24, 1973760, Note_on_c, 15, 67, 111
24, 1974016, Note_on_c, 15, 67, 0
24, 1974272, Note_on_c, 15, 57, 111
24, 1974528, Note_on_c, 15, 57, 0
24, 1974784, Note_on_c, 15, 59, 111
24, 1975040, Note_on_c, 15, 59, 0
24, 1975296, Note_on_c, 15, 43, 111
24, 1975552, Note_on_c, 15, 43, 0
24, 1975808, Note_on_c, 15, 43, 111
24, 1976064, Note_on_c, 15, 43, 0
24, 1976320, Note_on_c, 15, 45, 111
24, 1976576, Note_on_c, 15, 45, 0
24, 1976832, Note_on_c, 15, 67, 111
24, 1977088, Note_on_c, 15, 67, 0
24, 1977344, Note_on_c, 15, 66, 111
24, 1977600, Note_on_c, 15, 66, 0
24, 1977856, Note_on_c, 15, 64, 111
24, 1978112, Note_on_c, 15, 64, 0
24, 1978368, Note_on_c, 15, 62, 111
24, 1978624, Note_on_c, 15, 62, 0
24, 1978880, Note_on_c, 15, 61, 111
24, 1979136, Note_on_c, 15, 61, 0
24, 1979392, Note_on_c, 15, 59, 111
24, 1979648, Note_on_c, 15, 59, 0
24, 1979904, Note_on_c, 15, 57, 111
24, 1980160, Note_on_c, 15, 57, 0
24, 1980416, Note_on_c, 15, 62, 111
24, 1980672, Note_on_c, 15, 62, 0
24, 1980928, Note_on_c, 15, 57, 111
24, 1981184, Note_on_c, 15, 57, 0
24, 1981440, Note_on_c, 15, 54, 111
24, 1981696, Note_on_c, 15, 54, 0
24, 1981952, Note_on_c, 15, 50, 111
24, 1982208, Note_on_c, 15, 50, 0
24, 1982464, Note_on_c, 15, 47, 111
24, 1982720, Note_on_c, 15, 47, 0
24, 1982976, Note_on_c, 15, 45, 111
24, 1983232, Note_on_c, 15, 45, 0
24, 1983488, Note_on_c, 15, 44, 111
24, 1983744, Note_on_c, 15, 44, 0
24, 1984000, Note_on_c, 15, 45, 111
24, 1984256, Note_on_c, 15, 45, 0
24, 1984512, Note_on_c, 15, 57, 111
24, 1984768, Note_on_c, 15, 57, 0
24, 1985024, Note_on_c, 15, 57, 111
24, 1985280, Note_on_c, 15, 57, 0
24, 1985536, Note_on_c, 15, 50, 111
24, 1985792, Note_on_c, 15, 50, 0
24, 1986048, Note_on_c, 15, 57, 110
24, 1986304, Note_on_c, 15, 57, 0
24, 1986560, Note_on_c, 15, 56, 109
24, 1986816, Note_on_c, 15, 56, 0
24, 1987072, Note_on_c, 15, 57, 108
24, 1987328, Note_on_c, 15, 57, 0
24, 1987584, Note_on_c, 15, 54, 107
24, 1987840, Note_on_c, 15, 54, 0
24, 1988096, Note_on_c, 15, 50, 106
24, 1988352, Note_on_c, 15, 50, 0
24, 1988608, Note_on_c, 15, 45, 105
24, 1988864, Note_on_c, 15, 45, 0
24, 1989120, Note_on_c, 15, 57, 104
24, 1989376, Note_on_c, 15, 57, 0
24, 1989632, Note_on_c, 15, 56, 104
24, 1989888, Note_on_c, 15, 56, 0
24, 1990144, Note_on_c, 15, 57, 104
24, 1990400, Note_on_c, 15, 57, 0
24, 1990656, Note_on_c, 15, 52, 104
24, 1990912, Note_on_c, 15, 52, 0
24, 1991168, Note_on_c, 15, 49, 105
24, 1991424, Note_on_c, 15, 49, 0
24, 1991680, Note_on_c, 15, 45, 105
24, 1991936, Note_on_c, 15, 45, 0
24, 1992192, Note_on_c, 15, 57, 105
24, 1992448, Note_on_c, 15, 57, 0
24, 1992704, Note_on_c, 15, 56, 105
24, 1992960, Note_on_c, 15, 56, 0
24, 1993216, Note_on_c, 15, 57, 106
24, 1993472, Note_on_c, 15, 57, 0
24, 1993728, Note_on_c, 15, 54, 106
24, 1993984, Note_on_c, 15, 54, 0
24, 1994240, Note_on_c, 15, 50, 106
24, 1994496, Note_on_c, 15, 50, 0
24, 1994752, Note_on_c, 15, 45, 106
24, 1995008, Note_on_c, 15, 45, 0
24, 1995264, Note_on_c, 15, 57, 107
24, 1995520, Note_on_c, 15, 57, 0
24, 1995776, Note_on_c, 15, 59, 107
24, 1996032, Note_on_c, 15, 59, 0
24, 1996288, Note_on_c, 15, 57, 107
24, 1996544, Note_on_c, 15, 57, 0
24, 1996800, Note_on_c, 15, 45, 107
24, 1997056, Note_on_c, 15, 45, 0
24, 1997312, Note_on_c, 15, 45, 108
24, 1997568, Note_on_c, 15, 45, 0
24, 1997824, Note_on_c, 15, 45, 108
24, 1998080, Note_on_c, 15, 45, 0
24, 1998336, Note_on_c, 15, 57, 108
24, 1998592, Note_on_c, 15, 57, 0
24, 1998848, Note_on_c, 15, 56, 108
24, 1999104, Note_on_c, 15, 56, 0
24, 1999360, Note_on_c, 15, 57, 109
24, 1999616, Note_on_c, 15, 57, 0
24, 1999872, Note_on_c, 15, 54, 109
24, 2000128, Note_on_c, 15, 54, 0
24, 2000384, Note_on_c, 15, 50, 109
24, 2000640, Note_on_c, 15, 50, 0
24, 2000896, Note_on_c, 15, 45, 109
24, 2001152, Note_on_c, 15, 45, 0
24, 2001408, Note_on_c, 15, 57, 109
24, 2001664, Note_on_c, 15, 57, 0
24, 2001920, Note_on_c, 15, 59, 110
24, 2002176, Note_on_c, 15, 59, 0
24, 2002432, Note_on_c, 15, 57, 110
24, 2002688, Note_on_c, 15, 57, 0
24, 2002944, Note_on_c, 15, 45, 110
24, 2003200, Note_on_c, 15, 45, 0
24, 2003456, Note_on_c, 15, 45, 110
24, 2003712, Note_on_c, 15, 45, 0
24, 2003968, Note_on_c, 15, 46, 111
24, 2004224, Note_on_c, 15, 46, 0
24, 2004480, Note_on_c, 15, 58, 111
24, 2004736, Note_on_c, 15, 58, 0
24, 2004992, Note_on_c, 15, 58, 111
24, 2005248, Note_on_c, 15, 58, 0
24, 2005504, Note_on_c, 15, 42, 111
24, 2005760, Note_on_c, 15, 42, 0
24, 2006016, Note_on_c, 15, 54, 112
24, 2006272, Note_on_c, 15, 54, 0
24, 2006528, Note_on_c, 15, 54, 112
24, 2006784, Note_on_c, 15, 54, 0
24, 2007040, Note_on_c, 15, 47, 112
24, 2007296, Note_on_c, 15, 47, 0
24, 2007552, Note_on_c, 15, 59, 112
24, 2007808, Note_on_c, 15, 59, 0
24, 2008064, Note_on_c, 15, 59, 113
24, 2008320, Note_on_c, 15, 59, 0
24, 2008576, Note_on_c, 15, 40, 113
24, 2008832, Note_on_c, 15, 40, 0
24, 2009088, Note_on_c, 15, 52, 113
24, 2009344, Note_on_c, 15, 52, 0
24, 2009600, Note_on_c, 15, 52, 113
24, 2009856, Note_on_c, 15, 52, 0
24, 2010112, Note_on_c, 15, 45, 114
24, 2010368, Note_on_c, 15, 45, 0
24, 2010624, Note_on_c, 15, 57, 114
24, 2010880, Note_on_c, 15, 57, 0
24, 2011136, Note_on_c, 15, 57, 114
24, 2011392, Note_on_c, 15, 57, 0
24, 2011648, Note_on_c, 15, 45, 114
24, 2011904, Note_on_c, 15, 45, 0
24, 2012160, Note_on_c, 15, 57, 114
24, 2012416, Note_on_c, 15, 57, 0
24, 2012672, Note_on_c, 15, 57, 114
24, 2012928, Note_on_c, 15, 57, 0
24, 2013184, Note_on_c, 15, 50, 114
24, 2013440, Note_on_c, 15, 50, 0
24, 2013696, Note_on_c, 15, 62, 113
24, 2013952, Note_on_c, 15, 62, 0
24, 2014208, Note_on_c, 15, 60, 113
24, 2014464, Note_on_c, 15, 60, 0
24, 2014720, Note_on_c, 15, 59, 113
24, 2014976, Note_on_c, 15, 59, 0
24, 2015232, Note_on_c, 15, 57, 113
24, 2015488, Note_on_c, 15, 57, 0
24, 2015744, Note_on_c, 15, 55, 112
24, 2016000, Note_on_c, 15, 55, 0
24, 2016256, Note_on_c, 15, 54, 112
24, 2016512, Note_on_c, 15, 54, 0
24, 2016768, Note_on_c, 15, 52, 112
24, 2017024, Note_on_c, 15, 52, 0
24, 2017280, Note_on_c, 15, 50, 112
24, 2017536, Note_on_c, 15, 50, 0
24, 2017792, Note_on_c, 15, 48, 112
24, 2018048, Note_on_c, 15, 48, 0
24, 2018304, Note_on_c, 15, 47, 111
24, 2018560, Note_on_c, 15, 47, 0
24, 2018816, Note_on_c, 15, 45, 111
24, 2019072, Note_on_c, 15, 45, 0
24, 2019328, Note_on_c, 15, 43, 111
24, 2019584, Note_on_c, 15, 43, 0
24, 2019840, Note_on_c, 15, 57, 111
24, 2020096, Note_on_c, 15, 57, 0
24, 2020352, Note_on_c, 15, 59, 110
24, 2020608, Note_on_c, 15, 59, 0
24, 2020864, Note_on_c, 15, 60, 110
24, 2021120, Note_on_c, 15, 60, 0
24, 2021376, Note_on_c, 15, 62, 110
24, 2021632, Note_on_c, 15, 62, 0
24, 2021888, Note_on_c, 15, 64, 110
24, 2022144, Note_on_c, 15, 64, 0
24, 2022400, Note_on_c, 15, 66, 109
24, 2022656, Note_on_c, 15, 66, 0
24, 2022912, Note_on_c, 15, 67, 109
24, 2023168, Note_on_c, 15, 67, 0
24, 2023424, Note_on_c, 15, 57, 109
24, 2023680, Note_on_c, 15, 57, 0
24, 2023936, Note_on_c, 15, 59, 109
24, 2024192, Note_on_c, 15, 59, 0
24, 2024448, Note_on_c, 15, 43, 108
24, 2024704, Note_on_c, 15, 43, 0
24, 2024960, Note_on_c, 15, 43, 108
24, 2025216, Note_on_c, 15, 43, 0
24, 2025472, Note_on_c, 15, 45, 108
24, 2025728, Note_on_c, 15, 45, 0
24, 2025984, Note_on_c, 15, 67, 108
24, 2026240, Note_on_c, 15, 67, 0
24, 2026496, Note_on_c, 15, 66, 107
24, 2026752, Note_on_c, 15, 66, 0
24, 2027008, Note_on_c, 15, 64, 107
24, 2027264, Note_on_c, 15, 64, 0
24, 2027520, Note_on_c, 15, 62, 107
24, 2027776, Note_on_c, 15, 62, 0
24, 2028032, Note_on_c, 15, 61, 107
24, 2028288, Note_on_c, 15, 61, 0
24, 2028544, Note_on_c, 15, 59, 106
24, 2028800, Note_on_c, 15, 59, 0
24, 2029056, Note_on_c, 15, 57, 106
24, 2029312, Note_on_c, 15, 57, 0
24, 2029568, Note_on_c, 15, 62, 106
24, 2029824, Note_on_c, 15, 62, 0
24, 2030080, Note_on_c, 15, 57, 106
24, 2030336, Note_on_c, 15, 57, 0
24, 2030592, Note_on_c, 15, 54, 105
24, 2030848, Note_on_c, 15, 54, 0
24, 2031104, Note_on_c, 15, 50, 105
24, 2031360, Note_on_c, 15, 50, 0
24, 2031616, Note_on_c, 15, 47, 105
24, 2031872, Note_on_c, 15, 47, 0
24, 2032128, Note_on_c, 15, 45, 105
24, 2032384, Note_on_c, 15, 45, 0
24, 2032640, Note_on_c, 15, 44, 105
24, 2032896, Note_on_c, 15, 44, 0
24, 2033152, Note_on_c, 15, 45, 104
24, 2033408, Note_on_c, 15, 45, 0
24, 2033664, Note_on_c, 15, 57, 104
24, 2033920, Note_on_c, 15, 57, 0
24, 2034176, Note_on_c, 15, 57, 104
24, 2034432, Note_on_c, 15, 57, 0
24, 2034688, Note_on_c, 15, 50, 104
24, 2034944, Note_on_c, 15, 50, 0
24, 2035200, Note_on_c, 15, 62, 104
24, 2035456, Note_on_c, 15, 62, 0
24, 2035712, Note_on_c, 15, 61, 104
24, 2035968, Note_on_c, 15, 61, 0
24, 2036224, Note_on_c, 15, 62, 104
24, 2036480, Note_on_c, 15, 62, 0
24, 2036736, Note_on_c, 15, 54, 104
24, 2036992, Note_on_c, 15, 54, 0
24, 2037248, Note_on_c, 15, 57, 104
24, 2037504, Note_on_c, 15, 57, 0
24, 2037760, Note_on_c, 15, 50, 118
24, 2038016, Note_on_c, 15, 50, 0
24, 2038272, Note_on_c, 15, 50, 104
24, 2038528, Note_on_c, 15, 50, 0
24, 2038784, Note_on_c, 15, 49, 104
24, 2039040, Note_on_c, 15, 49, 0
24, 2039296, Note_on_c, 15, 50, 104
24, 2039552, Note_on_c, 15, 50, 0
24, 2039808, Note_on_c, 15, 54, 104
24, 2040064, Note_on_c, 15, 54, 0
24, 2040320, Note_on_c, 15, 57, 104
24, 2040576, Note_on_c, 15, 57, 0
24, 2040832, Note_on_c, 15, 60, 104
24, 2041088, Note_on_c, 15, 60, 0
24, 2041344, Note_on_c, 15, 52, 104
24, 2041600, Note_on_c, 15, 52, 0
24, 2041856, Note_on_c, 15, 50, 104
24, 2042112, Note_on_c, 15, 50, 0
24, 2042368, Note_on_c, 15, 48, 104
24, 2042624, Note_on_c, 15, 48, 0
24, 2042880, Note_on_c, 15, 47, 104
24, 2043136, Note_on_c, 15, 47, 0
24, 2043392, Note_on_c, 15, 45, 104
24, 2043648, Note_on_c, 15, 45, 0
24, 2043904, Note_on_c, 15, 43, 118
24, 2044160, Note_on_c, 15, 43, 0
24, 2044416, Note_on_c, 15, 47, 105
24, 2044672, Note_on_c, 15, 47, 0
24, 2044928, Note_on_c, 15, 50, 107
24, 2045184, Note_on_c, 15, 50, 0
24, 2045440, Note_on_c, 15, 55, 108
24, 2045696, Note_on_c, 15, 55, 0
24, 2045952, Note_on_c, 15, 59, 110
24, 2046208, Note_on_c, 15, 59, 0
24, 2046464, Note_on_c, 15, 62, 111
24, 2046720, Note_on_c, 15, 62, 0
24, 2046976, Note_on_c, 15, 67, 113
24, 2047724, Note_on_c, 15, 67, 0
24, 2050048, Control_c, 15, 121, 127
24, 2050048, End_track
25, 0, Start_track
25, 0, Title_t, "Double Bass"
25, 0, Program_c, 15, 48
25, 26624, Note_on_c, 15, 45, 96
25, 27136, Note_on_c, 15, 45, 0
25, 27648, Note_on_c, 15, 52, 96
25, 31744, Note_on_c, 15, 52, 0
25, 31744, Note_on_c, 15, 50, 96
25, 32256, Note_on_c, 15, 50, 0
25, 32256, Note_on_c, 15, 49, 96
25, 32768, Note_on_c, 15, 49, 0
25, 32768, Note_on_c, 15, 50, 96
25, 33280, Note_on_c, 15, 50, 0
25, 33280, Note_on_c, 15, 52, 96
25, 33792, Note_on_c, 15, 52, 0
25, 33792, Note_on_c, 15, 52, 96
25, 35021, Note_on_c, 15, 52, 0
25, 35328, Note_on_c, 15, 43, 94
25, 35584, Note_on_c, 15, 43, 0
25, 35840, Note_on_c, 15, 45, 95
25, 36096, Note_on_c, 15, 45, 0
25, 36352, Note_on_c, 15, 46, 96
25, 36608, Note_on_c, 15, 46, 0
25, 36864, Note_on_c, 15, 46, 97
25, 37376, Note_on_c, 15, 46, 0
25, 37376, Note_on_c, 15, 40, 98
25, 37888, Note_on_c, 15, 40, 0
25, 37888, Note_on_c, 15, 41, 99
25, 38400, Note_on_c, 15, 41, 0
25, 38400, Note_on_c, 15, 43, 100
25, 38656, Note_on_c, 15, 43, 0
25, 38912, Note_on_c, 15, 37, 101
25, 39168, Note_on_c, 15, 37, 0
25, 39424, Note_on_c, 15, 38, 103
25, 39680, Note_on_c, 15, 38, 0
25, 39936, Note_on_c, 15, 40, 104
25, 40346, Note_on_c, 15, 40, 0
25, 40448, Note_on_c, 15, 31, 105
25, 40858, Note_on_c, 15, 31, 0
25, 40960, Note_on_c, 15, 31, 106
25, 42189, Note_on_c, 15, 31, 0
25, 42496, Note_on_c, 15, 33, 109
25, 42906, Note_on_c, 15, 33, 0
25, 43008, Note_on_c, 15, 34, 110
25, 43520, Note_on_c, 15, 34, 0
25, 44032, Note_on_c, 15, 46, 107
25, 46899, Note_on_c, 15, 46, 0
25, 47104, Note_on_c, 15, 45, 75
25, 48333, Note_on_c, 15, 45, 0
25, 48640, Note_on_c, 15, 40, 59
25, 49050, Note_on_c, 15, 40, 0
25, 49152, Note_on_c, 15, 43, 54
25, 50176, Note_on_c, 15, 43, 0
25, 50176, Note_on_c, 15, 41, 43
25, 50995, Note_on_c, 15, 41, 0
25, 74240, Note_on_c, 15, 42, 99
25, 74496, Note_on_c, 15, 42, 0
25, 74752, Note_on_c, 15, 45, 99
25, 75776, Note_on_c, 15, 45, 0
25, 78336, Note_on_c, 15, 41, 97
25, 78746, Note_on_c, 15, 41, 0
25, 78848, Note_on_c, 15, 48, 98
25, 79258, Note_on_c, 15, 48, 0
25, 79360, Note_on_c, 15, 48, 100
25, 79770, Note_on_c, 15, 48, 0
25, 79872, Note_on_c, 15, 51, 101
25, 81101, Note_on_c, 15, 51, 0
25, 81408, Note_on_c, 15, 51, 105
25, 81664, Note_on_c, 15, 51, 0
25, 81920, Note_on_c, 15, 48, 106
25, 82176, Note_on_c, 15, 48, 0
25, 82432, Note_on_c, 15, 46, 108
25, 82688, Note_on_c, 15, 46, 0
25, 82944, Note_on_c, 15, 46, 109
25, 83456, Note_on_c, 15, 46, 0
25, 83456, Note_on_c, 15, 45, 108
25, 83712, Note_on_c, 15, 45, 0
25, 83968, Note_on_c, 15, 45, 106
25, 84378, Note_on_c, 15, 45, 0
25, 84480, Note_on_c, 15, 45, 104
25, 84890, Note_on_c, 15, 45, 0
25, 84992, Note_on_c, 15, 46, 103
25, 85402, Note_on_c, 15, 46, 0
25, 85504, Note_on_c, 15, 48, 101
25, 85914, Note_on_c, 15, 48, 0
25, 86016, Note_on_c, 15, 48, 99
25, 86528, Note_on_c, 15, 48, 0
25, 86528, Note_on_c, 15, 41, 97
25, 86938, Note_on_c, 15, 41, 0
25, 87552, Note_on_c, 15, 39, 94
25, 87962, Note_on_c, 15, 39, 0
25, 88064, Note_on_c, 15, 39, 95
25, 88474, Note_on_c, 15, 39, 0
25, 88576, Note_on_c, 15, 38, 98
25, 88986, Note_on_c, 15, 38, 0
25, 89088, Note_on_c, 15, 36, 100
25, 89498, Note_on_c, 15, 36, 0
25, 89600, Note_on_c, 15, 34, 103
25, 90010, Note_on_c, 15, 34, 0
25, 92160, Note_on_c, 15, 37, 28
25, 108544, Note_on_c, 15, 37, 0
25, 108544, Note_on_c, 15, 42, 103
25, 108800, Note_on_c, 15, 42, 0
25, 109056, Note_on_c, 15, 42, 103
25, 109312, Note_on_c, 15, 42, 0
25, 109568, Note_on_c, 15, 51, 100
25, 112845, Note_on_c, 15, 51, 0
25, 113152, Note_on_c, 15, 51, 100
25, 113562, Note_on_c, 15, 51, 0
25, 113664, Note_on_c, 15, 51, 100
25, 114074, Note_on_c, 15, 51, 0
25, 114176, Note_on_c, 15, 48, 100
25, 114586, Note_on_c, 15, 48, 0
25, 114688, Note_on_c, 15, 46, 100
25, 115200, Note_on_c, 15, 46, 0
25, 115200, Note_on_c, 15, 45, 100
25, 115610, Note_on_c, 15, 45, 0
25, 115712, Note_on_c, 15, 48, 99
25, 116122, Note_on_c, 15, 48, 0
25, 116224, Note_on_c, 15, 42, 99
25, 116634, Note_on_c, 15, 42, 0
25, 116736, Note_on_c, 15, 43, 99
25, 117146, Note_on_c, 15, 43, 0
25, 117248, Note_on_c, 15, 45, 99
25, 117658, Note_on_c, 15, 45, 0
25, 117760, Note_on_c, 15, 45, 99
25, 118170, Note_on_c, 15, 45, 0
25, 118272, Note_on_c, 15, 36, 99
25, 118682, Note_on_c, 15, 36, 0
25, 118784, Note_on_c, 15, 38, 99
25, 119194, Note_on_c, 15, 38, 0
25, 119296, Note_on_c, 15, 39, 99
25, 120320, Note_on_c, 15, 39, 0
25, 120320, Note_on_c, 15, 38, 99
25, 120730, Note_on_c, 15, 38, 0
25, 120832, Note_on_c, 15, 38, 99
25, 122061, Note_on_c, 15, 38, 0
25, 122368, Note_on_c, 15, 36, 99
25, 122778, Note_on_c, 15, 36, 0
25, 122880, Note_on_c, 15, 36, 97
25, 123290, Note_on_c, 15, 36, 0
25, 123392, Note_on_c, 15, 35, 95
25, 123802, Note_on_c, 15, 35, 0
25, 123904, Note_on_c, 15, 35, 92
25, 124314, Note_on_c, 15, 35, 0
25, 124416, Note_on_c, 15, 41, 90
25, 124826, Note_on_c, 15, 41, 0
25, 124928, Note_on_c, 15, 41, 88
25, 125440, Note_on_c, 15, 41, 0
25, 125440, Note_on_c, 15, 40, 85
25, 125850, Note_on_c, 15, 40, 0
25, 125952, Note_on_c, 15, 40, 83
25, 126771, Note_on_c, 15, 40, 0
25, 126976, Note_on_c, 15, 38, 78
25, 127386, Note_on_c, 15, 38, 0
25, 127488, Note_on_c, 15, 47, 76
25, 127898, Note_on_c, 15, 47, 0
25, 128000, Note_on_c, 15, 47, 74
25, 128410, Note_on_c, 15, 47, 0
25, 128512, Note_on_c, 15, 47, 71
25, 128922, Note_on_c, 15, 47, 0
25, 129024, Note_on_c, 15, 47, 69
25, 129434, Note_on_c, 15, 47, 0
25, 129536, Note_on_c, 15, 48, 67
25, 129946, Note_on_c, 15, 48, 0
25, 130048, Note_on_c, 15, 50, 64
25, 133120, Note_on_c, 15, 50, 0
25, 133120, Note_on_c, 15, 48, 50
25, 135168, Note_on_c, 15, 48, 0
25, 135168, Note_on_c, 15, 47, 41
25, 136192, Note_on_c, 15, 47, 0
25, 136192, Note_on_c, 15, 50, 36
25, 137216, Note_on_c, 15, 50, 0
25, 137216, Note_on_c, 15, 48, 32
25, 138240, Note_on_c, 15, 48, 0
25, 164864, Note_on_c, 15, 53, 98
25, 165683, Note_on_c, 15, 53, 0
25, 165888, Note_on_c, 15, 48, 101
25, 166707, Note_on_c, 15, 48, 0
25, 168960, Note_on_c, 15, 48, 106
25, 169779, Note_on_c, 15, 48, 0
25, 169984, Note_on_c, 15, 46, 103
25, 170394, Note_on_c, 15, 46, 0
25, 170496, Note_on_c, 15, 48, 101
25, 170906, Note_on_c, 15, 48, 0
25, 171008, Note_on_c, 15, 46, 100
25, 171520, Note_on_c, 15, 46, 0
25, 171520, Note_on_c, 15, 45, 98
25, 171930, Note_on_c, 15, 45, 0
25, 172032, Note_on_c, 15, 45, 97
25, 172851, Note_on_c, 15, 45, 0
25, 173056, Note_on_c, 15, 41, 94
25, 175616, Note_on_c, 15, 41, 0
25, 175616, Note_on_c, 15, 41, 89
25, 176026, Note_on_c, 15, 41, 0
25, 176128, Note_on_c, 15, 41, 89
25, 176538, Note_on_c, 15, 41, 0
25, 176640, Note_on_c, 15, 43, 89
25, 177050, Note_on_c, 15, 43, 0
25, 177152, Note_on_c, 15, 46, 89
25, 177664, Note_on_c, 15, 46, 0
25, 177664, Note_on_c, 15, 45, 89
25, 178074, Note_on_c, 15, 45, 0
25, 178688, Note_on_c, 15, 45, 89
25, 179098, Note_on_c, 15, 45, 0
25, 179200, Note_on_c, 15, 45, 89
25, 179610, Note_on_c, 15, 45, 0
25, 179712, Note_on_c, 15, 46, 89
25, 180122, Note_on_c, 15, 46, 0
25, 180224, Note_on_c, 15, 50, 89
25, 180736, Note_on_c, 15, 50, 0
25, 180736, Note_on_c, 15, 48, 81
25, 181146, Note_on_c, 15, 48, 0
25, 181248, Note_on_c, 15, 48, 72
25, 181760, Note_on_c, 15, 48, 0
25, 181760, Note_on_c, 15, 48, 63
25, 182272, Note_on_c, 15, 48, 0
25, 182272, Note_on_c, 15, 48, 54
25, 182784, Note_on_c, 15, 48, 0
25, 182784, Note_on_c, 15, 50, 46
25, 183296, Note_on_c, 15, 50, 0
25, 183296, Note_on_c, 15, 51, 37
25, 184320, Note_on_c, 15, 51, 0
25, 194560, Note_on_c, 15, 46, 34
25, 199680, Note_on_c, 15, 46, 0
25, 199680, Note_on_c, 15, 47, 28
25, 200704, Note_on_c, 15, 47, 0
25, 200704, Note_on_c, 15, 47, 28
25, 202752, Note_on_c, 15, 47, 0
25, 202752, Note_on_c, 15, 44, 27
25, 203776, Note_on_c, 15, 44, 0
25, 203776, Note_on_c, 15, 42, 27
25, 205824, Note_on_c, 15, 42, 0
25, 205824, Note_on_c, 15, 41, 27
25, 206336, Note_on_c, 15, 41, 0
25, 208896, Note_on_c, 15, 41, 44
25, 209920, Note_on_c, 15, 41, 0
25, 209920, Note_on_c, 15, 44, 49
25, 211968, Note_on_c, 15, 44, 0
25, 211968, Note_on_c, 15, 49, 58
25, 212992, Note_on_c, 15, 49, 0
25, 212992, Note_on_c, 15, 49, 58
25, 213504, Note_on_c, 15, 49, 0
25, 214016, Note_on_c, 15, 42, 68
25, 215552, Note_on_c, 15, 42, 0
25, 215552, Note_on_c, 15, 45, 75
25, 215962, Note_on_c, 15, 45, 0
25, 216064, Note_on_c, 15, 45, 83
25, 217088, Note_on_c, 15, 45, 0
25, 217088, Note_on_c, 15, 36, 82
25, 217344, Note_on_c, 15, 36, 0
25, 217600, Note_on_c, 15, 51, 87
25, 217856, Note_on_c, 15, 51, 0
25, 218112, Note_on_c, 15, 51, 88
25, 218368, Note_on_c, 15, 51, 0
25, 218624, Note_on_c, 15, 49, 89
25, 218880, Note_on_c, 15, 49, 0
25, 219136, Note_on_c, 15, 49, 90
25, 219392, Note_on_c, 15, 49, 0
25, 219648, Note_on_c, 15, 48, 91
25, 219904, Note_on_c, 15, 48, 0
25, 220160, Note_on_c, 15, 48, 92
25, 220416, Note_on_c, 15, 48, 0
25, 220672, Note_on_c, 15, 51, 93
25, 220928, Note_on_c, 15, 51, 0
25, 221184, Note_on_c, 15, 51, 94
25, 221440, Note_on_c, 15, 51, 0
25, 221696, Note_on_c, 15, 52, 95
25, 221952, Note_on_c, 15, 52, 0
25, 222208, Note_on_c, 15, 54, 96
25, 223437, Note_on_c, 15, 54, 0
25, 223744, Note_on_c, 15, 51, 99
25, 224154, Note_on_c, 15, 51, 0
25, 224256, Note_on_c, 15, 48, 100
25, 224666, Note_on_c, 15, 48, 0
25, 224768, Note_on_c, 15, 49, 101
25, 225178, Note_on_c, 15, 49, 0
25, 225280, Note_on_c, 15, 49, 102
25, 226099, Note_on_c, 15, 49, 0
25, 226304, Note_on_c, 15, 44, 95
25, 227123, Note_on_c, 15, 44, 0
25, 245760, Note_on_c, 15, 45, 88
25, 246579, Note_on_c, 15, 45, 0
25, 247808, Note_on_c, 15, 52, 93
25, 248627, Note_on_c, 15, 52, 0
25, 249856, Note_on_c, 15, 50, 89
25, 250368, Note_on_c, 15, 50, 0
25, 250368, Note_on_c, 15, 52, 91
25, 250880, Note_on_c, 15, 52, 0
25, 250880, Note_on_c, 15, 50, 93
25, 251392, Note_on_c, 15, 50, 0
25, 251392, Note_on_c, 15, 49, 95
25, 251802, Note_on_c, 15, 49, 0
25, 253440, Note_on_c, 15, 52, 90
25, 253850, Note_on_c, 15, 52, 0
25, 253952, Note_on_c, 15, 52, 91
25, 254464, Note_on_c, 15, 52, 0
25, 254976, Note_on_c, 15, 43, 93
25, 256512, Note_on_c, 15, 43, 0
25, 256512, Note_on_c, 15, 45, 96
25, 257024, Note_on_c, 15, 45, 0
25, 257024, Note_on_c, 15, 43, 97
25, 258048, Note_on_c, 15, 43, 0
25, 258048, Note_on_c, 15, 42, 99
25, 258867, Note_on_c, 15, 42, 0
25, 259072, Note_on_c, 15, 45, 101
25, 259840, Note_on_c, 15, 45, 0
25, 259840, Note_on_c, 15, 50, 103
25, 260096, Note_on_c, 15, 50, 0
25, 260096, Note_on_c, 15, 50, 103
25, 261632, Note_on_c, 15, 50, 0
25, 261632, Note_on_c, 15, 52, 105
25, 262144, Note_on_c, 15, 52, 0
25, 262144, Note_on_c, 15, 54, 108
25, 262656, Note_on_c, 15, 54, 0
25, 262656, Note_on_c, 15, 52, 106
25, 263168, Note_on_c, 15, 52, 0
25, 263168, Note_on_c, 15, 52, 103
25, 263680, Note_on_c, 15, 52, 0
25, 263680, Note_on_c, 15, 50, 100
25, 264192, Note_on_c, 15, 50, 0
25, 264192, Note_on_c, 15, 50, 98
25, 264704, Note_on_c, 15, 50, 0
25, 264704, Note_on_c, 15, 49, 95
25, 265216, Note_on_c, 15, 49, 0
25, 265216, Note_on_c, 15, 50, 92
25, 265728, Note_on_c, 15, 50, 0
25, 265728, Note_on_c, 15, 45, 93
25, 266240, Note_on_c, 15, 45, 0
25, 266240, Note_on_c, 15, 43, 95
25, 266752, Note_on_c, 15, 43, 0
25, 266752, Note_on_c, 15, 42, 96
25, 267264, Note_on_c, 15, 42, 0
25, 267264, Note_on_c, 15, 42, 98
25, 267776, Note_on_c, 15, 42, 0
25, 267776, Note_on_c, 15, 40, 99
25, 268288, Note_on_c, 15, 40, 0
25, 268288, Note_on_c, 15, 38, 101
25, 268800, Note_on_c, 15, 38, 0
25, 268800, Note_on_c, 15, 36, 102
25, 269312, Note_on_c, 15, 36, 0
25, 269312, Note_on_c, 15, 36, 104
25, 269824, Note_on_c, 15, 36, 0
25, 269824, Note_on_c, 15, 35, 105
25, 270234, Note_on_c, 15, 35, 0
25, 270336, Note_on_c, 15, 43, 107
25, 273920, Note_on_c, 15, 43, 0
25, 273920, Note_on_c, 15, 40, 112
25, 274330, Note_on_c, 15, 40, 0
25, 274432, Note_on_c, 15, 37, 112
25, 274842, Note_on_c, 15, 37, 0
25, 274944, Note_on_c, 15, 38, 113
25, 275354, Note_on_c, 15, 38, 0
25, 275456, Note_on_c, 15, 38, 113
25, 276275, Note_on_c, 15, 38, 0
25, 276480, Note_on_c, 15, 33, 114
25, 277299, Note_on_c, 15, 33, 0
25, 282624, Note_on_c, 15, 42, 31
25, 284672, Note_on_c, 15, 42, 0
25, 284672, Note_on_c, 15, 43, 32
25, 285696, Note_on_c, 15, 43, 0
25, 285696, Note_on_c, 15, 45, 32
25, 286720, Note_on_c, 15, 45, 0
25, 286720, Note_on_c, 15, 45, 33
25, 287744, Note_on_c, 15, 45, 0
25, 287744, Note_on_c, 15, 43, 33
25, 288768, Note_on_c, 15, 43, 0
25, 288768, Note_on_c, 15, 42, 33
25, 289792, Note_on_c, 15, 42, 0
25, 289792, Note_on_c, 15, 40, 34
25, 290816, Note_on_c, 15, 40, 0
25, 290816, Note_on_c, 15, 38, 34
25, 292864, Note_on_c, 15, 38, 0
25, 292864, Note_on_c, 15, 40, 34
25, 293888, Note_on_c, 15, 40, 0
25, 293888, Note_on_c, 15, 42, 33
25, 294912, Note_on_c, 15, 42, 0
25, 294912, Note_on_c, 15, 42, 33
25, 296448, Note_on_c, 15, 42, 0
25, 296448, Note_on_c, 15, 40, 32
25, 296960, Note_on_c, 15, 40, 0
25, 296960, Note_on_c, 15, 40, 31
25, 298598, Note_on_c, 15, 40, 0
25, 299008, Note_on_c, 15, 42, 29
25, 301056, Note_on_c, 15, 42, 0
25, 301056, Note_on_c, 15, 43, 34
25, 302080, Note_on_c, 15, 43, 0
25, 302080, Note_on_c, 15, 45, 36
25, 303104, Note_on_c, 15, 45, 0
25, 303104, Note_on_c, 15, 45, 39
25, 304128, Note_on_c, 15, 45, 0
25, 304128, Note_on_c, 15, 43, 40
25, 305152, Note_on_c, 15, 43, 0
25, 305152, Note_on_c, 15, 42, 39
25, 306176, Note_on_c, 15, 42, 0
25, 306176, Note_on_c, 15, 40, 38
25, 307200, Note_on_c, 15, 40, 0
25, 307200, Note_on_c, 15, 38, 37
25, 309248, Note_on_c, 15, 38, 0
25, 309248, Note_on_c, 15, 40, 35
25, 310272, Note_on_c, 15, 40, 0
25, 310272, Note_on_c, 15, 42, 34
25, 311296, Note_on_c, 15, 42, 0
25, 311296, Note_on_c, 15, 40, 33
25, 312832, Note_on_c, 15, 40, 0
25, 312832, Note_on_c, 15, 38, 31
25, 313344, Note_on_c, 15, 38, 0
25, 313344, Note_on_c, 15, 38, 31
25, 314982, Note_on_c, 15, 38, 0
25, 315392, Note_on_c, 15, 40, 30
25, 317440, Note_on_c, 15, 40, 0
25, 317440, Note_on_c, 15, 42, 31
25, 318464, Note_on_c, 15, 42, 0
25, 318464, Note_on_c, 15, 38, 31
25, 319488, Note_on_c, 15, 38, 0
25, 319488, Note_on_c, 15, 40, 32
25, 320512, Note_on_c, 15, 40, 0
25, 320512, Note_on_c, 15, 42, 32
25, 321024, Note_on_c, 15, 42, 0
25, 321024, Note_on_c, 15, 43, 32
25, 321536, Note_on_c, 15, 43, 0
25, 321536, Note_on_c, 15, 42, 33
25, 322560, Note_on_c, 15, 42, 0
25, 322560, Note_on_c, 15, 38, 33
25, 323584, Note_on_c, 15, 38, 0
25, 323584, Note_on_c, 15, 40, 34
25, 324608, Note_on_c, 15, 40, 0
25, 324608, Note_on_c, 15, 42, 34
25, 325120, Note_on_c, 15, 42, 0
25, 325120, Note_on_c, 15, 43, 35
25, 325632, Note_on_c, 15, 43, 0
25, 325632, Note_on_c, 15, 42, 37
25, 326656, Note_on_c, 15, 42, 0
25, 326656, Note_on_c, 15, 40, 41
25, 327680, Note_on_c, 15, 40, 0
25, 327680, Note_on_c, 15, 38, 45
25, 328704, Note_on_c, 15, 38, 0
25, 328704, Note_on_c, 15, 40, 48
25, 329728, Note_on_c, 15, 40, 0
25, 329728, Note_on_c, 15, 33, 52
25, 330547, Note_on_c, 15, 33, 0
25, 330752, Note_on_c, 15, 42, 50
25, 332800, Note_on_c, 15, 42, 0
25, 332800, Note_on_c, 15, 42, 36
25, 333824, Note_on_c, 15, 42, 0
25, 333824, Note_on_c, 15, 43, 37
25, 334848, Note_on_c, 15, 43, 0
25, 334848, Note_on_c, 15, 45, 38
25, 335872, Note_on_c, 15, 45, 0
25, 335872, Note_on_c, 15, 45, 39
25, 336896, Note_on_c, 15, 45, 0
25, 336896, Note_on_c, 15, 43, 40
25, 337920, Note_on_c, 15, 43, 0
25, 337920, Note_on_c, 15, 42, 38
25, 338944, Note_on_c, 15, 42, 0
25, 338944, Note_on_c, 15, 40, 37
25, 339968, Note_on_c, 15, 40, 0
25, 339968, Note_on_c, 15, 38, 36
25, 342016, Note_on_c, 15, 38, 0
25, 342016, Note_on_c, 15, 40, 34
25, 343040, Note_on_c, 15, 40, 0
25, 343040, Note_on_c, 15, 42, 32
25, 344064, Note_on_c, 15, 42, 0
25, 344064, Note_on_c, 15, 40, 31
25, 345600, Note_on_c, 15, 40, 0
25, 345600, Note_on_c, 15, 38, 29
25, 346112, Note_on_c, 15, 38, 0
25, 346112, Note_on_c, 15, 38, 29
25, 347750, Note_on_c, 15, 38, 0
25, 348160, Note_on_c, 15, 40, 28
25, 350208, Note_on_c, 15, 40, 0
25, 350208, Note_on_c, 15, 42, 30
25, 351232, Note_on_c, 15, 42, 0
25, 351232, Note_on_c, 15, 38, 31
25, 352256, Note_on_c, 15, 38, 0
25, 352256, Note_on_c, 15, 40, 32
25, 353280, Note_on_c, 15, 40, 0
25, 353280, Note_on_c, 15, 42, 33
25, 353792, Note_on_c, 15, 42, 0
25, 353792, Note_on_c, 15, 43, 34
25, 354304, Note_on_c, 15, 43, 0
25, 354304, Note_on_c, 15, 42, 34
25, 355328, Note_on_c, 15, 42, 0
25, 355328, Note_on_c, 15, 38, 35
25, 356352, Note_on_c, 15, 38, 0
25, 356352, Note_on_c, 15, 40, 37
25, 357376, Note_on_c, 15, 40, 0
25, 357376, Note_on_c, 15, 42, 38
25, 357888, Note_on_c, 15, 42, 0
25, 357888, Note_on_c, 15, 43, 38
25, 358400, Note_on_c, 15, 43, 0
25, 358400, Note_on_c, 15, 42, 39
25, 359424, Note_on_c, 15, 42, 0
25, 359424, Note_on_c, 15, 40, 40
25, 360448, Note_on_c, 15, 40, 0
25, 360448, Note_on_c, 15, 38, 41
25, 361472, Note_on_c, 15, 38, 0
25, 361472, Note_on_c, 15, 40, 43
25, 362496, Note_on_c, 15, 40, 0
25, 362496, Note_on_c, 15, 33, 47
25, 363315, Note_on_c, 15, 33, 0
25, 363520, Note_on_c, 15, 42, 51
25, 365568, Note_on_c, 15, 42, 0
25, 365568, Note_on_c, 15, 42, 36
25, 366592, Note_on_c, 15, 42, 0
25, 366592, Note_on_c, 15, 43, 36
25, 367616, Note_on_c, 15, 43, 0
25, 367616, Note_on_c, 15, 45, 36
25, 368640, Note_on_c, 15, 45, 0
25, 368640, Note_on_c, 15, 45, 35
25, 369664, Note_on_c, 15, 45, 0
25, 369664, Note_on_c, 15, 43, 35
25, 370688, Note_on_c, 15, 43, 0
25, 370688, Note_on_c, 15, 42, 34
25, 371712, Note_on_c, 15, 42, 0
25, 371712, Note_on_c, 15, 40, 34
25, 372736, Note_on_c, 15, 40, 0
25, 372736, Note_on_c, 15, 38, 33
25, 374784, Note_on_c, 15, 38, 0
25, 374784, Note_on_c, 15, 40, 32
25, 375808, Note_on_c, 15, 40, 0
25, 375808, Note_on_c, 15, 42, 32
25, 376832, Note_on_c, 15, 42, 0
25, 376832, Note_on_c, 15, 40, 32
25, 378368, Note_on_c, 15, 40, 0
25, 378368, Note_on_c, 15, 38, 31
25, 378880, Note_on_c, 15, 38, 0
25, 378880, Note_on_c, 15, 38, 31
25, 379904, Note_on_c, 15, 38, 0
25, 379904, Note_on_c, 15, 45, 36
25, 382976, Note_on_c, 15, 45, 0
25, 382976, Note_on_c, 15, 38, 42
25, 385024, Note_on_c, 15, 38, 0
25, 385024, Note_on_c, 15, 35, 43
25, 386560, Note_on_c, 15, 35, 0
25, 386560, Note_on_c, 15, 37, 45
25, 387072, Note_on_c, 15, 37, 0
25, 387072, Note_on_c, 15, 38, 45
25, 388096, Note_on_c, 15, 38, 0
25, 388096, Note_on_c, 15, 43, 46
25, 390144, Note_on_c, 15, 43, 0
25, 390144, Note_on_c, 15, 42, 46
25, 391168, Note_on_c, 15, 42, 0
25, 391168, Note_on_c, 15, 40, 44
25, 392192, Note_on_c, 15, 40, 0
25, 392192, Note_on_c, 15, 38, 43
25, 394240, Note_on_c, 15, 38, 0
25, 394240, Note_on_c, 15, 37, 39
25, 395264, Note_on_c, 15, 37, 0
25, 395264, Note_on_c, 15, 35, 38
25, 396288, Note_on_c, 15, 35, 0
25, 396288, Note_on_c, 15, 33, 34
25, 397312, Note_on_c, 15, 33, 0
25, 397312, Note_on_c, 15, 45, 35
25, 399360, Note_on_c, 15, 45, 0
25, 399360, Note_on_c, 15, 38, 38
25, 401408, Note_on_c, 15, 38, 0
25, 401408, Note_on_c, 15, 35, 41
25, 402944, Note_on_c, 15, 35, 0
25, 402944, Note_on_c, 15, 37, 43
25, 403456, Note_on_c, 15, 37, 0
25, 403456, Note_on_c, 15, 38, 43
25, 404480, Note_on_c, 15, 38, 0
25, 404480, Note_on_c, 15, 43, 45
25, 406528, Note_on_c, 15, 43, 0
25, 406528, Note_on_c, 15, 42, 45
25, 407040, Note_on_c, 15, 42, 0
25, 407040, Note_on_c, 15, 40, 44
25, 407552, Note_on_c, 15, 40, 0
25, 407552, Note_on_c, 15, 38, 43
25, 408064, Note_on_c, 15, 38, 0
25, 408064, Note_on_c, 15, 37, 42
25, 408576, Note_on_c, 15, 37, 0
25, 408576, Note_on_c, 15, 35, 42
25, 409088, Note_on_c, 15, 35, 0
25, 409088, Note_on_c, 15, 33, 41
25, 409600, Note_on_c, 15, 33, 0
25, 409600, Note_on_c, 15, 31, 40
25, 410624, Note_on_c, 15, 31, 0
25, 410624, Note_on_c, 15, 33, 39
25, 411648, Note_on_c, 15, 33, 0
25, 411648, Note_on_c, 15, 30, 37
25, 412467, Note_on_c, 15, 30, 0
25, 412672, Note_on_c, 15, 42, 36
25, 413696, Note_on_c, 15, 42, 0
25, 413696, Note_on_c, 15, 43, 36
25, 415744, Note_on_c, 15, 43, 0
25, 415744, Note_on_c, 15, 45, 38
25, 416768, Note_on_c, 15, 45, 0
25, 416768, Note_on_c, 15, 47, 40
25, 417792, Note_on_c, 15, 47, 0
25, 417792, Note_on_c, 15, 37, 41
25, 419840, Note_on_c, 15, 37, 0
25, 419840, Note_on_c, 15, 38, 44
25, 420864, Note_on_c, 15, 38, 0
25, 420864, Note_on_c, 15, 40, 45
25, 421376, Note_on_c, 15, 40, 0
25, 421376, Note_on_c, 15, 42, 45
25, 421888, Note_on_c, 15, 42, 0
25, 421888, Note_on_c, 15, 43, 46
25, 423936, Note_on_c, 15, 43, 0
25, 423936, Note_on_c, 15, 45, 49
25, 424960, Note_on_c, 15, 45, 0
25, 424960, Note_on_c, 15, 46, 50
25, 425984, Note_on_c, 15, 46, 0
25, 425984, Note_on_c, 15, 47, 48
25, 427008, Note_on_c, 15, 47, 0
25, 427008, Note_on_c, 15, 49, 51
25, 429056, Note_on_c, 15, 49, 0
25, 429056, Note_on_c, 15, 50, 59
25, 430080, Note_on_c, 15, 50, 0
25, 430080, Note_on_c, 15, 45, 37
25, 432128, Note_on_c, 15, 45, 0
25, 432128, Note_on_c, 15, 36, 37
25, 434176, Note_on_c, 15, 36, 0
25, 434176, Note_on_c, 15, 35, 38
25, 435712, Note_on_c, 15, 35, 0
25, 435712, Note_on_c, 15, 37, 38
25, 436224, Note_on_c, 15, 37, 0
25, 436224, Note_on_c, 15, 38, 39
25, 437248, Note_on_c, 15, 38, 0
25, 437248, Note_on_c, 15, 43, 39
25, 439296, Note_on_c, 15, 43, 0
25, 439296, Note_on_c, 15, 42, 37
25, 439808, Note_on_c, 15, 42, 0
25, 439808, Note_on_c, 15, 40, 37
25, 440320, Note_on_c, 15, 40, 0
25, 440320, Note_on_c, 15, 38, 36
25, 440832, Note_on_c, 15, 38, 0
25, 440832, Note_on_c, 15, 37, 36
25, 441344, Note_on_c, 15, 37, 0
25, 441344, Note_on_c, 15, 35, 35
25, 441856, Note_on_c, 15, 35, 0
25, 441856, Note_on_c, 15, 33, 35
25, 442368, Note_on_c, 15, 33, 0
25, 442368, Note_on_c, 15, 31, 35
25, 443392, Note_on_c, 15, 31, 0
25, 443392, Note_on_c, 15, 33, 34
25, 444416, Note_on_c, 15, 33, 0
25, 444416, Note_on_c, 15, 30, 33
25, 445235, Note_on_c, 15, 30, 0
25, 445440, Note_on_c, 15, 42, 33
25, 446464, Note_on_c, 15, 42, 0
25, 446464, Note_on_c, 15, 43, 36
25, 448512, Note_on_c, 15, 43, 0
25, 448512, Note_on_c, 15, 45, 38
25, 449536, Note_on_c, 15, 45, 0
25, 449536, Note_on_c, 15, 47, 39
25, 450560, Note_on_c, 15, 47, 0
25, 450560, Note_on_c, 15, 37, 41
25, 452608, Note_on_c, 15, 37, 0
25, 452608, Note_on_c, 15, 38, 43
25, 453632, Note_on_c, 15, 38, 0
25, 453632, Note_on_c, 15, 40, 44
25, 454144, Note_on_c, 15, 40, 0
25, 454144, Note_on_c, 15, 42, 45
25, 454656, Note_on_c, 15, 42, 0
25, 454656, Note_on_c, 15, 43, 46
25, 456704, Note_on_c, 15, 43, 0
25, 456704, Note_on_c, 15, 45, 48
25, 457728, Note_on_c, 15, 45, 0
25, 457728, Note_on_c, 15, 46, 49
25, 458752, Note_on_c, 15, 46, 0
25, 458752, Note_on_c, 15, 47, 50
25, 459776, Note_on_c, 15, 47, 0
25, 459776, Note_on_c, 15, 49, 55
25, 461824, Note_on_c, 15, 49, 0
25, 461824, Note_on_c, 15, 50, 65
25, 462848, Note_on_c, 15, 50, 0
25, 462848, Note_on_c, 15, 45, 44
25, 464896, Note_on_c, 15, 45, 0
25, 464896, Note_on_c, 15, 36, 45
25, 466944, Note_on_c, 15, 36, 0
25, 466944, Note_on_c, 15, 35, 47
25, 468480, Note_on_c, 15, 35, 0
25, 468480, Note_on_c, 15, 37, 48
25, 468992, Note_on_c, 15, 37, 0
25, 468992, Note_on_c, 15, 38, 49
25, 470016, Note_on_c, 15, 38, 0
25, 470016, Note_on_c, 15, 43, 49
25, 472064, Note_on_c, 15, 43, 0
25, 472064, Note_on_c, 15, 42, 51
25, 472576, Note_on_c, 15, 42, 0
25, 472576, Note_on_c, 15, 40, 50
25, 473088, Note_on_c, 15, 40, 0
25, 473088, Note_on_c, 15, 38, 49
25, 473600, Note_on_c, 15, 38, 0
25, 473600, Note_on_c, 15, 37, 49
25, 474112, Note_on_c, 15, 37, 0
25, 474112, Note_on_c, 15, 35, 48
25, 474624, Note_on_c, 15, 35, 0
25, 474624, Note_on_c, 15, 33, 47
25, 475136, Note_on_c, 15, 33, 0
25, 475136, Note_on_c, 15, 31, 47
25, 476160, Note_on_c, 15, 31, 0
25, 476160, Note_on_c, 15, 33, 45
25, 477184, Note_on_c, 15, 33, 0
25, 477184, Note_on_c, 15, 30, 44
25, 477696, Note_on_c, 15, 30, 0
25, 477696, Note_on_c, 15, 43, 43
25, 478208, Note_on_c, 15, 43, 0
25, 478208, Note_on_c, 15, 42, 48
25, 478720, Note_on_c, 15, 42, 0
25, 478720, Note_on_c, 15, 40, 52
25, 479232, Note_on_c, 15, 40, 0
25, 479232, Note_on_c, 15, 38, 44
25, 488448, Note_on_c, 15, 38, 0
25, 488448, Note_on_c, 15, 38, 47
25, 489472, Note_on_c, 15, 38, 0
25, 489472, Note_on_c, 15, 37, 46
25, 490496, Note_on_c, 15, 37, 0
25, 490496, Note_on_c, 15, 35, 44
25, 491520, Note_on_c, 15, 35, 0
25, 491520, Note_on_c, 15, 33, 43
25, 494080, Note_on_c, 15, 33, 0
25, 494080, Note_on_c, 15, 43, 39
25, 494592, Note_on_c, 15, 43, 0
25, 494592, Note_on_c, 15, 42, 39
25, 495104, Note_on_c, 15, 42, 0
25, 495104, Note_on_c, 15, 40, 37
25, 495616, Note_on_c, 15, 40, 0
25, 495616, Note_on_c, 15, 38, 38
25, 504320, Note_on_c, 15, 38, 0
25, 504320, Note_on_c, 15, 52, 48
25, 504832, Note_on_c, 15, 52, 0
25, 504832, Note_on_c, 15, 50, 48
25, 505344, Note_on_c, 15, 50, 0
25, 505344, Note_on_c, 15, 49, 48
25, 505856, Note_on_c, 15, 49, 0
25, 505856, Note_on_c, 15, 47, 48
25, 506368, Note_on_c, 15, 47, 0
25, 506368, Note_on_c, 15, 45, 48
25, 506880, Note_on_c, 15, 45, 0
25, 506880, Note_on_c, 15, 43, 48
25, 507392, Note_on_c, 15, 43, 0
25, 507392, Note_on_c, 15, 42, 48
25, 507904, Note_on_c, 15, 42, 0
25, 507904, Note_on_c, 15, 45, 48
25, 508928, Note_on_c, 15, 45, 0
25, 508928, Note_on_c, 15, 33, 47
25, 509952, Note_on_c, 15, 33, 0
25, 509952, Note_on_c, 15, 38, 47
25, 510771, Note_on_c, 15, 38, 0
25, 510976, Note_on_c, 15, 45, 47
25, 523264, Note_on_c, 15, 45, 0
25, 523264, Note_on_c, 15, 42, 69
25, 524288, Note_on_c, 15, 42, 0
25, 524288, Note_on_c, 15, 47, 71
25, 525312, Note_on_c, 15, 47, 0
25, 525312, Note_on_c, 15, 43, 73
25, 527360, Note_on_c, 15, 43, 0
25, 527360, Note_on_c, 15, 42, 84
25, 527872, Note_on_c, 15, 42, 0
25, 527872, Note_on_c, 15, 40, 67
25, 528384, Note_on_c, 15, 40, 0
25, 528384, Note_on_c, 15, 38, 55
25, 537600, Note_on_c, 15, 38, 0
25, 537600, Note_on_c, 15, 50, 61
25, 538112, Note_on_c, 15, 50, 0
25, 538112, Note_on_c, 15, 49, 60
25, 538624, Note_on_c, 15, 49, 0
25, 538624, Note_on_c, 15, 47, 59
25, 539136, Note_on_c, 15, 47, 0
25, 539136, Note_on_c, 15, 45, 58
25, 539648, Note_on_c, 15, 45, 0
25, 539648, Note_on_c, 15, 43, 57
25, 540160, Note_on_c, 15, 43, 0
25, 540160, Note_on_c, 15, 42, 56
25, 540672, Note_on_c, 15, 42, 0
25, 540672, Note_on_c, 15, 45, 57
25, 541696, Note_on_c, 15, 45, 0
25, 541696, Note_on_c, 15, 33, 57
25, 542720, Note_on_c, 15, 33, 0
25, 542720, Note_on_c, 15, 38, 57
25, 543539, Note_on_c, 15, 38, 0
25, 543744, Note_on_c, 15, 45, 57
25, 556032, Note_on_c, 15, 45, 0
25, 556032, Note_on_c, 15, 42, 73
25, 557056, Note_on_c, 15, 42, 0
25, 557056, Note_on_c, 15, 47, 75
25, 558080, Note_on_c, 15, 47, 0
25, 558080, Note_on_c, 15, 43, 80
25, 560128, Note_on_c, 15, 43, 0
25, 560128, Note_on_c, 15, 42, 92
25, 560640, Note_on_c, 15, 42, 0
25, 560640, Note_on_c, 15, 40, 95
25, 561152, Note_on_c, 15, 40, 0
25, 561152, Note_on_c, 15, 38, 71
25, 570368, Note_on_c, 15, 38, 0
25, 570368, Note_on_c, 15, 50, 81
25, 570880, Note_on_c, 15, 50, 0
25, 570880, Note_on_c, 15, 49, 81
25, 571392, Note_on_c, 15, 49, 0
25, 571392, Note_on_c, 15, 47, 82
25, 571904, Note_on_c, 15, 47, 0
25, 571904, Note_on_c, 15, 45, 82
25, 572416, Note_on_c, 15, 45, 0
25, 572416, Note_on_c, 15, 43, 82
25, 572928, Note_on_c, 15, 43, 0
25, 572928, Note_on_c, 15, 42, 82
25, 573440, Note_on_c, 15, 42, 0
25, 573440, Note_on_c, 15, 45, 82
25, 574464, Note_on_c, 15, 45, 0
25, 574464, Note_on_c, 15, 33, 82
25, 575488, Note_on_c, 15, 33, 0
25, 575488, Note_on_c, 15, 38, 82
25, 576000, Note_on_c, 15, 38, 0
25, 576000, Note_on_c, 15, 43, 82
25, 576512, Note_on_c, 15, 43, 0
25, 576512, Note_on_c, 15, 42, 85
25, 577024, Note_on_c, 15, 42, 0
25, 577024, Note_on_c, 15, 40, 91
25, 577536, Note_on_c, 15, 40, 0
25, 577536, Note_on_c, 15, 50, 98
25, 578048, Note_on_c, 15, 50, 0
25, 579072, Note_on_c, 15, 38, 99
25, 579482, Note_on_c, 15, 38, 0
25, 579584, Note_on_c, 15, 50, 99
25, 580096, Note_on_c, 15, 50, 0
25, 581120, Note_on_c, 15, 38, 99
25, 581530, Note_on_c, 15, 38, 0
25, 581632, Note_on_c, 15, 45, 99
25, 582144, Note_on_c, 15, 45, 0
25, 583168, Note_on_c, 15, 33, 99
25, 583578, Note_on_c, 15, 33, 0
25, 583680, Note_on_c, 15, 45, 99
25, 584192, Note_on_c, 15, 45, 0
25, 585216, Note_on_c, 15, 33, 99
25, 585626, Note_on_c, 15, 33, 0
25, 585728, Note_on_c, 15, 38, 99
25, 586240, Note_on_c, 15, 38, 0
25, 588800, Note_on_c, 15, 38, 99
25, 589312, Note_on_c, 15, 38, 0
25, 589824, Note_on_c, 15, 45, 99
25, 590336, Note_on_c, 15, 45, 0
25, 591872, Note_on_c, 15, 33, 99
25, 592384, Note_on_c, 15, 33, 0
25, 593920, Note_on_c, 15, 50, 99
25, 594432, Note_on_c, 15, 50, 0
25, 595456, Note_on_c, 15, 38, 99
25, 595866, Note_on_c, 15, 38, 0
25, 595968, Note_on_c, 15, 50, 99
25, 596480, Note_on_c, 15, 50, 0
25, 597504, Note_on_c, 15, 38, 99
25, 597914, Note_on_c, 15, 38, 0
25, 598016, Note_on_c, 15, 45, 99
25, 598528, Note_on_c, 15, 45, 0
25, 599552, Note_on_c, 15, 33, 99
25, 599962, Note_on_c, 15, 33, 0
25, 600064, Note_on_c, 15, 45, 99
25, 600576, Note_on_c, 15, 45, 0
25, 601600, Note_on_c, 15, 33, 99
25, 602010, Note_on_c, 15, 33, 0
25, 602112, Note_on_c, 15, 38, 99
25, 602624, Note_on_c, 15, 38, 0
25, 605184, Note_on_c, 15, 38, 99
25, 605696, Note_on_c, 15, 38, 0
25, 606208, Note_on_c, 15, 33, 99
25, 606720, Note_on_c, 15, 33, 0
25, 608256, Note_on_c, 15, 38, 99
25, 608768, Note_on_c, 15, 38, 0
25, 610304, Note_on_c, 15, 33, 98
25, 610816, Note_on_c, 15, 33, 0
25, 611840, Note_on_c, 15, 33, 98
25, 612250, Note_on_c, 15, 33, 0
25, 612352, Note_on_c, 15, 45, 98
25, 612864, Note_on_c, 15, 45, 0
25, 613376, Note_on_c, 15, 38, 98
25, 613888, Note_on_c, 15, 38, 0
25, 614400, Note_on_c, 15, 33, 98
25, 614912, Note_on_c, 15, 33, 0
25, 615936, Note_on_c, 15, 33, 98
25, 616346, Note_on_c, 15, 33, 0
25, 616448, Note_on_c, 15, 45, 97
25, 616960, Note_on_c, 15, 45, 0
25, 617472, Note_on_c, 15, 38, 97
25, 617984, Note_on_c, 15, 38, 0
25, 618496, Note_on_c, 15, 33, 97
25, 619008, Note_on_c, 15, 33, 0
25, 620032, Note_on_c, 15, 45, 97
25, 620442, Note_on_c, 15, 45, 0
25, 620544, Note_on_c, 15, 46, 97
25, 620954, Note_on_c, 15, 46, 0
25, 621568, Note_on_c, 15, 42, 100
25, 621978, Note_on_c, 15, 42, 0
25, 622592, Note_on_c, 15, 47, 101
25, 623002, Note_on_c, 15, 47, 0
25, 623616, Note_on_c, 15, 40, 103
25, 624026, Note_on_c, 15, 40, 0
25, 624640, Note_on_c, 15, 45, 104
25, 625050, Note_on_c, 15, 45, 0
25, 625664, Note_on_c, 15, 33, 101
25, 626074, Note_on_c, 15, 33, 0
25, 626688, Note_on_c, 15, 50, 101
25, 627200, Note_on_c, 15, 50, 0
25, 628224, Note_on_c, 15, 38, 101
25, 628634, Note_on_c, 15, 38, 0
25, 628736, Note_on_c, 15, 50, 101
25, 629248, Note_on_c, 15, 50, 0
25, 630272, Note_on_c, 15, 38, 101
25, 630682, Note_on_c, 15, 38, 0
25, 630784, Note_on_c, 15, 45, 101
25, 631296, Note_on_c, 15, 45, 0
25, 632320, Note_on_c, 15, 33, 101
25, 632730, Note_on_c, 15, 33, 0
25, 632832, Note_on_c, 15, 45, 101
25, 633344, Note_on_c, 15, 45, 0
25, 634368, Note_on_c, 15, 33, 101
25, 634778, Note_on_c, 15, 33, 0
25, 634880, Note_on_c, 15, 38, 101
25, 635392, Note_on_c, 15, 38, 0
25, 637952, Note_on_c, 15, 38, 101
25, 638464, Note_on_c, 15, 38, 0
25, 638976, Note_on_c, 15, 33, 101
25, 639488, Note_on_c, 15, 33, 0
25, 641024, Note_on_c, 15, 38, 101
25, 641536, Note_on_c, 15, 38, 0
25, 643072, Note_on_c, 15, 33, 98
25, 643584, Note_on_c, 15, 33, 0
25, 644608, Note_on_c, 15, 33, 98
25, 645018, Note_on_c, 15, 33, 0
25, 645120, Note_on_c, 15, 45, 98
25, 645632, Note_on_c, 15, 45, 0
25, 646144, Note_on_c, 15, 38, 98
25, 646656, Note_on_c, 15, 38, 0
25, 647168, Note_on_c, 15, 33, 99
25, 647680, Note_on_c, 15, 33, 0
25, 648704, Note_on_c, 15, 33, 99
25, 649114, Note_on_c, 15, 33, 0
25, 649216, Note_on_c, 15, 45, 99
25, 649728, Note_on_c, 15, 45, 0
25, 650240, Note_on_c, 15, 38, 100
25, 650752, Note_on_c, 15, 38, 0
25, 651264, Note_on_c, 15, 33, 100
25, 651776, Note_on_c, 15, 33, 0
25, 652800, Note_on_c, 15, 45, 100
25, 653210, Note_on_c, 15, 45, 0
25, 653312, Note_on_c, 15, 46, 100
25, 653722, Note_on_c, 15, 46, 0
25, 654336, Note_on_c, 15, 42, 100
25, 654746, Note_on_c, 15, 42, 0
25, 655360, Note_on_c, 15, 47, 101
25, 655770, Note_on_c, 15, 47, 0
25, 656384, Note_on_c, 15, 40, 102
25, 656794, Note_on_c, 15, 40, 0
25, 657408, Note_on_c, 15, 45, 103
25, 657818, Note_on_c, 15, 45, 0
25, 658432, Note_on_c, 15, 33, 101
25, 658842, Note_on_c, 15, 33, 0
25, 659456, Note_on_c, 15, 50, 101
25, 659968, Note_on_c, 15, 50, 0
25, 660992, Note_on_c, 15, 38, 101
25, 661402, Note_on_c, 15, 38, 0
25, 661504, Note_on_c, 15, 50, 101
25, 662016, Note_on_c, 15, 50, 0
25, 663040, Note_on_c, 15, 38, 100
25, 663450, Note_on_c, 15, 38, 0
25, 663552, Note_on_c, 15, 45, 100
25, 664064, Note_on_c, 15, 45, 0
25, 665088, Note_on_c, 15, 33, 100
25, 665498, Note_on_c, 15, 33, 0
25, 665600, Note_on_c, 15, 45, 100
25, 666112, Note_on_c, 15, 45, 0
25, 667136, Note_on_c, 15, 33, 100
25, 667546, Note_on_c, 15, 33, 0
25, 667648, Note_on_c, 15, 38, 99
25, 668160, Note_on_c, 15, 38, 0
25, 670720, Note_on_c, 15, 38, 99
25, 671232, Note_on_c, 15, 38, 0
25, 671744, Note_on_c, 15, 33, 99
25, 672256, Note_on_c, 15, 33, 0
25, 673792, Note_on_c, 15, 38, 83
25, 674304, Note_on_c, 15, 38, 0
25, 675328, Note_on_c, 15, 38, 83
25, 675738, Note_on_c, 15, 38, 0
25, 675840, Note_on_c, 15, 50, 83
25, 676352, Note_on_c, 15, 50, 0
25, 677376, Note_on_c, 15, 38, 83
25, 677786, Note_on_c, 15, 38, 0
25, 677888, Note_on_c, 15, 50, 83
25, 678400, Note_on_c, 15, 50, 0
25, 679424, Note_on_c, 15, 38, 83
25, 679834, Note_on_c, 15, 38, 0
25, 679936, Note_on_c, 15, 43, 83
25, 680448, Note_on_c, 15, 43, 0
25, 681472, Note_on_c, 15, 31, 83
25, 681882, Note_on_c, 15, 31, 0
25, 681984, Note_on_c, 15, 43, 83
25, 682496, Note_on_c, 15, 43, 0
25, 683520, Note_on_c, 15, 43, 83
25, 683930, Note_on_c, 15, 43, 0
25, 684032, Note_on_c, 15, 55, 83
25, 684544, Note_on_c, 15, 55, 0
25, 685568, Note_on_c, 15, 43, 83
25, 685978, Note_on_c, 15, 43, 0
25, 686080, Note_on_c, 15, 57, 83
25, 686592, Note_on_c, 15, 57, 0
25, 687616, Note_on_c, 15, 45, 83
25, 688026, Note_on_c, 15, 45, 0
25, 688128, Note_on_c, 15, 50, 83
25, 688640, Note_on_c, 15, 50, 0
25, 689664, Note_on_c, 15, 38, 83
25, 690074, Note_on_c, 15, 38, 0
25, 690176, Note_on_c, 15, 54, 83
25, 690688, Note_on_c, 15, 54, 0
25, 691712, Note_on_c, 15, 42, 83
25, 692122, Note_on_c, 15, 42, 0
25, 692224, Note_on_c, 15, 55, 83
25, 692736, Note_on_c, 15, 55, 0
25, 693760, Note_on_c, 15, 43, 83
25, 694170, Note_on_c, 15, 43, 0
25, 694272, Note_on_c, 15, 57, 83
25, 694784, Note_on_c, 15, 57, 0
25, 695808, Note_on_c, 15, 45, 83
25, 696218, Note_on_c, 15, 45, 0
25, 696320, Note_on_c, 15, 46, 83
25, 696832, Note_on_c, 15, 46, 0
25, 697856, Note_on_c, 15, 34, 83
25, 698266, Note_on_c, 15, 34, 0
25, 698368, Note_on_c, 15, 47, 83
25, 698880, Note_on_c, 15, 47, 0
25, 699904, Note_on_c, 15, 35, 83
25, 700314, Note_on_c, 15, 35, 0
25, 700416, Note_on_c, 15, 48, 82
25, 700928, Note_on_c, 15, 48, 0
25, 701952, Note_on_c, 15, 36, 84
25, 702362, Note_on_c, 15, 36, 0
25, 702464, Note_on_c, 15, 49, 85
25, 702976, Note_on_c, 15, 49, 0
25, 704000, Note_on_c, 15, 37, 88
25, 704410, Note_on_c, 15, 37, 0
25, 704512, Note_on_c, 15, 49, 88
25, 705024, Note_on_c, 15, 49, 0
25, 706048, Note_on_c, 15, 37, 91
25, 706458, Note_on_c, 15, 37, 0
25, 706560, Note_on_c, 15, 50, 92
25, 707072, Note_on_c, 15, 50, 0
25, 708096, Note_on_c, 15, 51, 94
25, 708506, Note_on_c, 15, 51, 0
25, 708608, Note_on_c, 15, 52, 95
25, 709120, Note_on_c, 15, 52, 0
25, 710144, Note_on_c, 15, 53, 98
25, 710554, Note_on_c, 15, 53, 0
25, 710656, Note_on_c, 15, 54, 99
25, 711168, Note_on_c, 15, 54, 0
25, 712192, Note_on_c, 15, 54, 101
25, 712602, Note_on_c, 15, 54, 0
25, 712704, Note_on_c, 15, 56, 102
25, 713216, Note_on_c, 15, 56, 0
25, 714240, Note_on_c, 15, 44, 103
25, 714650, Note_on_c, 15, 44, 0
25, 714752, Note_on_c, 15, 56, 103
25, 715264, Note_on_c, 15, 56, 0
25, 716288, Note_on_c, 15, 44, 103
25, 716698, Note_on_c, 15, 44, 0
25, 716800, Note_on_c, 15, 56, 103
25, 717312, Note_on_c, 15, 56, 0
25, 718336, Note_on_c, 15, 44, 103
25, 718746, Note_on_c, 15, 44, 0
25, 718848, Note_on_c, 15, 56, 103
25, 719360, Note_on_c, 15, 56, 0
25, 720384, Note_on_c, 15, 44, 103
25, 720794, Note_on_c, 15, 44, 0
25, 720896, Note_on_c, 15, 45, 103
25, 722432, Note_on_c, 15, 45, 0
25, 722432, Note_on_c, 15, 47, 103
25, 722688, Note_on_c, 15, 47, 0
25, 722688, Note_on_c, 15, 49, 103
25, 722944, Note_on_c, 15, 49, 0
25, 722944, Note_on_c, 15, 50, 103
25, 724480, Note_on_c, 15, 50, 0
25, 724480, Note_on_c, 15, 49, 103
25, 724736, Note_on_c, 15, 49, 0
25, 724736, Note_on_c, 15, 47, 103
25, 724992, Note_on_c, 15, 47, 0
25, 724992, Note_on_c, 15, 49, 103
25, 725504, Note_on_c, 15, 49, 0
25, 725504, Note_on_c, 15, 47, 103
25, 725760, Note_on_c, 15, 47, 0
25, 725760, Note_on_c, 15, 45, 103
25, 726016, Note_on_c, 15, 45, 0
25, 726016, Note_on_c, 15, 43, 103
25, 726272, Note_on_c, 15, 43, 0
25, 726528, Note_on_c, 15, 42, 103
25, 726784, Note_on_c, 15, 42, 0
25, 727040, Note_on_c, 15, 42, 105
25, 727296, Note_on_c, 15, 42, 0
25, 727552, Note_on_c, 15, 41, 107
25, 727808, Note_on_c, 15, 41, 0
25, 728064, Note_on_c, 15, 40, 109
25, 728320, Note_on_c, 15, 40, 0
25, 728576, Note_on_c, 15, 40, 111
25, 728832, Note_on_c, 15, 40, 0
25, 729088, Note_on_c, 15, 45, 113
25, 730726, Note_on_c, 15, 45, 0
25, 731136, Note_on_c, 15, 40, 114
25, 731648, Note_on_c, 15, 40, 0
25, 732160, Note_on_c, 15, 40, 114
25, 732672, Note_on_c, 15, 40, 0
25, 733184, Note_on_c, 15, 33, 114
25, 733440, Note_on_c, 15, 33, 0
25, 733696, Note_on_c, 15, 33, 114
25, 733952, Note_on_c, 15, 33, 0
25, 733952, Note_on_c, 15, 35, 114
25, 734208, Note_on_c, 15, 35, 0
25, 734208, Note_on_c, 15, 37, 114
25, 734464, Note_on_c, 15, 37, 0
25, 734720, Note_on_c, 15, 37, 114
25, 734976, Note_on_c, 15, 37, 0
25, 734976, Note_on_c, 15, 38, 114
25, 735232, Note_on_c, 15, 38, 0
25, 735232, Note_on_c, 15, 40, 114
25, 735488, Note_on_c, 15, 40, 0
25, 735744, Note_on_c, 15, 40, 114
25, 736000, Note_on_c, 15, 40, 0
25, 736000, Note_on_c, 15, 42, 114
25, 736256, Note_on_c, 15, 42, 0
25, 736256, Note_on_c, 15, 44, 114
25, 736512, Note_on_c, 15, 44, 0
25, 736768, Note_on_c, 15, 40, 106
25, 736939, Note_on_c, 15, 40, 0
25, 736939, Note_on_c, 15, 42, 98
25, 737109, Note_on_c, 15, 42, 0
25, 737109, Note_on_c, 15, 44, 90
25, 737280, Note_on_c, 15, 44, 0
25, 749056, Note_on_c, 15, 44, 30
25, 749312, Note_on_c, 15, 44, 0
25, 749568, Note_on_c, 15, 44, 98
25, 750080, Note_on_c, 15, 44, 0
25, 750080, Note_on_c, 15, 45, 102
25, 750592, Note_on_c, 15, 45, 0
25, 750592, Note_on_c, 15, 49, 105
25, 750848, Note_on_c, 15, 49, 0
25, 751104, Note_on_c, 15, 54, 105
25, 751360, Note_on_c, 15, 54, 0
25, 751616, Note_on_c, 15, 51, 105
25, 751872, Note_on_c, 15, 51, 0
25, 752128, Note_on_c, 15, 52, 105
25, 753152, Note_on_c, 15, 52, 0
25, 753152, Note_on_c, 15, 40, 105
25, 753664, Note_on_c, 15, 40, 0
25, 755200, Note_on_c, 15, 40, 105
25, 755712, Note_on_c, 15, 40, 0
25, 757248, Note_on_c, 15, 45, 116
25, 757760, Note_on_c, 15, 45, 0
25, 760320, Note_on_c, 15, 29, 116
25, 762573, Note_on_c, 15, 29, 0
25, 762880, Note_on_c, 15, 45, 108
25, 763136, Note_on_c, 15, 45, 0
25, 763392, Note_on_c, 15, 45, 106
25, 763648, Note_on_c, 15, 45, 0
25, 763904, Note_on_c, 15, 50, 104
25, 764160, Note_on_c, 15, 50, 0
25, 764416, Note_on_c, 15, 50, 102
25, 764672, Note_on_c, 15, 50, 0
25, 764928, Note_on_c, 15, 41, 101
25, 765184, Note_on_c, 15, 41, 0
25, 765440, Note_on_c, 15, 41, 102
25, 765696, Note_on_c, 15, 41, 0
25, 765952, Note_on_c, 15, 45, 102
25, 766208, Note_on_c, 15, 45, 0
25, 766464, Note_on_c, 15, 45, 103
25, 766720, Note_on_c, 15, 45, 0
25, 766976, Note_on_c, 15, 38, 103
25, 767232, Note_on_c, 15, 38, 0
25, 767488, Note_on_c, 15, 38, 104
25, 767744, Note_on_c, 15, 38, 0
25, 768000, Note_on_c, 15, 53, 104
25, 768256, Note_on_c, 15, 53, 0
25, 768512, Note_on_c, 15, 53, 105
25, 768768, Note_on_c, 15, 53, 0
25, 769024, Note_on_c, 15, 45, 106
25, 769280, Note_on_c, 15, 45, 0
25, 769536, Note_on_c, 15, 45, 106
25, 769792, Note_on_c, 15, 45, 0
25, 770048, Note_on_c, 15, 50, 107
25, 770304, Note_on_c, 15, 50, 0
25, 770560, Note_on_c, 15, 50, 107
25, 770816, Note_on_c, 15, 50, 0
25, 771072, Note_on_c, 15, 41, 108
25, 771328, Note_on_c, 15, 41, 0
25, 771584, Note_on_c, 15, 41, 109
25, 771840, Note_on_c, 15, 41, 0
25, 772096, Note_on_c, 15, 45, 109
25, 772352, Note_on_c, 15, 45, 0
25, 772608, Note_on_c, 15, 45, 110
25, 772864, Note_on_c, 15, 45, 0
25, 773120, Note_on_c, 15, 38, 110
25, 773376, Note_on_c, 15, 38, 0
25, 773632, Note_on_c, 15, 38, 111
25, 773888, Note_on_c, 15, 38, 0
25, 774144, Note_on_c, 15, 50, 112
25, 774400, Note_on_c, 15, 50, 0
25, 774656, Note_on_c, 15, 50, 112
25, 774912, Note_on_c, 15, 50, 0
25, 775168, Note_on_c, 15, 48, 113
25, 775424, Note_on_c, 15, 48, 0
25, 775680, Note_on_c, 15, 48, 113
25, 775936, Note_on_c, 15, 48, 0
25, 776192, Note_on_c, 15, 47, 114
25, 776448, Note_on_c, 15, 47, 0
25, 776704, Note_on_c, 15, 47, 115
25, 776960, Note_on_c, 15, 47, 0
25, 777216, Note_on_c, 15, 46, 115
25, 777472, Note_on_c, 15, 46, 0
25, 777728, Note_on_c, 15, 46, 116
25, 777984, Note_on_c, 15, 46, 0
25, 778240, Note_on_c, 15, 34, 116
25, 778496, Note_on_c, 15, 34, 0
25, 778752, Note_on_c, 15, 34, 117
25, 779008, Note_on_c, 15, 34, 0
25, 779264, Note_on_c, 15, 34, 117
25, 779520, Note_on_c, 15, 34, 0
25, 779776, Note_on_c, 15, 34, 118
25, 780288, Note_on_c, 15, 34, 0
25, 780800, Note_on_c, 15, 33, 120
25, 781312, Note_on_c, 15, 33, 0
25, 800256, Note_on_c, 15, 50, 34
25, 801280, Note_on_c, 15, 50, 0
25, 801280, Note_on_c, 15, 48, 33
25, 803328, Note_on_c, 15, 48, 0
25, 803328, Note_on_c, 15, 47, 30
25, 804352, Note_on_c, 15, 47, 0
25, 804352, Note_on_c, 15, 41, 29
25, 806400, Note_on_c, 15, 41, 0
25, 806400, Note_on_c, 15, 40, 27
25, 823808, Note_on_c, 15, 40, 0
25, 825856, Note_on_c, 15, 43, 100
25, 826368, Note_on_c, 15, 43, 0
25, 826880, Note_on_c, 15, 42, 102
25, 827136, Note_on_c, 15, 42, 0
25, 827392, Note_on_c, 15, 42, 102
25, 827648, Note_on_c, 15, 42, 0
25, 827904, Note_on_c, 15, 54, 103
25, 828416, Note_on_c, 15, 54, 0
25, 840192, Note_on_c, 15, 43, 53
25, 840602, Note_on_c, 15, 43, 0
25, 841216, Note_on_c, 15, 55, 88
25, 841626, Note_on_c, 15, 55, 0
25, 847360, Note_on_c, 15, 45, 106
25, 847872, Note_on_c, 15, 45, 0
25, 848384, Program_c, 15, 45
25, 855040, Note_on_c, 15, 33, 48
25, 856064, Note_on_c, 15, 33, 0
25, 856064, Note_on_c, 15, 33, 45
25, 857088, Note_on_c, 15, 33, 0
25, 863232, Note_on_c, 15, 33, 49
25, 864256, Note_on_c, 15, 33, 0
25, 864256, Note_on_c, 15, 33, 43
25, 865280, Note_on_c, 15, 33, 0
25, 865280, Note_on_c, 15, 42, 37
25, 866304, Note_on_c, 15, 42, 0
25, 866304, Note_on_c, 15, 42, 34
25, 867328, Note_on_c, 15, 42, 0
25, 867328, Note_on_c, 15, 43, 34
25, 868352, Note_on_c, 15, 43, 0
25, 868352, Note_on_c, 15, 45, 34
25, 869376, Note_on_c, 15, 45, 0
25, 869376, Note_on_c, 15, 45, 34
25, 870400, Note_on_c, 15, 45, 0
25, 870400, Note_on_c, 15, 43, 34
25, 871424, Note_on_c, 15, 43, 0
25, 871424, Note_on_c, 15, 42, 34
25, 872448, Note_on_c, 15, 42, 0
25, 872448, Note_on_c, 15, 40, 34
25, 873472, Note_on_c, 15, 40, 0
25, 873472, Note_on_c, 15, 38, 34
25, 874496, Note_on_c, 15, 38, 0
25, 874496, Note_on_c, 15, 38, 34
25, 875520, Note_on_c, 15, 38, 0
25, 875520, Note_on_c, 15, 40, 34
25, 876544, Note_on_c, 15, 40, 0
25, 876544, Note_on_c, 15, 42, 34
25, 877568, Note_on_c, 15, 42, 0
25, 877568, Note_on_c, 15, 42, 34
25, 878592, Note_on_c, 15, 42, 0
25, 879616, Note_on_c, 15, 40, 34
25, 880640, Note_on_c, 15, 40, 0
25, 881664, Note_on_c, 15, 42, 34
25, 882688, Note_on_c, 15, 42, 0
25, 882688, Note_on_c, 15, 42, 34
25, 883712, Note_on_c, 15, 42, 0
25, 883712, Note_on_c, 15, 43, 34
25, 884736, Note_on_c, 15, 43, 0
25, 884736, Note_on_c, 15, 45, 34
25, 885760, Note_on_c, 15, 45, 0
25, 885760, Note_on_c, 15, 45, 34
25, 886784, Note_on_c, 15, 45, 0
25, 886784, Note_on_c, 15, 43, 34
25, 887808, Note_on_c, 15, 43, 0
25, 887808, Note_on_c, 15, 42, 34
25, 888832, Note_on_c, 15, 42, 0
25, 888832, Note_on_c, 15, 40, 34
25, 889856, Note_on_c, 15, 40, 0
25, 889856, Note_on_c, 15, 38, 34
25, 890880, Note_on_c, 15, 38, 0
25, 890880, Note_on_c, 15, 38, 34
25, 891904, Note_on_c, 15, 38, 0
25, 891904, Note_on_c, 15, 40, 34
25, 892928, Note_on_c, 15, 40, 0
25, 892928, Note_on_c, 15, 42, 34
25, 893952, Note_on_c, 15, 42, 0
25, 893952, Note_on_c, 15, 40, 34
25, 894976, Note_on_c, 15, 40, 0
25, 896000, Note_on_c, 15, 38, 34
25, 897024, Note_on_c, 15, 38, 0
25, 898048, Note_on_c, 15, 40, 34
25, 899072, Note_on_c, 15, 40, 0
25, 899072, Note_on_c, 15, 40, 35
25, 900096, Note_on_c, 15, 40, 0
25, 900096, Note_on_c, 15, 42, 36
25, 901120, Note_on_c, 15, 42, 0
25, 901120, Note_on_c, 15, 38, 37
25, 902144, Note_on_c, 15, 38, 0
25, 902144, Note_on_c, 15, 40, 37
25, 903168, Note_on_c, 15, 40, 0
25, 903168, Note_on_c, 15, 42, 38
25, 903680, Note_on_c, 15, 42, 0
25, 903680, Note_on_c, 15, 43, 39
25, 904192, Note_on_c, 15, 43, 0
25, 904192, Note_on_c, 15, 42, 39
25, 905216, Note_on_c, 15, 42, 0
25, 905216, Note_on_c, 15, 38, 40
25, 906240, Note_on_c, 15, 38, 0
25, 906240, Note_on_c, 15, 40, 40
25, 907264, Note_on_c, 15, 40, 0
25, 907264, Note_on_c, 15, 42, 41
25, 907776, Note_on_c, 15, 42, 0
25, 907776, Note_on_c, 15, 43, 42
25, 908288, Note_on_c, 15, 43, 0
25, 908288, Note_on_c, 15, 42, 42
25, 909312, Note_on_c, 15, 42, 0
25, 909312, Note_on_c, 15, 40, 43
25, 910336, Note_on_c, 15, 40, 0
25, 910336, Note_on_c, 15, 38, 43
25, 911360, Note_on_c, 15, 38, 0
25, 911360, Note_on_c, 15, 40, 44
25, 912384, Note_on_c, 15, 40, 0
25, 912384, Note_on_c, 15, 33, 45
25, 913408, Note_on_c, 15, 33, 0
25, 913408, Note_on_c, 15, 42, 46
25, 914432, Note_on_c, 15, 42, 0
25, 914432, Note_on_c, 15, 42, 47
25, 915456, Note_on_c, 15, 42, 0
25, 915456, Note_on_c, 15, 42, 47
25, 916480, Note_on_c, 15, 42, 0
25, 916480, Note_on_c, 15, 43, 48
25, 917504, Note_on_c, 15, 43, 0
25, 917504, Note_on_c, 15, 45, 49
25, 918528, Note_on_c, 15, 45, 0
25, 918528, Note_on_c, 15, 45, 50
25, 919552, Note_on_c, 15, 45, 0
25, 919552, Note_on_c, 15, 43, 50
25, 920576, Note_on_c, 15, 43, 0
25, 920576, Note_on_c, 15, 42, 51
25, 921600, Note_on_c, 15, 42, 0
25, 921600, Note_on_c, 15, 40, 46
25, 922624, Note_on_c, 15, 40, 0
25, 922624, Note_on_c, 15, 38, 41
25, 923648, Note_on_c, 15, 38, 0
25, 923648, Note_on_c, 15, 38, 41
25, 924672, Note_on_c, 15, 38, 0
25, 924672, Note_on_c, 15, 40, 41
25, 925696, Note_on_c, 15, 40, 0
25, 925696, Note_on_c, 15, 42, 41
25, 926720, Note_on_c, 15, 42, 0
25, 926720, Note_on_c, 15, 40, 41
25, 927744, Note_on_c, 15, 40, 0
25, 928768, Note_on_c, 15, 38, 47
25, 929792, Note_on_c, 15, 38, 0
25, 929987, Program_c, 15, 48
25, 930816, Note_on_c, 15, 40, 96
25, 931840, Note_on_c, 15, 40, 0
25, 931840, Note_on_c, 15, 40, 96
25, 932864, Note_on_c, 15, 40, 0
25, 932864, Note_on_c, 15, 42, 96
25, 933888, Note_on_c, 15, 42, 0
25, 933888, Note_on_c, 15, 38, 96
25, 934912, Note_on_c, 15, 38, 0
25, 934912, Note_on_c, 15, 40, 96
25, 935936, Note_on_c, 15, 40, 0
25, 935936, Note_on_c, 15, 42, 96
25, 936448, Note_on_c, 15, 42, 0
25, 936448, Note_on_c, 15, 43, 96
25, 936960, Note_on_c, 15, 43, 0
25, 936960, Note_on_c, 15, 42, 96
25, 937984, Note_on_c, 15, 42, 0
25, 937984, Note_on_c, 15, 38, 96
25, 939008, Note_on_c, 15, 38, 0
25, 939008, Note_on_c, 15, 40, 96
25, 940032, Note_on_c, 15, 40, 0
25, 940032, Note_on_c, 15, 42, 96
25, 940544, Note_on_c, 15, 42, 0
25, 940544, Note_on_c, 15, 43, 96
25, 941056, Note_on_c, 15, 43, 0
25, 941056, Note_on_c, 15, 42, 96
25, 942080, Note_on_c, 15, 42, 0
25, 942080, Note_on_c, 15, 40, 96
25, 943104, Note_on_c, 15, 40, 0
25, 943104, Note_on_c, 15, 38, 96
25, 944128, Note_on_c, 15, 38, 0
25, 944128, Note_on_c, 15, 40, 98
25, 945152, Note_on_c, 15, 40, 0
25, 945152, Note_on_c, 15, 33, 101
25, 945971, Note_on_c, 15, 33, 0
25, 946176, Note_on_c, 15, 42, 103
25, 948224, Note_on_c, 15, 42, 0
25, 948224, Note_on_c, 15, 42, 102
25, 949248, Note_on_c, 15, 42, 0
25, 949248, Note_on_c, 15, 43, 100
25, 950272, Note_on_c, 15, 43, 0
25, 950272, Note_on_c, 15, 45, 98
25, 951296, Note_on_c, 15, 45, 0
25, 951296, Note_on_c, 15, 45, 96
25, 952320, Note_on_c, 15, 45, 0
25, 952320, Note_on_c, 15, 43, 96
25, 953344, Note_on_c, 15, 43, 0
25, 953344, Note_on_c, 15, 42, 96
25, 954368, Note_on_c, 15, 42, 0
25, 954368, Note_on_c, 15, 43, 96
25, 954880, Note_on_c, 15, 43, 0
25, 954880, Note_on_c, 15, 40, 96
25, 955392, Note_on_c, 15, 40, 0
25, 955392, Note_on_c, 15, 38, 96
25, 956416, Note_on_c, 15, 38, 0
25, 956416, Note_on_c, 15, 38, 96
25, 957440, Note_on_c, 15, 38, 0
25, 957440, Note_on_c, 15, 40, 95
25, 958464, Note_on_c, 15, 40, 0
25, 958464, Note_on_c, 15, 42, 95
25, 959488, Note_on_c, 15, 42, 0
25, 959488, Note_on_c, 15, 40, 95
25, 961024, Note_on_c, 15, 40, 0
25, 961024, Note_on_c, 15, 38, 95
25, 961434, Note_on_c, 15, 38, 0
25, 961536, Note_on_c, 15, 38, 95
25, 962355, Note_on_c, 15, 38, 0
25, 962560, Note_on_c, 15, 45, 94
25, 963584, Note_on_c, 15, 45, 0
25, 963584, Note_on_c, 15, 43, 94
25, 965120, Note_on_c, 15, 43, 0
25, 965120, Note_on_c, 15, 42, 94
25, 965530, Note_on_c, 15, 42, 0
25, 965632, Note_on_c, 15, 42, 94
25, 966451, Note_on_c, 15, 42, 0
25, 966656, Note_on_c, 15, 50, 94
25, 967680, Note_on_c, 15, 50, 0
25, 967680, Note_on_c, 15, 48, 98
25, 969216, Note_on_c, 15, 48, 0
25, 969216, Note_on_c, 15, 47, 95
25, 969626, Note_on_c, 15, 47, 0
25, 969728, Note_on_c, 15, 47, 94
25, 970547, Note_on_c, 15, 47, 0
25, 970752, Note_on_c, 15, 55, 94
25, 971264, Note_on_c, 15, 55, 0
25, 971264, Note_on_c, 15, 52, 97
25, 971776, Note_on_c, 15, 52, 0
25, 971776, Note_on_c, 15, 50, 101
25, 972288, Note_on_c, 15, 50, 0
25, 972288, Note_on_c, 15, 49, 103
25, 972800, Note_on_c, 15, 49, 0
25, 972800, Note_on_c, 15, 52, 101
25, 973312, Note_on_c, 15, 52, 0
25, 973312, Note_on_c, 15, 49, 99
25, 973824, Note_on_c, 15, 49, 0
25, 973824, Note_on_c, 15, 47, 97
25, 974336, Note_on_c, 15, 47, 0
25, 974336, Note_on_c, 15, 45, 96
25, 974848, Note_on_c, 15, 45, 0
25, 974848, Note_on_c, 15, 47, 97
25, 975360, Note_on_c, 15, 47, 0
25, 975360, Note_on_c, 15, 49, 99
25, 975872, Note_on_c, 15, 49, 0
25, 975872, Note_on_c, 15, 50, 101
25, 976384, Note_on_c, 15, 50, 0
25, 976384, Note_on_c, 15, 54, 102
25, 976896, Note_on_c, 15, 54, 0
25, 976896, Note_on_c, 15, 52, 98
25, 977408, Note_on_c, 15, 52, 0
25, 977408, Note_on_c, 15, 49, 94
25, 977920, Note_on_c, 15, 49, 0
25, 977920, Note_on_c, 15, 50, 90
25, 978432, Note_on_c, 15, 50, 0
25, 1044480, Note_on_c, 15, 45, 85
25, 1045878, Note_on_c, 15, 45, 0
25, 1046016, Note_on_c, 15, 33, 93
25, 1046528, Note_on_c, 15, 33, 0
25, 1046528, Note_on_c, 15, 40, 93
25, 1046902, Note_on_c, 15, 40, 0
25, 1047040, Note_on_c, 15, 37, 93
25, 1047552, Note_on_c, 15, 37, 0
25, 1047552, Note_on_c, 15, 45, 93
25, 1047926, Note_on_c, 15, 45, 0
25, 1049600, Note_on_c, 15, 33, 93
25, 1049974, Note_on_c, 15, 33, 0
25, 1050112, Note_on_c, 15, 33, 93
25, 1050624, Note_on_c, 15, 33, 0
25, 1050624, Note_on_c, 15, 45, 93
25, 1050998, Note_on_c, 15, 45, 0
25, 1051136, Note_on_c, 15, 33, 93
25, 1051648, Note_on_c, 15, 33, 0
25, 1051648, Note_on_c, 15, 45, 93
25, 1052022, Note_on_c, 15, 45, 0
25, 1053696, Note_on_c, 15, 33, 94
25, 1054070, Note_on_c, 15, 33, 0
25, 1054208, Note_on_c, 15, 33, 94
25, 1054720, Note_on_c, 15, 33, 0
25, 1054720, Note_on_c, 15, 45, 94
25, 1055094, Note_on_c, 15, 45, 0
25, 1056256, Note_on_c, 15, 46, 94
25, 1056768, Note_on_c, 15, 46, 0
25, 1056768, Note_on_c, 15, 42, 94
25, 1057280, Note_on_c, 15, 42, 0
25, 1058304, Note_on_c, 15, 47, 96
25, 1058816, Note_on_c, 15, 47, 0
25, 1058816, Note_on_c, 15, 40, 97
25, 1059328, Note_on_c, 15, 40, 0
25, 1060352, Note_on_c, 15, 45, 101
25, 1060864, Note_on_c, 15, 45, 0
25, 1060864, Note_on_c, 15, 33, 103
25, 1061238, Note_on_c, 15, 33, 0
25, 1061376, Note_on_c, 15, 33, 103
25, 1061888, Note_on_c, 15, 33, 0
25, 1061888, Note_on_c, 15, 38, 104
25, 1064960, Note_on_c, 15, 38, 0
25, 1064960, Note_on_c, 15, 37, 107
25, 1065472, Note_on_c, 15, 37, 0
25, 1065472, Note_on_c, 15, 35, 106
25, 1065984, Note_on_c, 15, 35, 0
25, 1065984, Note_on_c, 15, 33, 106
25, 1066496, Note_on_c, 15, 33, 0
25, 1066496, Note_on_c, 15, 35, 99
25, 1067008, Note_on_c, 15, 35, 0
25, 1067008, Note_on_c, 15, 37, 91
25, 1067520, Note_on_c, 15, 37, 0
25, 1067520, Note_on_c, 15, 38, 84
25, 1068032, Note_on_c, 15, 38, 0
25, 1068032, Note_on_c, 15, 40, 76
25, 1068544, Note_on_c, 15, 40, 0
25, 1068544, Note_on_c, 15, 42, 69
25, 1069056, Note_on_c, 15, 42, 0
25, 1069056, Note_on_c, 15, 43, 61
25, 1069568, Note_on_c, 15, 43, 0
25, 1069568, Note_on_c, 15, 40, 54
25, 1070080, Note_on_c, 15, 40, 0
25, 1070080, Note_on_c, 15, 42, 46
25, 1070828, Note_on_c, 15, 42, 0
25, 1071616, Note_on_c, 15, 42, 41
25, 1072128, Note_on_c, 15, 42, 0
25, 1072128, Note_on_c, 15, 38, 41
25, 1072876, Note_on_c, 15, 38, 0
25, 1073664, Note_on_c, 15, 38, 39
25, 1074176, Note_on_c, 15, 38, 0
25, 1074176, Note_on_c, 15, 45, 39
25, 1074924, Note_on_c, 15, 45, 0
25, 1075712, Note_on_c, 15, 33, 37
25, 1076224, Note_on_c, 15, 33, 0
25, 1076224, Note_on_c, 15, 38, 37
25, 1076972, Note_on_c, 15, 38, 0
25, 1077760, Note_on_c, 15, 50, 46
25, 1078272, Note_on_c, 15, 50, 0
25, 1078272, Note_on_c, 15, 38, 50
25, 1079020, Note_on_c, 15, 38, 0
25, 1079808, Note_on_c, 15, 50, 45
25, 1080320, Note_on_c, 15, 50, 0
25, 1080320, Note_on_c, 15, 38, 42
25, 1081068, Note_on_c, 15, 38, 0
25, 1081856, Note_on_c, 15, 38, 46
25, 1082368, Note_on_c, 15, 38, 0
25, 1082368, Note_on_c, 15, 31, 51
25, 1083116, Note_on_c, 15, 31, 0
25, 1083904, Note_on_c, 15, 43, 48
25, 1084416, Note_on_c, 15, 43, 0
25, 1084416, Note_on_c, 15, 31, 45
25, 1085164, Note_on_c, 15, 31, 0
25, 1085952, Note_on_c, 15, 43, 42
25, 1086464, Note_on_c, 15, 43, 0
25, 1086464, Note_on_c, 15, 45, 43
25, 1087212, Note_on_c, 15, 45, 0
25, 1088000, Note_on_c, 15, 33, 47
25, 1088512, Note_on_c, 15, 33, 0
25, 1088512, Note_on_c, 15, 45, 46
25, 1089260, Note_on_c, 15, 45, 0
25, 1090048, Note_on_c, 15, 45, 43
25, 1090560, Note_on_c, 15, 45, 0
25, 1090560, Note_on_c, 15, 50, 42
25, 1090970, Note_on_c, 15, 50, 0
25, 1091584, Note_on_c, 15, 45, 40
25, 1091994, Note_on_c, 15, 45, 0
25, 1092608, Note_on_c, 15, 38, 38
25, 1093018, Note_on_c, 15, 38, 0
25, 1154048, Note_on_c, 15, 50, 81
25, 1154796, Note_on_c, 15, 50, 0
25, 1155584, Note_on_c, 15, 50, 87
25, 1155958, Note_on_c, 15, 50, 0
25, 1156096, Note_on_c, 15, 50, 87
25, 1156844, Note_on_c, 15, 50, 0
25, 1157632, Note_on_c, 15, 50, 87
25, 1158006, Note_on_c, 15, 50, 0
25, 1158144, Note_on_c, 15, 50, 87
25, 1158892, Note_on_c, 15, 50, 0
25, 1159168, Note_on_c, 15, 33, 89
25, 1159680, Note_on_c, 15, 33, 0
25, 1159680, Note_on_c, 15, 45, 89
25, 1160054, Note_on_c, 15, 45, 0
25, 1160192, Note_on_c, 15, 33, 89
25, 1160704, Note_on_c, 15, 33, 0
25, 1160704, Note_on_c, 15, 45, 89
25, 1161078, Note_on_c, 15, 45, 0
25, 1161216, Note_on_c, 15, 33, 89
25, 1161728, Note_on_c, 15, 33, 0
25, 1161728, Note_on_c, 15, 45, 89
25, 1162102, Note_on_c, 15, 45, 0
25, 1162240, Note_on_c, 15, 33, 90
25, 1162752, Note_on_c, 15, 33, 0
25, 1162752, Note_on_c, 15, 45, 90
25, 1163126, Note_on_c, 15, 45, 0
25, 1163264, Note_on_c, 15, 33, 90
25, 1163776, Note_on_c, 15, 33, 0
25, 1163776, Note_on_c, 15, 45, 90
25, 1164150, Note_on_c, 15, 45, 0
25, 1164288, Note_on_c, 15, 33, 90
25, 1164800, Note_on_c, 15, 33, 0
25, 1164800, Note_on_c, 15, 45, 90
25, 1165174, Note_on_c, 15, 45, 0
25, 1165312, Note_on_c, 15, 33, 91
25, 1165824, Note_on_c, 15, 33, 0
25, 1165824, Note_on_c, 15, 45, 91
25, 1166198, Note_on_c, 15, 45, 0
25, 1166336, Note_on_c, 15, 33, 91
25, 1166848, Note_on_c, 15, 33, 0
25, 1166848, Note_on_c, 15, 45, 91
25, 1167222, Note_on_c, 15, 45, 0
25, 1167360, Note_on_c, 15, 33, 91
25, 1167872, Note_on_c, 15, 33, 0
25, 1167872, Note_on_c, 15, 45, 91
25, 1168246, Note_on_c, 15, 45, 0
25, 1168384, Note_on_c, 15, 33, 91
25, 1168896, Note_on_c, 15, 33, 0
25, 1168896, Note_on_c, 15, 45, 92
25, 1169270, Note_on_c, 15, 45, 0
25, 1169408, Note_on_c, 15, 33, 92
25, 1169920, Note_on_c, 15, 33, 0
25, 1169920, Note_on_c, 15, 45, 93
25, 1170294, Note_on_c, 15, 45, 0
25, 1170432, Note_on_c, 15, 33, 94
25, 1170944, Note_on_c, 15, 33, 0
25, 1170944, Note_on_c, 15, 45, 94
25, 1171318, Note_on_c, 15, 45, 0
25, 1171456, Note_on_c, 15, 33, 95
25, 1171968, Note_on_c, 15, 33, 0
25, 1171968, Note_on_c, 15, 45, 95
25, 1172342, Note_on_c, 15, 45, 0
25, 1172480, Note_on_c, 15, 33, 96
25, 1172992, Note_on_c, 15, 33, 0
25, 1172992, Note_on_c, 15, 45, 96
25, 1173366, Note_on_c, 15, 45, 0
25, 1173504, Note_on_c, 15, 33, 97
25, 1174016, Note_on_c, 15, 33, 0
25, 1174016, Note_on_c, 15, 45, 97
25, 1174390, Note_on_c, 15, 45, 0
25, 1174528, Note_on_c, 15, 33, 98
25, 1175040, Note_on_c, 15, 33, 0
25, 1175040, Note_on_c, 15, 45, 98
25, 1175414, Note_on_c, 15, 45, 0
25, 1175552, Note_on_c, 15, 26, 99
25, 1176064, Note_on_c, 15, 26, 0
25, 1176064, Note_on_c, 15, 33, 99
25, 1176438, Note_on_c, 15, 33, 0
25, 1176576, Note_on_c, 15, 26, 99
25, 1177088, Note_on_c, 15, 26, 0
25, 1177088, Note_on_c, 15, 33, 99
25, 1177462, Note_on_c, 15, 33, 0
25, 1177600, Note_on_c, 15, 26, 99
25, 1178112, Note_on_c, 15, 26, 0
25, 1178112, Note_on_c, 15, 33, 99
25, 1178486, Note_on_c, 15, 33, 0
25, 1178624, Note_on_c, 15, 26, 99
25, 1179136, Note_on_c, 15, 26, 0
25, 1179136, Note_on_c, 15, 33, 99
25, 1179510, Note_on_c, 15, 33, 0
25, 1179648, Note_on_c, 15, 26, 99
25, 1180160, Note_on_c, 15, 26, 0
25, 1180160, Note_on_c, 15, 33, 99
25, 1180534, Note_on_c, 15, 33, 0
25, 1180672, Note_on_c, 15, 26, 99
25, 1181184, Note_on_c, 15, 26, 0
25, 1181184, Note_on_c, 15, 33, 99
25, 1181558, Note_on_c, 15, 33, 0
25, 1181696, Note_on_c, 15, 26, 99
25, 1182208, Note_on_c, 15, 26, 0
25, 1182208, Note_on_c, 15, 33, 99
25, 1182582, Note_on_c, 15, 33, 0
25, 1182720, Note_on_c, 15, 26, 99
25, 1183232, Note_on_c, 15, 26, 0
25, 1183232, Note_on_c, 15, 33, 99
25, 1183606, Note_on_c, 15, 33, 0
25, 1183744, Note_on_c, 15, 26, 99
25, 1184256, Note_on_c, 15, 26, 0
25, 1184256, Note_on_c, 15, 33, 99
25, 1184630, Note_on_c, 15, 33, 0
25, 1184768, Note_on_c, 15, 26, 100
25, 1185280, Note_on_c, 15, 26, 0
25, 1185280, Note_on_c, 15, 33, 101
25, 1185654, Note_on_c, 15, 33, 0
25, 1185792, Note_on_c, 15, 26, 103
25, 1186304, Note_on_c, 15, 26, 0
25, 1186304, Note_on_c, 15, 33, 105
25, 1186678, Note_on_c, 15, 33, 0
25, 1186816, Note_on_c, 15, 50, 111
25, 1187328, Note_on_c, 15, 50, 0
25, 1188864, Note_on_c, 15, 50, 108
25, 1189612, Note_on_c, 15, 50, 0
25, 1190400, Note_on_c, 15, 50, 107
25, 1190774, Note_on_c, 15, 50, 0
25, 1190912, Note_on_c, 15, 50, 107
25, 1191660, Note_on_c, 15, 50, 0
25, 1192960, Note_on_c, 15, 50, 103
25, 1193984, Note_on_c, 15, 50, 0
25, 1195008, Note_on_c, 15, 50, 103
25, 1196032, Note_on_c, 15, 50, 0
25, 1197056, Note_on_c, 15, 43, 103
25, 1198080, Note_on_c, 15, 43, 0
25, 1199104, Note_on_c, 15, 43, 103
25, 1200128, Note_on_c, 15, 43, 0
25, 1201152, Note_on_c, 15, 45, 103
25, 1202176, Note_on_c, 15, 45, 0
25, 1203200, Note_on_c, 15, 45, 103
25, 1204224, Note_on_c, 15, 45, 0
25, 1205248, Note_on_c, 15, 50, 103
25, 1208525, Note_on_c, 15, 50, 0
25, 1209344, Note_on_c, 15, 40, 103
25, 1210368, Note_on_c, 15, 40, 0
25, 1211392, Note_on_c, 15, 40, 106
25, 1212416, Note_on_c, 15, 40, 0
25, 1213440, Note_on_c, 15, 45, 109
25, 1213696, Note_on_c, 15, 45, 0
25, 1213696, Note_on_c, 15, 47, 109
25, 1213952, Note_on_c, 15, 47, 0
25, 1213952, Note_on_c, 15, 45, 109
25, 1214208, Note_on_c, 15, 45, 0
25, 1214208, Note_on_c, 15, 44, 109
25, 1214464, Note_on_c, 15, 44, 0
25, 1214464, Note_on_c, 15, 42, 108
25, 1214720, Note_on_c, 15, 42, 0
25, 1214720, Note_on_c, 15, 44, 108
25, 1214976, Note_on_c, 15, 44, 0
25, 1214976, Note_on_c, 15, 42, 107
25, 1215232, Note_on_c, 15, 42, 0
25, 1215232, Note_on_c, 15, 40, 107
25, 1215488, Note_on_c, 15, 40, 0
25, 1215488, Note_on_c, 15, 38, 107
25, 1215744, Note_on_c, 15, 38, 0
25, 1215744, Note_on_c, 15, 40, 106
25, 1216000, Note_on_c, 15, 40, 0
25, 1216000, Note_on_c, 15, 38, 106
25, 1216256, Note_on_c, 15, 38, 0
25, 1216256, Note_on_c, 15, 37, 106
25, 1216512, Note_on_c, 15, 37, 0
25, 1216512, Note_on_c, 15, 35, 105
25, 1216768, Note_on_c, 15, 35, 0
25, 1216768, Note_on_c, 15, 37, 105
25, 1217024, Note_on_c, 15, 37, 0
25, 1217024, Note_on_c, 15, 35, 104
25, 1217280, Note_on_c, 15, 35, 0
25, 1217280, Note_on_c, 15, 33, 104
25, 1217536, Note_on_c, 15, 33, 0
25, 1217536, Note_on_c, 15, 40, 104
25, 1218560, Note_on_c, 15, 40, 0
25, 1219584, Note_on_c, 15, 40, 107
25, 1220608, Note_on_c, 15, 40, 0
25, 1221632, Note_on_c, 15, 45, 113
25, 1221888, Note_on_c, 15, 45, 0
25, 1221888, Note_on_c, 15, 47, 113
25, 1222144, Note_on_c, 15, 47, 0
25, 1222144, Note_on_c, 15, 45, 114
25, 1222400, Note_on_c, 15, 45, 0
25, 1222400, Note_on_c, 15, 44, 114
25, 1222656, Note_on_c, 15, 44, 0
25, 1222656, Note_on_c, 15, 42, 114
25, 1222912, Note_on_c, 15, 42, 0
25, 1222912, Note_on_c, 15, 44, 114
25, 1223168, Note_on_c, 15, 44, 0
25, 1223168, Note_on_c, 15, 42, 114
25, 1223424, Note_on_c, 15, 42, 0
25, 1223424, Note_on_c, 15, 40, 114
25, 1223680, Note_on_c, 15, 40, 0
25, 1223680, Note_on_c, 15, 38, 114
25, 1223936, Note_on_c, 15, 38, 0
25, 1223936, Note_on_c, 15, 40, 114
25, 1224192, Note_on_c, 15, 40, 0
25, 1224192, Note_on_c, 15, 38, 114
25, 1224448, Note_on_c, 15, 38, 0
25, 1224448, Note_on_c, 15, 37, 114
25, 1224704, Note_on_c, 15, 37, 0
25, 1224704, Note_on_c, 15, 35, 114
25, 1224960, Note_on_c, 15, 35, 0
25, 1224960, Note_on_c, 15, 37, 114
25, 1225216, Note_on_c, 15, 37, 0
25, 1225216, Note_on_c, 15, 35, 114
25, 1225472, Note_on_c, 15, 35, 0
25, 1225472, Note_on_c, 15, 33, 114
25, 1225728, Note_on_c, 15, 33, 0
25, 1225728, Note_on_c, 15, 33, 114
25, 1226752, Note_on_c, 15, 33, 0
25, 1227776, Note_on_c, 15, 45, 117
25, 1228800, Note_on_c, 15, 45, 0
25, 1229824, Note_on_c, 15, 29, 122
25, 1238016, Note_on_c, 15, 29, 0
25, 1498624, Note_on_c, 15, 46, 72
25, 1499372, Note_on_c, 15, 46, 0
25, 1501696, Note_on_c, 15, 44, 75
25, 1502444, Note_on_c, 15, 44, 0
25, 1504768, Note_on_c, 15, 43, 78
25, 1505516, Note_on_c, 15, 43, 0
25, 1505792, Note_on_c, 15, 41, 79
25, 1506304, Note_on_c, 15, 41, 0
25, 1506304, Note_on_c, 15, 39, 80
25, 1507840, Note_on_c, 15, 39, 0
25, 1507840, Note_on_c, 15, 40, 81
25, 1508588, Note_on_c, 15, 40, 0
25, 1510912, Note_on_c, 15, 41, 73
25, 1511660, Note_on_c, 15, 41, 0
25, 1513984, Note_on_c, 15, 41, 80
25, 1514732, Note_on_c, 15, 41, 0
25, 1517056, Note_on_c, 15, 41, 86
25, 1517804, Note_on_c, 15, 41, 0
25, 1518592, Note_on_c, 15, 46, 89
25, 1519104, Note_on_c, 15, 46, 0
25, 1519616, Note_on_c, 15, 41, 91
25, 1519872, Note_on_c, 15, 41, 0
25, 1520128, Note_on_c, 15, 41, 92
25, 1520640, Note_on_c, 15, 41, 0
25, 1521152, Note_on_c, 15, 46, 92
25, 1521408, Note_on_c, 15, 46, 0
25, 1521664, Note_on_c, 15, 46, 91
25, 1522412, Note_on_c, 15, 46, 0
25, 1523200, Note_on_c, 15, 46, 88
25, 1523948, Note_on_c, 15, 46, 0
25, 1526272, Note_on_c, 15, 46, 82
25, 1527020, Note_on_c, 15, 46, 0
25, 1529344, Note_on_c, 15, 39, 75
25, 1530092, Note_on_c, 15, 39, 0
25, 1532416, Note_on_c, 15, 39, 80
25, 1533164, Note_on_c, 15, 39, 0
25, 1535488, Note_on_c, 15, 41, 85
25, 1536236, Note_on_c, 15, 41, 0
25, 1538560, Note_on_c, 15, 41, 91
25, 1539308, Note_on_c, 15, 41, 0
25, 1541632, Note_on_c, 15, 41, 96
25, 1542380, Note_on_c, 15, 41, 0
25, 1543168, Note_on_c, 15, 46, 98
25, 1543916, Note_on_c, 15, 46, 0
25, 1544704, Note_on_c, 15, 41, 99
25, 1545452, Note_on_c, 15, 41, 0
25, 1546240, Note_on_c, 15, 50, 108
25, 1546496, Note_on_c, 15, 50, 0
25, 1546752, Note_on_c, 15, 50, 100
25, 1547008, Note_on_c, 15, 50, 0
25, 1547264, Note_on_c, 15, 50, 100
25, 1547520, Note_on_c, 15, 50, 0
25, 1547776, Note_on_c, 15, 50, 100
25, 1548032, Note_on_c, 15, 50, 0
25, 1548288, Note_on_c, 15, 51, 100
25, 1548544, Note_on_c, 15, 51, 0
25, 1548800, Note_on_c, 15, 53, 100
25, 1549056, Note_on_c, 15, 53, 0
25, 1549312, Note_on_c, 15, 53, 106
25, 1549568, Note_on_c, 15, 53, 0
25, 1549824, Note_on_c, 15, 55, 100
25, 1550080, Note_on_c, 15, 55, 0
25, 1550336, Note_on_c, 15, 53, 100
25, 1550592, Note_on_c, 15, 53, 0
25, 1550848, Note_on_c, 15, 51, 100
25, 1551104, Note_on_c, 15, 51, 0
25, 1551360, Note_on_c, 15, 50, 100
25, 1551616, Note_on_c, 15, 50, 0
25, 1551872, Note_on_c, 15, 48, 100
25, 1552128, Note_on_c, 15, 48, 0
25, 1552384, Note_on_c, 15, 46, 106
25, 1552640, Note_on_c, 15, 46, 0
25, 1552896, Note_on_c, 15, 45, 100
25, 1553152, Note_on_c, 15, 45, 0
25, 1553408, Note_on_c, 15, 46, 100
25, 1553664, Note_on_c, 15, 46, 0
25, 1553920, Note_on_c, 15, 47, 100
25, 1554176, Note_on_c, 15, 47, 0
25, 1554432, Note_on_c, 15, 48, 100
25, 1554688, Note_on_c, 15, 48, 0
25, 1554944, Note_on_c, 15, 50, 100
25, 1555200, Note_on_c, 15, 50, 0
25, 1555456, Note_on_c, 15, 48, 106
25, 1555712, Note_on_c, 15, 48, 0
25, 1555968, Note_on_c, 15, 41, 100
25, 1556224, Note_on_c, 15, 41, 0
25, 1556480, Note_on_c, 15, 41, 100
25, 1556736, Note_on_c, 15, 41, 0
25, 1556992, Note_on_c, 15, 46, 100
25, 1557248, Note_on_c, 15, 46, 0
25, 1557504, Note_on_c, 15, 34, 100
25, 1557760, Note_on_c, 15, 34, 0
25, 1558016, Note_on_c, 15, 34, 100
25, 1558272, Note_on_c, 15, 34, 0
25, 1558528, Note_on_c, 15, 53, 106
25, 1559276, Note_on_c, 15, 53, 0
25, 1559552, Note_on_c, 15, 41, 100
25, 1559926, Note_on_c, 15, 41, 0
25, 1560064, Note_on_c, 15, 41, 114
25, 1562624, Note_on_c, 15, 41, 0
25, 1562624, Note_on_c, 15, 43, 100
25, 1562998, Note_on_c, 15, 43, 0
25, 1563136, Note_on_c, 15, 43, 114
25, 1565696, Note_on_c, 15, 43, 0
25, 1565696, Note_on_c, 15, 45, 100
25, 1566070, Note_on_c, 15, 45, 0
25, 1566208, Note_on_c, 15, 50, 100
25, 1566956, Note_on_c, 15, 50, 0
25, 1567232, Note_on_c, 15, 48, 100
25, 1567606, Note_on_c, 15, 48, 0
25, 1567744, Note_on_c, 15, 46, 106
25, 1568492, Note_on_c, 15, 46, 0
25, 1569280, Note_on_c, 15, 45, 100
25, 1570028, Note_on_c, 15, 45, 0
25, 1570816, Note_on_c, 15, 45, 106
25, 1571564, Note_on_c, 15, 45, 0
25, 1572352, Note_on_c, 15, 43, 100
25, 1573100, Note_on_c, 15, 43, 0
25, 1573888, Note_on_c, 15, 43, 106
25, 1574636, Note_on_c, 15, 43, 0
25, 1575424, Note_on_c, 15, 42, 100
25, 1576172, Note_on_c, 15, 42, 0
25, 1576960, Note_on_c, 15, 43, 106
25, 1577708, Note_on_c, 15, 43, 0
25, 1617920, Note_on_c, 15, 41, 100
25, 1618176, Note_on_c, 15, 41, 0
25, 1618432, Note_on_c, 15, 46, 100
25, 1619180, Note_on_c, 15, 46, 0
25, 1619456, Note_on_c, 15, 44, 100
25, 1619712, Note_on_c, 15, 44, 0
25, 1619968, Note_on_c, 15, 43, 108
25, 1620224, Note_on_c, 15, 43, 0
25, 1620480, Note_on_c, 15, 44, 100
25, 1620736, Note_on_c, 15, 44, 0
25, 1620992, Note_on_c, 15, 46, 100
25, 1621248, Note_on_c, 15, 46, 0
25, 1621504, Note_on_c, 15, 46, 100
25, 1621760, Note_on_c, 15, 46, 0
25, 1622016, Note_on_c, 15, 46, 100
25, 1622272, Note_on_c, 15, 46, 0
25, 1622528, Note_on_c, 15, 46, 100
25, 1622784, Note_on_c, 15, 46, 0
25, 1623040, Note_on_c, 15, 46, 108
25, 1623296, Note_on_c, 15, 46, 0
25, 1623552, Note_on_c, 15, 48, 100
25, 1623808, Note_on_c, 15, 48, 0
25, 1624064, Note_on_c, 15, 46, 100
25, 1624320, Note_on_c, 15, 46, 0
25, 1624576, Note_on_c, 15, 44, 100
25, 1624832, Note_on_c, 15, 44, 0
25, 1625088, Note_on_c, 15, 43, 100
25, 1625344, Note_on_c, 15, 43, 0
25, 1625600, Note_on_c, 15, 41, 100
25, 1625856, Note_on_c, 15, 41, 0
25, 1626112, Note_on_c, 15, 39, 108
25, 1626368, Note_on_c, 15, 39, 0
25, 1626624, Note_on_c, 15, 41, 100
25, 1626880, Note_on_c, 15, 41, 0
25, 1627136, Note_on_c, 15, 39, 100
25, 1627392, Note_on_c, 15, 39, 0
25, 1627648, Note_on_c, 15, 40, 100
25, 1627904, Note_on_c, 15, 40, 0
25, 1628160, Note_on_c, 15, 41, 100
25, 1628416, Note_on_c, 15, 41, 0
25, 1628672, Note_on_c, 15, 43, 100
25, 1628928, Note_on_c, 15, 43, 0
25, 1629184, Note_on_c, 15, 41, 108
25, 1629440, Note_on_c, 15, 41, 0
25, 1629696, Note_on_c, 15, 36, 101
25, 1629952, Note_on_c, 15, 36, 0
25, 1630208, Note_on_c, 15, 36, 101
25, 1630464, Note_on_c, 15, 36, 0
25, 1630720, Note_on_c, 15, 48, 101
25, 1630976, Note_on_c, 15, 48, 0
25, 1631232, Note_on_c, 15, 36, 101
25, 1631488, Note_on_c, 15, 36, 0
25, 1631744, Note_on_c, 15, 36, 101
25, 1632000, Note_on_c, 15, 36, 0
25, 1632256, Note_on_c, 15, 48, 108
25, 1632512, Note_on_c, 15, 48, 0
25, 1632768, Note_on_c, 15, 41, 101
25, 1633024, Note_on_c, 15, 41, 0
25, 1633280, Note_on_c, 15, 41, 101
25, 1633536, Note_on_c, 15, 41, 0
25, 1633792, Note_on_c, 15, 53, 101
25, 1634048, Note_on_c, 15, 53, 0
25, 1634304, Note_on_c, 15, 41, 101
25, 1634560, Note_on_c, 15, 41, 0
25, 1634816, Note_on_c, 15, 41, 101
25, 1635072, Note_on_c, 15, 41, 0
25, 1635328, Note_on_c, 15, 53, 108
25, 1635584, Note_on_c, 15, 53, 0
25, 1635840, Note_on_c, 15, 41, 101
25, 1636096, Note_on_c, 15, 41, 0
25, 1636352, Note_on_c, 15, 41, 101
25, 1636608, Note_on_c, 15, 41, 0
25, 1636864, Note_on_c, 15, 53, 101
25, 1637120, Note_on_c, 15, 53, 0
25, 1637376, Note_on_c, 15, 41, 101
25, 1637632, Note_on_c, 15, 41, 0
25, 1637888, Note_on_c, 15, 41, 101
25, 1638144, Note_on_c, 15, 41, 0
25, 1638400, Note_on_c, 15, 55, 106
25, 1638656, Note_on_c, 15, 55, 0
25, 1638912, Note_on_c, 15, 43, 101
25, 1639168, Note_on_c, 15, 43, 0
25, 1639424, Note_on_c, 15, 43, 101
25, 1639680, Note_on_c, 15, 43, 0
25, 1639936, Note_on_c, 15, 55, 101
25, 1640192, Note_on_c, 15, 55, 0
25, 1640448, Note_on_c, 15, 43, 101
25, 1640704, Note_on_c, 15, 43, 0
25, 1640960, Note_on_c, 15, 43, 101
25, 1641216, Note_on_c, 15, 43, 0
25, 1641472, Note_on_c, 15, 56, 108
25, 1641728, Note_on_c, 15, 56, 0
25, 1641984, Note_on_c, 15, 44, 101
25, 1642240, Note_on_c, 15, 44, 0
25, 1642496, Note_on_c, 15, 44, 101
25, 1642752, Note_on_c, 15, 44, 0
25, 1643008, Note_on_c, 15, 51, 101
25, 1643264, Note_on_c, 15, 51, 0
25, 1643520, Note_on_c, 15, 39, 101
25, 1643776, Note_on_c, 15, 39, 0
25, 1644032, Note_on_c, 15, 39, 101
25, 1644288, Note_on_c, 15, 39, 0
25, 1644544, Note_on_c, 15, 39, 109
25, 1644800, Note_on_c, 15, 39, 0
25, 1645056, Note_on_c, 15, 39, 101
25, 1645312, Note_on_c, 15, 39, 0
25, 1645568, Note_on_c, 15, 39, 101
25, 1645824, Note_on_c, 15, 39, 0
25, 1646080, Note_on_c, 15, 39, 101
25, 1646336, Note_on_c, 15, 39, 0
25, 1646592, Note_on_c, 15, 41, 101
25, 1646848, Note_on_c, 15, 41, 0
25, 1647104, Note_on_c, 15, 42, 101
25, 1647360, Note_on_c, 15, 42, 0
25, 1647616, Note_on_c, 15, 42, 108
25, 1647872, Note_on_c, 15, 42, 0
25, 1648128, Note_on_c, 15, 42, 101
25, 1648384, Note_on_c, 15, 42, 0
25, 1648640, Note_on_c, 15, 42, 101
25, 1648896, Note_on_c, 15, 42, 0
25, 1649152, Note_on_c, 15, 42, 101
25, 1649408, Note_on_c, 15, 42, 0
25, 1649664, Note_on_c, 15, 41, 101
25, 1649920, Note_on_c, 15, 41, 0
25, 1650176, Note_on_c, 15, 39, 101
25, 1650432, Note_on_c, 15, 39, 0
25, 1650688, Note_on_c, 15, 37, 108
25, 1650944, Note_on_c, 15, 37, 0
25, 1651200, Note_on_c, 15, 37, 101
25, 1651456, Note_on_c, 15, 37, 0
25, 1651712, Note_on_c, 15, 37, 101
25, 1651968, Note_on_c, 15, 37, 0
25, 1652224, Note_on_c, 15, 37, 101
25, 1652480, Note_on_c, 15, 37, 0
25, 1652736, Note_on_c, 15, 39, 101
25, 1652992, Note_on_c, 15, 39, 0
25, 1653248, Note_on_c, 15, 41, 101
25, 1653504, Note_on_c, 15, 41, 0
25, 1653760, Note_on_c, 15, 41, 108
25, 1654016, Note_on_c, 15, 41, 0
25, 1654272, Note_on_c, 15, 41, 101
25, 1654528, Note_on_c, 15, 41, 0
25, 1654784, Note_on_c, 15, 41, 101
25, 1655040, Note_on_c, 15, 41, 0
25, 1655296, Note_on_c, 15, 41, 101
25, 1655552, Note_on_c, 15, 41, 0
25, 1655808, Note_on_c, 15, 39, 101
25, 1656064, Note_on_c, 15, 39, 0
25, 1656320, Note_on_c, 15, 37, 101
25, 1656576, Note_on_c, 15, 37, 0
25, 1656832, Note_on_c, 15, 36, 106
25, 1657088, Note_on_c, 15, 36, 0
25, 1657344, Note_on_c, 15, 36, 101
25, 1657600, Note_on_c, 15, 36, 0
25, 1657856, Note_on_c, 15, 36, 101
25, 1658112, Note_on_c, 15, 36, 0
25, 1658368, Note_on_c, 15, 36, 101
25, 1658624, Note_on_c, 15, 36, 0
25, 1658880, Note_on_c, 15, 37, 101
25, 1659136, Note_on_c, 15, 37, 0
25, 1659392, Note_on_c, 15, 39, 101
25, 1659648, Note_on_c, 15, 39, 0
25, 1659904, Note_on_c, 15, 39, 108
25, 1660160, Note_on_c, 15, 39, 0
25, 1660416, Note_on_c, 15, 41, 101
25, 1660672, Note_on_c, 15, 41, 0
25, 1660928, Note_on_c, 15, 42, 101
25, 1661184, Note_on_c, 15, 42, 0
25, 1661440, Note_on_c, 15, 41, 101
25, 1661696, Note_on_c, 15, 41, 0
25, 1661952, Note_on_c, 15, 53, 101
25, 1662208, Note_on_c, 15, 53, 0
25, 1662464, Note_on_c, 15, 53, 101
25, 1662720, Note_on_c, 15, 53, 0
25, 1662976, Note_on_c, 15, 53, 107
25, 1663724, Note_on_c, 15, 53, 0
25, 1664000, Note_on_c, 15, 34, 101
25, 1664374, Note_on_c, 15, 34, 0
25, 1664512, Note_on_c, 15, 34, 101
25, 1666796, Note_on_c, 15, 34, 0
25, 1667072, Note_on_c, 15, 36, 101
25, 1667446, Note_on_c, 15, 36, 0
25, 1667584, Note_on_c, 15, 36, 101
25, 1669868, Note_on_c, 15, 36, 0
25, 1670144, Note_on_c, 15, 37, 101
25, 1670518, Note_on_c, 15, 37, 0
25, 1670656, Note_on_c, 15, 42, 101
25, 1671404, Note_on_c, 15, 42, 0
25, 1671680, Note_on_c, 15, 41, 101
25, 1672054, Note_on_c, 15, 41, 0
25, 1672192, Note_on_c, 15, 39, 108
25, 1672940, Note_on_c, 15, 39, 0
25, 1673216, Note_on_c, 15, 39, 101
25, 1673590, Note_on_c, 15, 39, 0
25, 1673728, Note_on_c, 15, 44, 101
25, 1674476, Note_on_c, 15, 44, 0
25, 1674752, Note_on_c, 15, 42, 101
25, 1675126, Note_on_c, 15, 42, 0
25, 1675264, Note_on_c, 15, 41, 109
25, 1676012, Note_on_c, 15, 41, 0
25, 1676288, Note_on_c, 15, 41, 101
25, 1676662, Note_on_c, 15, 41, 0
25, 1676800, Note_on_c, 15, 46, 101
25, 1677548, Note_on_c, 15, 46, 0
25, 1677824, Note_on_c, 15, 44, 101
25, 1678198, Note_on_c, 15, 44, 0
25, 1678336, Note_on_c, 15, 42, 108
25, 1679084, Note_on_c, 15, 42, 0
25, 1679360, Note_on_c, 15, 42, 101
25, 1679734, Note_on_c, 15, 42, 0
25, 1679872, Note_on_c, 15, 47, 101
25, 1680620, Note_on_c, 15, 47, 0
25, 1680896, Note_on_c, 15, 46, 101
25, 1681270, Note_on_c, 15, 46, 0
25, 1681408, Note_on_c, 15, 44, 108
25, 1682156, Note_on_c, 15, 44, 0
25, 1682432, Note_on_c, 15, 44, 101
25, 1682806, Note_on_c, 15, 44, 0
25, 1682944, Note_on_c, 15, 49, 101
25, 1683692, Note_on_c, 15, 49, 0
25, 1683968, Note_on_c, 15, 47, 101
25, 1684342, Note_on_c, 15, 47, 0
25, 1684480, Note_on_c, 15, 58, 109
25, 1684736, Note_on_c, 15, 58, 0
25, 1684992, Note_on_c, 15, 44, 102
25, 1685248, Note_on_c, 15, 44, 0
25, 1685504, Note_on_c, 15, 42, 103
25, 1685760, Note_on_c, 15, 42, 0
25, 1686016, Note_on_c, 15, 49, 104
25, 1686272, Note_on_c, 15, 49, 0
25, 1686528, Note_on_c, 15, 37, 106
25, 1686784, Note_on_c, 15, 37, 0
25, 1687040, Note_on_c, 15, 37, 107
25, 1687296, Note_on_c, 15, 37, 0
25, 1687552, Note_on_c, 15, 42, 114
25, 1688064, Note_on_c, 15, 42, 0
25, 1689088, Note_on_c, 15, 46, 107
25, 1689344, Note_on_c, 15, 46, 0
25, 1689600, Note_on_c, 15, 46, 106
25, 1689856, Note_on_c, 15, 46, 0
25, 1690112, Note_on_c, 15, 46, 105
25, 1690368, Note_on_c, 15, 46, 0
25, 1690624, Note_on_c, 15, 46, 110
25, 1690880, Note_on_c, 15, 46, 0
25, 1691136, Note_on_c, 15, 47, 104
25, 1691392, Note_on_c, 15, 47, 0
25, 1691648, Note_on_c, 15, 49, 103
25, 1691904, Note_on_c, 15, 49, 0
25, 1692160, Note_on_c, 15, 49, 102
25, 1692416, Note_on_c, 15, 49, 0
25, 1692672, Note_on_c, 15, 51, 101
25, 1692928, Note_on_c, 15, 51, 0
25, 1693184, Note_on_c, 15, 49, 101
25, 1693440, Note_on_c, 15, 49, 0
25, 1693696, Note_on_c, 15, 47, 109
25, 1693952, Note_on_c, 15, 47, 0
25, 1694208, Note_on_c, 15, 46, 99
25, 1694464, Note_on_c, 15, 46, 0
25, 1694720, Note_on_c, 15, 44, 98
25, 1694976, Note_on_c, 15, 44, 0
25, 1695232, Note_on_c, 15, 42, 97
25, 1695488, Note_on_c, 15, 42, 0
25, 1695744, Note_on_c, 15, 42, 96
25, 1696000, Note_on_c, 15, 42, 0
25, 1696256, Note_on_c, 15, 42, 96
25, 1696512, Note_on_c, 15, 42, 0
25, 1696768, Note_on_c, 15, 42, 104
25, 1697024, Note_on_c, 15, 42, 0
25, 1697280, Note_on_c, 15, 44, 94
25, 1697536, Note_on_c, 15, 44, 0
25, 1697792, Note_on_c, 15, 46, 93
25, 1698048, Note_on_c, 15, 46, 0
25, 1698304, Note_on_c, 15, 46, 92
25, 1698560, Note_on_c, 15, 46, 0
25, 1698816, Note_on_c, 15, 47, 92
25, 1699072, Note_on_c, 15, 47, 0
25, 1699328, Note_on_c, 15, 46, 92
25, 1699584, Note_on_c, 15, 46, 0
25, 1699840, Note_on_c, 15, 44, 100
25, 1700096, Note_on_c, 15, 44, 0
25, 1700352, Note_on_c, 15, 42, 92
25, 1700608, Note_on_c, 15, 42, 0
25, 1700864, Note_on_c, 15, 41, 92
25, 1701120, Note_on_c, 15, 41, 0
25, 1701376, Note_on_c, 15, 39, 92
25, 1701888, Note_on_c, 15, 39, 0
25, 1715200, Note_on_c, 15, 46, 100
25, 1715456, Note_on_c, 15, 46, 0
25, 1715712, Note_on_c, 15, 46, 92
25, 1715968, Note_on_c, 15, 46, 0
25, 1716224, Note_on_c, 15, 46, 92
25, 1716480, Note_on_c, 15, 46, 0
25, 1716736, Note_on_c, 15, 46, 94
25, 1716992, Note_on_c, 15, 46, 0
25, 1717248, Note_on_c, 15, 48, 94
25, 1717504, Note_on_c, 15, 48, 0
25, 1717760, Note_on_c, 15, 49, 94
25, 1718016, Note_on_c, 15, 49, 0
25, 1718272, Note_on_c, 15, 46, 101
25, 1718528, Note_on_c, 15, 46, 0
25, 1718784, Note_on_c, 15, 44, 95
25, 1719040, Note_on_c, 15, 44, 0
25, 1719296, Note_on_c, 15, 42, 95
25, 1719552, Note_on_c, 15, 42, 0
25, 1722880, Note_on_c, 15, 42, 98
25, 1723136, Note_on_c, 15, 42, 0
25, 1723392, Note_on_c, 15, 42, 98
25, 1723648, Note_on_c, 15, 42, 0
25, 1723904, Note_on_c, 15, 42, 98
25, 1724160, Note_on_c, 15, 42, 0
25, 1724416, Note_on_c, 15, 43, 104
25, 1724672, Note_on_c, 15, 43, 0
25, 1724928, Note_on_c, 15, 55, 99
25, 1725184, Note_on_c, 15, 55, 0
25, 1725440, Note_on_c, 15, 55, 99
25, 1725696, Note_on_c, 15, 55, 0
25, 1725952, Note_on_c, 15, 55, 100
25, 1726208, Note_on_c, 15, 55, 0
25, 1726464, Note_on_c, 15, 54, 100
25, 1726720, Note_on_c, 15, 54, 0
25, 1726976, Note_on_c, 15, 52, 100
25, 1727232, Note_on_c, 15, 52, 0
25, 1727488, Note_on_c, 15, 52, 109
25, 1727744, Note_on_c, 15, 52, 0
25, 1728000, Note_on_c, 15, 50, 101
25, 1728256, Note_on_c, 15, 50, 0
25, 1728512, Note_on_c, 15, 49, 101
25, 1728768, Note_on_c, 15, 49, 0
25, 1729024, Note_on_c, 15, 54, 102
25, 1729280, Note_on_c, 15, 54, 0
25, 1729536, Note_on_c, 15, 42, 102
25, 1729792, Note_on_c, 15, 42, 0
25, 1730048, Note_on_c, 15, 42, 102
25, 1730304, Note_on_c, 15, 42, 0
25, 1730560, Note_on_c, 15, 50, 112
25, 1730816, Note_on_c, 15, 50, 0
25, 1731072, Note_on_c, 15, 50, 103
25, 1731328, Note_on_c, 15, 50, 0
25, 1731584, Note_on_c, 15, 50, 103
25, 1731840, Note_on_c, 15, 50, 0
25, 1732096, Note_on_c, 15, 50, 103
25, 1732352, Note_on_c, 15, 50, 0
25, 1732608, Note_on_c, 15, 52, 103
25, 1732864, Note_on_c, 15, 52, 0
25, 1733120, Note_on_c, 15, 54, 103
25, 1733376, Note_on_c, 15, 54, 0
25, 1733632, Note_on_c, 15, 54, 113
25, 1733888, Note_on_c, 15, 54, 0
25, 1734144, Note_on_c, 15, 55, 103
25, 1734400, Note_on_c, 15, 55, 0
25, 1734656, Note_on_c, 15, 54, 103
25, 1734912, Note_on_c, 15, 54, 0
25, 1735168, Note_on_c, 15, 52, 103
25, 1735424, Note_on_c, 15, 52, 0
25, 1735680, Note_on_c, 15, 50, 103
25, 1735936, Note_on_c, 15, 50, 0
25, 1736192, Note_on_c, 15, 49, 103
25, 1736448, Note_on_c, 15, 49, 0
25, 1736704, Note_on_c, 15, 48, 112
25, 1736960, Note_on_c, 15, 48, 0
25, 1737216, Note_on_c, 15, 47, 103
25, 1737472, Note_on_c, 15, 47, 0
25, 1737728, Note_on_c, 15, 52, 103
25, 1738102, Note_on_c, 15, 52, 0
25, 1738240, Note_on_c, 15, 52, 116
25, 1740524, Note_on_c, 15, 52, 0
25, 1740800, Note_on_c, 15, 54, 103
25, 1741174, Note_on_c, 15, 54, 0
25, 1741312, Note_on_c, 15, 54, 116
25, 1742433, Note_on_c, 15, 54, 0
25, 1742848, Note_on_c, 15, 42, 112
25, 1743104, Note_on_c, 15, 42, 0
25, 1743360, Note_on_c, 15, 42, 103
25, 1743616, Note_on_c, 15, 42, 0
25, 1743872, Note_on_c, 15, 42, 103
25, 1744128, Note_on_c, 15, 42, 0
25, 1744384, Note_on_c, 15, 42, 103
25, 1744640, Note_on_c, 15, 42, 0
25, 1744896, Note_on_c, 15, 43, 103
25, 1745152, Note_on_c, 15, 43, 0
25, 1745408, Note_on_c, 15, 45, 103
25, 1745664, Note_on_c, 15, 45, 0
25, 1745920, Note_on_c, 15, 45, 113
25, 1746176, Note_on_c, 15, 45, 0
25, 1746432, Note_on_c, 15, 47, 103
25, 1746688, Note_on_c, 15, 47, 0
25, 1746944, Note_on_c, 15, 45, 103
25, 1747200, Note_on_c, 15, 45, 0
25, 1747456, Note_on_c, 15, 43, 103
25, 1747712, Note_on_c, 15, 43, 0
25, 1747968, Note_on_c, 15, 42, 103
25, 1748224, Note_on_c, 15, 42, 0
25, 1748480, Note_on_c, 15, 40, 103
25, 1748736, Note_on_c, 15, 40, 0
25, 1748992, Note_on_c, 15, 40, 110
25, 1749248, Note_on_c, 15, 40, 0
25, 1749504, Note_on_c, 15, 40, 103
25, 1749760, Note_on_c, 15, 40, 0
25, 1750016, Note_on_c, 15, 51, 103
25, 1750272, Note_on_c, 15, 51, 0
25, 1750528, Note_on_c, 15, 51, 119
25, 1752576, Note_on_c, 15, 51, 0
25, 1753088, Note_on_c, 15, 51, 103
25, 1753344, Note_on_c, 15, 51, 0
25, 1753600, Note_on_c, 15, 52, 103
25, 1754112, Note_on_c, 15, 52, 0
25, 1754624, Note_on_c, 15, 52, 103
25, 1754880, Note_on_c, 15, 52, 0
25, 1755136, Note_on_c, 15, 49, 111
25, 1755648, Note_on_c, 15, 49, 0
25, 1756160, Note_on_c, 15, 49, 103
25, 1756416, Note_on_c, 15, 49, 0
25, 1756672, Note_on_c, 15, 50, 103
25, 1757184, Note_on_c, 15, 50, 0
25, 1757696, Note_on_c, 15, 50, 103
25, 1757952, Note_on_c, 15, 50, 0
25, 1758208, Note_on_c, 15, 47, 111
25, 1758720, Note_on_c, 15, 47, 0
25, 1759232, Note_on_c, 15, 47, 103
25, 1759488, Note_on_c, 15, 47, 0
25, 1759744, Note_on_c, 15, 49, 103
25, 1760256, Note_on_c, 15, 49, 0
25, 1760768, Note_on_c, 15, 49, 103
25, 1761024, Note_on_c, 15, 49, 0
25, 1761280, Note_on_c, 15, 46, 111
25, 1761792, Note_on_c, 15, 46, 0
25, 1762304, Note_on_c, 15, 46, 103
25, 1762560, Note_on_c, 15, 46, 0
25, 1762816, Note_on_c, 15, 47, 103
25, 1763328, Note_on_c, 15, 47, 0
25, 1763840, Note_on_c, 15, 47, 103
25, 1764096, Note_on_c, 15, 47, 0
25, 1764352, Note_on_c, 15, 52, 111
25, 1764608, Note_on_c, 15, 52, 0
25, 1764864, Note_on_c, 15, 52, 103
25, 1765120, Note_on_c, 15, 52, 0
25, 1765376, Note_on_c, 15, 52, 103
25, 1765632, Note_on_c, 15, 52, 0
25, 1765888, Note_on_c, 15, 50, 103
25, 1766144, Note_on_c, 15, 50, 0
25, 1766400, Note_on_c, 15, 49, 103
25, 1766656, Note_on_c, 15, 49, 0
25, 1766912, Note_on_c, 15, 47, 103
25, 1767168, Note_on_c, 15, 47, 0
25, 1767424, Note_on_c, 15, 46, 111
25, 1767680, Note_on_c, 15, 46, 0
25, 1767936, Note_on_c, 15, 47, 103
25, 1768192, Note_on_c, 15, 47, 0
25, 1768448, Note_on_c, 15, 49, 103
25, 1768704, Note_on_c, 15, 49, 0
25, 1768960, Note_on_c, 15, 49, 119
25, 1769216, Note_on_c, 15, 49, 0
25, 1769472, Note_on_c, 15, 49, 103
25, 1769728, Note_on_c, 15, 49, 0
25, 1769984, Note_on_c, 15, 49, 103
25, 1770240, Note_on_c, 15, 49, 0
25, 1770496, Note_on_c, 15, 49, 112
25, 1770752, Note_on_c, 15, 49, 0
25, 1771008, Note_on_c, 15, 50, 103
25, 1771264, Note_on_c, 15, 50, 0
25, 1771520, Note_on_c, 15, 49, 103
25, 1771776, Note_on_c, 15, 49, 0
25, 1772032, Note_on_c, 15, 47, 103
25, 1772288, Note_on_c, 15, 47, 0
25, 1772544, Note_on_c, 15, 46, 103
25, 1772800, Note_on_c, 15, 46, 0
25, 1773056, Note_on_c, 15, 44, 103
25, 1773312, Note_on_c, 15, 44, 0
25, 1773568, Note_on_c, 15, 32, 111
25, 1774316, Note_on_c, 15, 32, 0
25, 1774592, Note_on_c, 15, 44, 103
25, 1774966, Note_on_c, 15, 44, 0
25, 1775104, Note_on_c, 15, 44, 120
25, 1777388, Note_on_c, 15, 44, 0
25, 1777664, Note_on_c, 15, 44, 103
25, 1778038, Note_on_c, 15, 44, 0
25, 1778176, Note_on_c, 15, 46, 119
25, 1778924, Note_on_c, 15, 46, 0
25, 1779712, Note_on_c, 15, 30, 111
25, 1780460, Note_on_c, 15, 30, 0
25, 1780736, Note_on_c, 15, 42, 103
25, 1781110, Note_on_c, 15, 42, 0
25, 1781248, Note_on_c, 15, 42, 119
25, 1783532, Note_on_c, 15, 42, 0
25, 1783808, Note_on_c, 15, 42, 103
25, 1784182, Note_on_c, 15, 42, 0
25, 1784320, Note_on_c, 15, 44, 118
25, 1785068, Note_on_c, 15, 44, 0
25, 1785856, Note_on_c, 15, 47, 112
25, 1786112, Note_on_c, 15, 47, 0
25, 1786368, Note_on_c, 15, 49, 95
25, 1786624, Note_on_c, 15, 49, 0
25, 1786880, Note_on_c, 15, 50, 95
25, 1787136, Note_on_c, 15, 50, 0
25, 1787392, Note_on_c, 15, 50, 111
25, 1787648, Note_on_c, 15, 50, 0
25, 1787904, Note_on_c, 15, 50, 96
25, 1788160, Note_on_c, 15, 50, 0
25, 1788416, Note_on_c, 15, 50, 96
25, 1788672, Note_on_c, 15, 50, 0
25, 1788928, Note_on_c, 15, 50, 102
25, 1789184, Note_on_c, 15, 50, 0
25, 1789440, Note_on_c, 15, 52, 97
25, 1789696, Note_on_c, 15, 52, 0
25, 1789952, Note_on_c, 15, 50, 97
25, 1790208, Note_on_c, 15, 50, 0
25, 1790464, Note_on_c, 15, 49, 97
25, 1790720, Note_on_c, 15, 49, 0
25, 1790976, Note_on_c, 15, 50, 98
25, 1791232, Note_on_c, 15, 50, 0
25, 1791488, Note_on_c, 15, 49, 98
25, 1791744, Note_on_c, 15, 49, 0
25, 1792000, Note_on_c, 15, 52, 105
25, 1792256, Note_on_c, 15, 52, 0
25, 1792512, Note_on_c, 15, 54, 98
25, 1792768, Note_on_c, 15, 54, 0
25, 1793024, Note_on_c, 15, 52, 99
25, 1793280, Note_on_c, 15, 52, 0
25, 1793536, Note_on_c, 15, 50, 99
25, 1793792, Note_on_c, 15, 50, 0
25, 1794048, Note_on_c, 15, 52, 99
25, 1794304, Note_on_c, 15, 52, 0
25, 1794560, Note_on_c, 15, 50, 100
25, 1794816, Note_on_c, 15, 50, 0
25, 1795072, Note_on_c, 15, 54, 106
25, 1795328, Note_on_c, 15, 54, 0
25, 1795584, Note_on_c, 15, 55, 100
25, 1795840, Note_on_c, 15, 55, 0
25, 1796096, Note_on_c, 15, 54, 101
25, 1796352, Note_on_c, 15, 54, 0
25, 1796608, Note_on_c, 15, 52, 101
25, 1796864, Note_on_c, 15, 52, 0
25, 1797120, Note_on_c, 15, 54, 101
25, 1797376, Note_on_c, 15, 54, 0
25, 1797632, Note_on_c, 15, 52, 102
25, 1797888, Note_on_c, 15, 52, 0
25, 1798144, Note_on_c, 15, 43, 108
25, 1798400, Note_on_c, 15, 43, 0
25, 1798656, Note_on_c, 15, 45, 102
25, 1798912, Note_on_c, 15, 45, 0
25, 1799168, Note_on_c, 15, 43, 103
25, 1799424, Note_on_c, 15, 43, 0
25, 1799680, Note_on_c, 15, 42, 103
25, 1799936, Note_on_c, 15, 42, 0
25, 1800192, Note_on_c, 15, 43, 103
25, 1800448, Note_on_c, 15, 43, 0
25, 1800704, Note_on_c, 15, 42, 103
25, 1800960, Note_on_c, 15, 42, 0
25, 1801216, Note_on_c, 15, 45, 111
25, 1801472, Note_on_c, 15, 45, 0
25, 1801728, Note_on_c, 15, 47, 104
25, 1801984, Note_on_c, 15, 47, 0
25, 1802240, Note_on_c, 15, 45, 104
25, 1802496, Note_on_c, 15, 45, 0
25, 1802752, Note_on_c, 15, 43, 105
25, 1803008, Note_on_c, 15, 43, 0
25, 1803264, Note_on_c, 15, 45, 105
25, 1803520, Note_on_c, 15, 45, 0
25, 1803776, Note_on_c, 15, 43, 105
25, 1804032, Note_on_c, 15, 43, 0
25, 1804288, Note_on_c, 15, 43, 114
25, 1804544, Note_on_c, 15, 43, 0
25, 1804800, Note_on_c, 15, 45, 106
25, 1805056, Note_on_c, 15, 45, 0
25, 1805312, Note_on_c, 15, 43, 106
25, 1805568, Note_on_c, 15, 43, 0
25, 1805824, Note_on_c, 15, 31, 107
25, 1806080, Note_on_c, 15, 31, 0
25, 1806336, Note_on_c, 15, 33, 107
25, 1806592, Note_on_c, 15, 33, 0
25, 1806848, Note_on_c, 15, 31, 107
25, 1807104, Note_on_c, 15, 31, 0
25, 1807360, Note_on_c, 15, 31, 115
25, 1807616, Note_on_c, 15, 31, 0
25, 1807872, Note_on_c, 15, 33, 108
25, 1808128, Note_on_c, 15, 33, 0
25, 1808384, Note_on_c, 15, 31, 108
25, 1808640, Note_on_c, 15, 31, 0
25, 1808896, Note_on_c, 15, 30, 108
25, 1809152, Note_on_c, 15, 30, 0
25, 1809408, Note_on_c, 15, 31, 109
25, 1809664, Note_on_c, 15, 31, 0
25, 1809920, Note_on_c, 15, 30, 109
25, 1810176, Note_on_c, 15, 30, 0
25, 1810432, Note_on_c, 15, 30, 121
25, 1811180, Note_on_c, 15, 30, 0
25, 1811456, Note_on_c, 15, 42, 109
25, 1811830, Note_on_c, 15, 42, 0
25, 1811968, Note_on_c, 15, 54, 122
25, 1814252, Note_on_c, 15, 54, 0
25, 1814528, Note_on_c, 15, 54, 109
25, 1814902, Note_on_c, 15, 54, 0
25, 1815040, Note_on_c, 15, 42, 124
25, 1817324, Note_on_c, 15, 42, 0
25, 1817600, Note_on_c, 15, 42, 109
25, 1817974, Note_on_c, 15, 42, 0
25, 1818112, Note_on_c, 15, 30, 124
25, 1820396, Note_on_c, 15, 30, 0
25, 1820672, Note_on_c, 15, 30, 108
25, 1821046, Note_on_c, 15, 30, 0
25, 1821184, Note_on_c, 15, 42, 124
25, 1823468, Note_on_c, 15, 42, 0
25, 1823744, Note_on_c, 15, 42, 108
25, 1824118, Note_on_c, 15, 42, 0
25, 1824256, Note_on_c, 15, 54, 123
25, 1826540, Note_on_c, 15, 54, 0
25, 1826816, Note_on_c, 15, 54, 107
25, 1827190, Note_on_c, 15, 54, 0
25, 1827328, Note_on_c, 15, 42, 123
25, 1829612, Note_on_c, 15, 42, 0
25, 1829888, Note_on_c, 15, 42, 107
25, 1830262, Note_on_c, 15, 42, 0
25, 1830400, Note_on_c, 15, 30, 123
25, 1832684, Note_on_c, 15, 30, 0
25, 1832960, Note_on_c, 15, 30, 107
25, 1833334, Note_on_c, 15, 30, 0
25, 1833472, Note_on_c, 15, 42, 123
25, 1835756, Note_on_c, 15, 42, 0
25, 1847296, Note_on_c, 15, 35, 35
25, 1852826, Note_on_c, 15, 35, 0
25, 1865728, Note_on_c, 15, 35, 28
25, 1871258, Note_on_c, 15, 35, 0
25, 1883810, Control_c, 15, 7, 41
25, 1884066, Control_c, 15, 7, 41
25, 1884160, Note_on_c, 15, 33, 103
25, 1884172, Control_c, 15, 7, 42
25, 1884278, Control_c, 15, 7, 43
25, 1884384, Control_c, 15, 7, 45
25, 1884490, Control_c, 15, 7, 46
25, 1884596, Control_c, 15, 7, 48
25, 1884702, Control_c, 15, 7, 49
25, 1884808, Control_c, 15, 7, 51
25, 1884914, Control_c, 15, 7, 52
25, 1885020, Control_c, 15, 7, 54
25, 1885126, Control_c, 15, 7, 55
25, 1885232, Control_c, 15, 7, 57
25, 1885338, Control_c, 15, 7, 58
25, 1885444, Control_c, 15, 7, 60
25, 1885550, Control_c, 15, 7, 61
25, 1885656, Control_c, 15, 7, 63
25, 1885762, Control_c, 15, 7, 64
25, 1885868, Control_c, 15, 7, 65
25, 1885974, Control_c, 15, 7, 67
25, 1886080, Control_c, 15, 7, 68
25, 1886186, Control_c, 15, 7, 70
25, 1886292, Control_c, 15, 7, 71
25, 1886398, Control_c, 15, 7, 73
25, 1886504, Control_c, 15, 7, 74
25, 1886610, Control_c, 15, 7, 76
25, 1886716, Control_c, 15, 7, 77
25, 1886822, Control_c, 15, 7, 79
25, 1886928, Control_c, 15, 7, 80
25, 1887034, Control_c, 15, 7, 82
25, 1887140, Control_c, 15, 7, 83
25, 1887246, Control_c, 15, 7, 85
25, 1887352, Control_c, 15, 7, 86
25, 1887458, Control_c, 15, 7, 87
25, 1887564, Control_c, 15, 7, 89
25, 1887670, Control_c, 15, 7, 90
25, 1887776, Control_c, 15, 7, 92
25, 1887882, Control_c, 15, 7, 93
25, 1887988, Control_c, 15, 7, 95
25, 1888094, Control_c, 15, 7, 96
25, 1888200, Control_c, 15, 7, 98
25, 1888306, Control_c, 15, 7, 99
25, 1888412, Control_c, 15, 7, 101
25, 1888518, Control_c, 15, 7, 102
25, 1888624, Control_c, 15, 7, 104
25, 1888730, Control_c, 15, 7, 105
25, 1888836, Control_c, 15, 7, 107
25, 1888942, Control_c, 15, 7, 108
25, 1889048, Control_c, 15, 7, 110
25, 1889154, Control_c, 15, 7, 111
25, 1889260, Control_c, 15, 7, 112
25, 1889280, Note_on_c, 15, 33, 0
25, 1889280, Note_on_c, 15, 35, 103
25, 1889366, Control_c, 15, 7, 114
25, 1889472, Control_c, 15, 7, 115
25, 1889578, Control_c, 15, 7, 117
25, 1889684, Control_c, 15, 7, 118
25, 1889790, Control_c, 15, 7, 120
25, 1889792, Note_on_c, 15, 35, 0
25, 1889792, Note_on_c, 15, 37, 103
25, 1889896, Control_c, 15, 7, 121
25, 1890002, Control_c, 15, 7, 123
25, 1890108, Control_c, 15, 7, 124
25, 1890214, Control_c, 15, 7, 126
25, 1890304, Note_on_c, 15, 37, 0
25, 1890304, Note_on_c, 15, 38, 105
25, 1890560, Note_on_c, 15, 38, 0
25, 1890816, Note_on_c, 15, 50, 105
25, 1891072, Note_on_c, 15, 50, 0
25, 1891328, Note_on_c, 15, 49, 105
25, 1891584, Note_on_c, 15, 49, 0
25, 1891840, Note_on_c, 15, 47, 105
25, 1892096, Note_on_c, 15, 47, 0
25, 1892352, Note_on_c, 15, 45, 105
25, 1892608, Note_on_c, 15, 45, 0
25, 1892864, Note_on_c, 15, 43, 105
25, 1893120, Note_on_c, 15, 43, 0
25, 1893376, Note_on_c, 15, 42, 105
25, 1893632, Note_on_c, 15, 42, 0
25, 1893888, Note_on_c, 15, 40, 105
25, 1894144, Note_on_c, 15, 40, 0
25, 1894400, Note_on_c, 15, 38, 105
25, 1894656, Note_on_c, 15, 38, 0
25, 1894912, Note_on_c, 15, 37, 105
25, 1895168, Note_on_c, 15, 37, 0
25, 1895424, Note_on_c, 15, 35, 105
25, 1895680, Note_on_c, 15, 35, 0
25, 1895936, Note_on_c, 15, 45, 105
25, 1896192, Note_on_c, 15, 45, 0
25, 1896448, Note_on_c, 15, 33, 105
25, 1896704, Note_on_c, 15, 33, 0
25, 1896960, Note_on_c, 15, 45, 105
25, 1897216, Note_on_c, 15, 45, 0
25, 1897472, Note_on_c, 15, 47, 105
25, 1897728, Note_on_c, 15, 47, 0
25, 1897984, Note_on_c, 15, 49, 105
25, 1898240, Note_on_c, 15, 49, 0
25, 1898496, Note_on_c, 15, 50, 105
25, 1898752, Note_on_c, 15, 50, 0
25, 1899008, Note_on_c, 15, 52, 105
25, 1899264, Note_on_c, 15, 52, 0
25, 1899520, Note_on_c, 15, 54, 105
25, 1899776, Note_on_c, 15, 54, 0
25, 1900032, Note_on_c, 15, 43, 105
25, 1900288, Note_on_c, 15, 43, 0
25, 1900544, Note_on_c, 15, 45, 105
25, 1900800, Note_on_c, 15, 45, 0
25, 1901056, Note_on_c, 15, 47, 105
25, 1901312, Note_on_c, 15, 47, 0
25, 1901568, Note_on_c, 15, 45, 105
25, 1901824, Note_on_c, 15, 45, 0
25, 1902080, Note_on_c, 15, 49, 105
25, 1902336, Note_on_c, 15, 49, 0
25, 1902592, Note_on_c, 15, 50, 105
25, 1902848, Note_on_c, 15, 50, 0
25, 1903104, Note_on_c, 15, 45, 105
25, 1903360, Note_on_c, 15, 45, 0
25, 1903616, Note_on_c, 15, 43, 105
25, 1903872, Note_on_c, 15, 43, 0
25, 1904128, Note_on_c, 15, 42, 105
25, 1904384, Note_on_c, 15, 42, 0
25, 1904640, Note_on_c, 15, 40, 105
25, 1904896, Note_on_c, 15, 40, 0
25, 1905152, Note_on_c, 15, 38, 105
25, 1905408, Note_on_c, 15, 38, 0
25, 1905664, Note_on_c, 15, 37, 105
25, 1905920, Note_on_c, 15, 37, 0
25, 1906176, Note_on_c, 15, 38, 105
25, 1906432, Note_on_c, 15, 38, 0
25, 1906688, Note_on_c, 15, 35, 105
25, 1906944, Note_on_c, 15, 35, 0
25, 1907200, Note_on_c, 15, 33, 105
25, 1907456, Note_on_c, 15, 33, 0
25, 1907712, Note_on_c, 15, 35, 105
25, 1907968, Note_on_c, 15, 35, 0
25, 1908224, Note_on_c, 15, 32, 105
25, 1908480, Note_on_c, 15, 32, 0
25, 1908736, Note_on_c, 15, 33, 105
25, 1908992, Note_on_c, 15, 33, 0
25, 1909248, Note_on_c, 15, 45, 105
25, 1909504, Note_on_c, 15, 45, 0
25, 1909760, Note_on_c, 15, 47, 105
25, 1910016, Note_on_c, 15, 47, 0
25, 1910272, Note_on_c, 15, 49, 105
25, 1910528, Note_on_c, 15, 49, 0
25, 1910784, Note_on_c, 15, 50, 105
25, 1911040, Note_on_c, 15, 50, 0
25, 1911296, Note_on_c, 15, 52, 105
25, 1911552, Note_on_c, 15, 52, 0
25, 1911808, Note_on_c, 15, 54, 105
25, 1912064, Note_on_c, 15, 54, 0
25, 1912320, Note_on_c, 15, 55, 105
25, 1912576, Note_on_c, 15, 55, 0
25, 1912832, Note_on_c, 15, 45, 105
25, 1913088, Note_on_c, 15, 45, 0
25, 1913344, Note_on_c, 15, 47, 105
25, 1913600, Note_on_c, 15, 47, 0
25, 1913856, Note_on_c, 15, 45, 105
25, 1914112, Note_on_c, 15, 45, 0
25, 1914368, Note_on_c, 15, 49, 105
25, 1914624, Note_on_c, 15, 49, 0
25, 1914880, Note_on_c, 15, 50, 105
25, 1915136, Note_on_c, 15, 50, 0
25, 1915392, Note_on_c, 15, 47, 105
25, 1915648, Note_on_c, 15, 47, 0
25, 1915904, Note_on_c, 15, 45, 105
25, 1916160, Note_on_c, 15, 45, 0
25, 1916416, Note_on_c, 15, 43, 105
25, 1916672, Note_on_c, 15, 43, 0
25, 1916928, Note_on_c, 15, 42, 105
25, 1917184, Note_on_c, 15, 42, 0
25, 1917440, Note_on_c, 15, 40, 105
25, 1917696, Note_on_c, 15, 40, 0
25, 1917952, Note_on_c, 15, 38, 105
25, 1918208, Note_on_c, 15, 38, 0
25, 1918464, Note_on_c, 15, 40, 105
25, 1918720, Note_on_c, 15, 40, 0
25, 1918976, Note_on_c, 15, 38, 105
25, 1919232, Note_on_c, 15, 38, 0
25, 1919488, Note_on_c, 15, 36, 105
25, 1919744, Note_on_c, 15, 36, 0
25, 1920000, Note_on_c, 15, 35, 105
25, 1920256, Note_on_c, 15, 35, 0
25, 1920512, Note_on_c, 15, 33, 105
25, 1920768, Note_on_c, 15, 33, 0
25, 1921024, Note_on_c, 15, 31, 105
25, 1921280, Note_on_c, 15, 31, 0
25, 1921536, Note_on_c, 15, 45, 105
25, 1921792, Note_on_c, 15, 45, 0
25, 1922048, Note_on_c, 15, 47, 105
25, 1922304, Note_on_c, 15, 47, 0
25, 1922560, Note_on_c, 15, 48, 105
25, 1922816, Note_on_c, 15, 48, 0
25, 1923072, Note_on_c, 15, 50, 105
25, 1923328, Note_on_c, 15, 50, 0
25, 1923584, Note_on_c, 15, 52, 105
25, 1923840, Note_on_c, 15, 52, 0
25, 1924096, Note_on_c, 15, 54, 105
25, 1924352, Note_on_c, 15, 54, 0
25, 1924608, Note_on_c, 15, 55, 105
25, 1924864, Note_on_c, 15, 55, 0
25, 1925120, Note_on_c, 15, 45, 105
25, 1925376, Note_on_c, 15, 45, 0
25, 1925632, Note_on_c, 15, 47, 105
25, 1925888, Note_on_c, 15, 47, 0
25, 1926144, Note_on_c, 15, 31, 105
25, 1926400, Note_on_c, 15, 31, 0
25, 1926656, Note_on_c, 15, 31, 105
25, 1926912, Note_on_c, 15, 31, 0
25, 1927168, Note_on_c, 15, 33, 105
25, 1927424, Note_on_c, 15, 33, 0
25, 1927680, Note_on_c, 15, 55, 105
25, 1927936, Note_on_c, 15, 55, 0
25, 1928192, Note_on_c, 15, 54, 105
25, 1928448, Note_on_c, 15, 54, 0
25, 1928704, Note_on_c, 15, 52, 105
25, 1928960, Note_on_c, 15, 52, 0
25, 1929216, Note_on_c, 15, 50, 105
25, 1929472, Note_on_c, 15, 50, 0
25, 1929728, Note_on_c, 15, 49, 105
25, 1929984, Note_on_c, 15, 49, 0
25, 1930240, Note_on_c, 15, 47, 105
25, 1930496, Note_on_c, 15, 47, 0
25, 1930752, Note_on_c, 15, 45, 105
25, 1931008, Note_on_c, 15, 45, 0
25, 1931264, Note_on_c, 15, 50, 105
25, 1931520, Note_on_c, 15, 50, 0
25, 1931776, Note_on_c, 15, 45, 105
25, 1932032, Note_on_c, 15, 45, 0
25, 1932288, Note_on_c, 15, 42, 105
25, 1932544, Note_on_c, 15, 42, 0
25, 1932800, Note_on_c, 15, 38, 105
25, 1933056, Note_on_c, 15, 38, 0
25, 1933312, Note_on_c, 15, 35, 105
25, 1933568, Note_on_c, 15, 35, 0
25, 1933824, Note_on_c, 15, 33, 105
25, 1934080, Note_on_c, 15, 33, 0
25, 1934336, Note_on_c, 15, 32, 105
25, 1934592, Note_on_c, 15, 32, 0
25, 1934848, Note_on_c, 15, 33, 105
25, 1935104, Note_on_c, 15, 33, 0
25, 1935360, Note_on_c, 15, 45, 105
25, 1935616, Note_on_c, 15, 45, 0
25, 1935872, Note_on_c, 15, 45, 105
25, 1936128, Note_on_c, 15, 45, 0
25, 1936384, Note_on_c, 15, 38, 105
25, 1936640, Note_on_c, 15, 38, 0
25, 1936896, Note_on_c, 15, 45, 105
25, 1937152, Note_on_c, 15, 45, 0
25, 1937408, Note_on_c, 15, 44, 105
25, 1937664, Note_on_c, 15, 44, 0
25, 1937920, Note_on_c, 15, 45, 105
25, 1938176, Note_on_c, 15, 45, 0
25, 1938432, Note_on_c, 15, 42, 105
25, 1938688, Note_on_c, 15, 42, 0
25, 1938944, Note_on_c, 15, 38, 105
25, 1939200, Note_on_c, 15, 38, 0
25, 1939456, Note_on_c, 15, 33, 99
25, 1939712, Note_on_c, 15, 33, 0
25, 1939968, Note_on_c, 15, 45, 99
25, 1940224, Note_on_c, 15, 45, 0
25, 1940480, Note_on_c, 15, 44, 99
25, 1940736, Note_on_c, 15, 44, 0
25, 1940992, Note_on_c, 15, 45, 99
25, 1941248, Note_on_c, 15, 45, 0
25, 1941504, Note_on_c, 15, 40, 100
25, 1941760, Note_on_c, 15, 40, 0
25, 1942016, Note_on_c, 15, 37, 100
25, 1942272, Note_on_c, 15, 37, 0
25, 1942528, Note_on_c, 15, 33, 100
25, 1942784, Note_on_c, 15, 33, 0
25, 1943040, Note_on_c, 15, 45, 100
25, 1943296, Note_on_c, 15, 45, 0
25, 1943552, Note_on_c, 15, 44, 101
25, 1943808, Note_on_c, 15, 44, 0
25, 1944064, Note_on_c, 15, 45, 101
25, 1944320, Note_on_c, 15, 45, 0
25, 1944576, Note_on_c, 15, 42, 101
25, 1944832, Note_on_c, 15, 42, 0
25, 1945088, Note_on_c, 15, 38, 101
25, 1945344, Note_on_c, 15, 38, 0
25, 1945600, Note_on_c, 15, 33, 102
25, 1945856, Note_on_c, 15, 33, 0
25, 1946112, Note_on_c, 15, 45, 102
25, 1946368, Note_on_c, 15, 45, 0
25, 1946624, Note_on_c, 15, 47, 102
25, 1946880, Note_on_c, 15, 47, 0
25, 1947136, Note_on_c, 15, 45, 102
25, 1947392, Note_on_c, 15, 45, 0
25, 1947648, Note_on_c, 15, 33, 103
25, 1947904, Note_on_c, 15, 33, 0
25, 1948160, Note_on_c, 15, 33, 103
25, 1948416, Note_on_c, 15, 33, 0
25, 1948672, Note_on_c, 15, 33, 103
25, 1948928, Note_on_c, 15, 33, 0
25, 1949184, Note_on_c, 15, 45, 103
25, 1949440, Note_on_c, 15, 45, 0
25, 1949696, Note_on_c, 15, 44, 104
25, 1949952, Note_on_c, 15, 44, 0
25, 1950208, Note_on_c, 15, 45, 104
25, 1950464, Note_on_c, 15, 45, 0
25, 1950720, Note_on_c, 15, 42, 104
25, 1950976, Note_on_c, 15, 42, 0
25, 1951232, Note_on_c, 15, 38, 105
25, 1951488, Note_on_c, 15, 38, 0
25, 1951744, Note_on_c, 15, 33, 105
25, 1952000, Note_on_c, 15, 33, 0
25, 1952256, Note_on_c, 15, 45, 105
25, 1952512, Note_on_c, 15, 45, 0
25, 1952768, Note_on_c, 15, 47, 105
25, 1953024, Note_on_c, 15, 47, 0
25, 1953280, Note_on_c, 15, 45, 106
25, 1953536, Note_on_c, 15, 45, 0
25, 1953792, Note_on_c, 15, 33, 106
25, 1954048, Note_on_c, 15, 33, 0
25, 1954304, Note_on_c, 15, 33, 106
25, 1954560, Note_on_c, 15, 33, 0
25, 1954816, Note_on_c, 15, 34, 106
25, 1955072, Note_on_c, 15, 34, 0
25, 1955328, Note_on_c, 15, 46, 107
25, 1955584, Note_on_c, 15, 46, 0
25, 1955840, Note_on_c, 15, 46, 107
25, 1956096, Note_on_c, 15, 46, 0
25, 1956352, Note_on_c, 15, 30, 107
25, 1956608, Note_on_c, 15, 30, 0
25, 1956864, Note_on_c, 15, 42, 107
25, 1957120, Note_on_c, 15, 42, 0
25, 1957376, Note_on_c, 15, 42, 108
25, 1957632, Note_on_c, 15, 42, 0
25, 1957888, Note_on_c, 15, 35, 108
25, 1958144, Note_on_c, 15, 35, 0
25, 1958400, Note_on_c, 15, 47, 108
25, 1958656, Note_on_c, 15, 47, 0
25, 1958912, Note_on_c, 15, 47, 108
25, 1959168, Note_on_c, 15, 47, 0
25, 1959424, Note_on_c, 15, 28, 109
25, 1959680, Note_on_c, 15, 28, 0
25, 1959936, Note_on_c, 15, 40, 109
25, 1960192, Note_on_c, 15, 40, 0
25, 1960448, Note_on_c, 15, 40, 109
25, 1960704, Note_on_c, 15, 40, 0
25, 1960960, Note_on_c, 15, 33, 109
25, 1961216, Note_on_c, 15, 33, 0
25, 1961472, Note_on_c, 15, 45, 110
25, 1961728, Note_on_c, 15, 45, 0
25, 1961984, Note_on_c, 15, 45, 110
25, 1962240, Note_on_c, 15, 45, 0
25, 1962496, Note_on_c, 15, 33, 110
25, 1962752, Note_on_c, 15, 33, 0
25, 1963008, Note_on_c, 15, 45, 110
25, 1963264, Note_on_c, 15, 45, 0
25, 1963520, Note_on_c, 15, 45, 111
25, 1963776, Note_on_c, 15, 45, 0
25, 1964032, Note_on_c, 15, 38, 111
25, 1964288, Note_on_c, 15, 38, 0
25, 1964544, Note_on_c, 15, 50, 111
25, 1964800, Note_on_c, 15, 50, 0
25, 1965056, Note_on_c, 15, 48, 111
25, 1965312, Note_on_c, 15, 48, 0
25, 1965568, Note_on_c, 15, 47, 111
25, 1965824, Note_on_c, 15, 47, 0
25, 1966080, Note_on_c, 15, 45, 111
25, 1966336, Note_on_c, 15, 45, 0
25, 1966592, Note_on_c, 15, 43, 111
25, 1966848, Note_on_c, 15, 43, 0
25, 1967104, Note_on_c, 15, 42, 111
25, 1967360, Note_on_c, 15, 42, 0
25, 1967616, Note_on_c, 15, 40, 111
25, 1967872, Note_on_c, 15, 40, 0
25, 1968128, Note_on_c, 15, 38, 111
25, 1968384, Note_on_c, 15, 38, 0
25, 1968640, Note_on_c, 15, 36, 111
25, 1968896, Note_on_c, 15, 36, 0
25, 1969152, Note_on_c, 15, 35, 111
25, 1969408, Note_on_c, 15, 35, 0
25, 1969664, Note_on_c, 15, 33, 111
25, 1969920, Note_on_c, 15, 33, 0
25, 1970176, Note_on_c, 15, 31, 111
25, 1970432, Note_on_c, 15, 31, 0
25, 1970688, Note_on_c, 15, 45, 111
25, 1970944, Note_on_c, 15, 45, 0
25, 1971200, Note_on_c, 15, 47, 111
25, 1971456, Note_on_c, 15, 47, 0
25, 1971712, Note_on_c, 15, 48, 111
25, 1971968, Note_on_c, 15, 48, 0
25, 1972224, Note_on_c, 15, 50, 111
25, 1972480, Note_on_c, 15, 50, 0
25, 1972736, Note_on_c, 15, 52, 111
25, 1972992, Note_on_c, 15, 52, 0
25, 1973248, Note_on_c, 15, 54, 111
25, 1973504, Note_on_c, 15, 54, 0
25, 1973760, Note_on_c, 15, 55, 111
25, 1974016, Note_on_c, 15, 55, 0
25, 1974272, Note_on_c, 15, 45, 111
25, 1974528, Note_on_c, 15, 45, 0
25, 1974784, Note_on_c, 15, 47, 111
25, 1975040, Note_on_c, 15, 47, 0
25, 1975296, Note_on_c, 15, 31, 111
25, 1975552, Note_on_c, 15, 31, 0
25, 1975808, Note_on_c, 15, 31, 111
25, 1976064, Note_on_c, 15, 31, 0
25, 1976320, Note_on_c, 15, 33, 111
25, 1976576, Note_on_c, 15, 33, 0
25, 1976832, Note_on_c, 15, 55, 111
25, 1977088, Note_on_c, 15, 55, 0
25, 1977344, Note_on_c, 15, 54, 111
25, 1977600, Note_on_c, 15, 54, 0
25, 1977856, Note_on_c, 15, 52, 111
25, 1978112, Note_on_c, 15, 52, 0
25, 1978368, Note_on_c, 15, 50, 111
25, 1978624, Note_on_c, 15, 50, 0
25, 1978880, Note_on_c, 15, 49, 111
25, 1979136, Note_on_c, 15, 49, 0
25, 1979392, Note_on_c, 15, 47, 111
25, 1979648, Note_on_c, 15, 47, 0
25, 1979904, Note_on_c, 15, 45, 111
25, 1980160, Note_on_c, 15, 45, 0
25, 1980416, Note_on_c, 15, 50, 111
25, 1980672, Note_on_c, 15, 50, 0
25, 1980928, Note_on_c, 15, 45, 111
25, 1981184, Note_on_c, 15, 45, 0
25, 1981440, Note_on_c, 15, 42, 111
25, 1981696, Note_on_c, 15, 42, 0
25, 1981952, Note_on_c, 15, 38, 111
25, 1982208, Note_on_c, 15, 38, 0
25, 1982464, Note_on_c, 15, 35, 111
25, 1982720, Note_on_c, 15, 35, 0
25, 1982976, Note_on_c, 15, 33, 111
25, 1983232, Note_on_c, 15, 33, 0
25, 1983488, Note_on_c, 15, 32, 111
25, 1983744, Note_on_c, 15, 32, 0
25, 1984000, Note_on_c, 15, 33, 111
25, 1984256, Note_on_c, 15, 33, 0
25, 1984512, Note_on_c, 15, 45, 111
25, 1984768, Note_on_c, 15, 45, 0
25, 1985024, Note_on_c, 15, 45, 111
25, 1985280, Note_on_c, 15, 45, 0
25, 1985536, Note_on_c, 15, 38, 111
25, 1985792, Note_on_c, 15, 38, 0
25, 1986048, Note_on_c, 15, 45, 110
25, 1986304, Note_on_c, 15, 45, 0
25, 1986560, Note_on_c, 15, 44, 109
25, 1986816, Note_on_c, 15, 44, 0
25, 1987072, Note_on_c, 15, 45, 108
25, 1987328, Note_on_c, 15, 45, 0
25, 1987584, Note_on_c, 15, 42, 107
25, 1987840, Note_on_c, 15, 42, 0
25, 1988096, Note_on_c, 15, 38, 106
25, 1988352, Note_on_c, 15, 38, 0
25, 1988608, Note_on_c, 15, 33, 105
25, 1988864, Note_on_c, 15, 33, 0
25, 1989120, Note_on_c, 15, 45, 104
25, 1989376, Note_on_c, 15, 45, 0
25, 1989632, Note_on_c, 15, 44, 104
25, 1989888, Note_on_c, 15, 44, 0
25, 1990144, Note_on_c, 15, 45, 104
25, 1990400, Note_on_c, 15, 45, 0
25, 1990656, Note_on_c, 15, 40, 104
25, 1990912, Note_on_c, 15, 40, 0
25, 1991168, Note_on_c, 15, 37, 105
25, 1991424, Note_on_c, 15, 37, 0
25, 1991680, Note_on_c, 15, 33, 105
25, 1991936, Note_on_c, 15, 33, 0
25, 1992192, Note_on_c, 15, 45, 105
25, 1992448, Note_on_c, 15, 45, 0
25, 1992704, Note_on_c, 15, 44, 105
25, 1992960, Note_on_c, 15, 44, 0
25, 1993216, Note_on_c, 15, 45, 106
25, 1993472, Note_on_c, 15, 45, 0
25, 1993728, Note_on_c, 15, 42, 106
25, 1993984, Note_on_c, 15, 42, 0
25, 1994240, Note_on_c, 15, 38, 106
25, 1994496, Note_on_c, 15, 38, 0
25, 1994752, Note_on_c, 15, 33, 106
25, 1995008, Note_on_c, 15, 33, 0
25, 1995264, Note_on_c, 15, 45, 107
25, 1995520, Note_on_c, 15, 45, 0
25, 1995776, Note_on_c, 15, 47, 107
25, 1996032, Note_on_c, 15, 47, 0
25, 1996288, Note_on_c, 15, 45, 107
25, 1996544, Note_on_c, 15, 45, 0
25, 1996800, Note_on_c, 15, 33, 107
25, 1997056, Note_on_c, 15, 33, 0
25, 1997312, Note_on_c, 15, 33, 108
25, 1997568, Note_on_c, 15, 33, 0
25, 1997824, Note_on_c, 15, 33, 108
25, 1998080, Note_on_c, 15, 33, 0
25, 1998336, Note_on_c, 15, 45, 108
25, 1998592, Note_on_c, 15, 45, 0
25, 1998848, Note_on_c, 15, 44, 108
25, 1999104, Note_on_c, 15, 44, 0
25, 1999360, Note_on_c, 15, 45, 109
25, 1999616, Note_on_c, 15, 45, 0
25, 1999872, Note_on_c, 15, 42, 109
25, 2000128, Note_on_c, 15, 42, 0
25, 2000384, Note_on_c, 15, 38, 109
25, 2000640, Note_on_c, 15, 38, 0
25, 2000896, Note_on_c, 15, 33, 109
25, 2001152, Note_on_c, 15, 33, 0
25, 2001408, Note_on_c, 15, 45, 109
25, 2001664, Note_on_c, 15, 45, 0
25, 2001920, Note_on_c, 15, 47, 110
25, 2002176, Note_on_c, 15, 47, 0
25, 2002432, Note_on_c, 15, 45, 110
25, 2002688, Note_on_c, 15, 45, 0
25, 2002944, Note_on_c, 15, 33, 110
25, 2003200, Note_on_c, 15, 33, 0
25, 2003456, Note_on_c, 15, 33, 110
25, 2003712, Note_on_c, 15, 33, 0
25, 2003968, Note_on_c, 15, 34, 111
25, 2004224, Note_on_c, 15, 34, 0
25, 2004480, Note_on_c, 15, 46, 111
25, 2004736, Note_on_c, 15, 46, 0
25, 2004992, Note_on_c, 15, 46, 111
25, 2005248, Note_on_c, 15, 46, 0
25, 2005504, Note_on_c, 15, 30, 111
25, 2005760, Note_on_c, 15, 30, 0
25, 2006016, Note_on_c, 15, 42, 112
25, 2006272, Note_on_c, 15, 42, 0
25, 2006528, Note_on_c, 15, 42, 112
25, 2006784, Note_on_c, 15, 42, 0
25, 2007040, Note_on_c, 15, 35, 112
25, 2007296, Note_on_c, 15, 35, 0
25, 2007552, Note_on_c, 15, 47, 112
25, 2007808, Note_on_c, 15, 47, 0
25, 2008064, Note_on_c, 15, 47, 113
25, 2008320, Note_on_c, 15, 47, 0
25, 2008576, Note_on_c, 15, 28, 113
25, 2008832, Note_on_c, 15, 28, 0
25, 2009088, Note_on_c, 15, 40, 113
25, 2009344, Note_on_c, 15, 40, 0
25, 2009600, Note_on_c, 15, 40, 113
25, 2009856, Note_on_c, 15, 40, 0
25, 2010112, Note_on_c, 15, 33, 114
25, 2010368, Note_on_c, 15, 33, 0
25, 2010624, Note_on_c, 15, 45, 114
25, 2010880, Note_on_c, 15, 45, 0
25, 2011136, Note_on_c, 15, 45, 114
25, 2011392, Note_on_c, 15, 45, 0
25, 2011648, Note_on_c, 15, 33, 114
25, 2011904, Note_on_c, 15, 33, 0
25, 2012160, Note_on_c, 15, 45, 114
25, 2012416, Note_on_c, 15, 45, 0
25, 2012672, Note_on_c, 15, 45, 114
25, 2012928, Note_on_c, 15, 45, 0
25, 2013184, Note_on_c, 15, 38, 114
25, 2013440, Note_on_c, 15, 38, 0
25, 2013696, Note_on_c, 15, 50, 113
25, 2013952, Note_on_c, 15, 50, 0
25, 2014208, Note_on_c, 15, 48, 113
25, 2014464, Note_on_c, 15, 48, 0
25, 2014720, Note_on_c, 15, 47, 113
25, 2014976, Note_on_c, 15, 47, 0
25, 2015232, Note_on_c, 15, 45, 113
25, 2015488, Note_on_c, 15, 45, 0
25, 2015744, Note_on_c, 15, 43, 112
25, 2016000, Note_on_c, 15, 43, 0
25, 2016256, Note_on_c, 15, 42, 112
25, 2016512, Note_on_c, 15, 42, 0
25, 2016768, Note_on_c, 15, 40, 112
25, 2017024, Note_on_c, 15, 40, 0
25, 2017280, Note_on_c, 15, 38, 112
25, 2017536, Note_on_c, 15, 38, 0
25, 2017792, Note_on_c, 15, 36, 112
25, 2018048, Note_on_c, 15, 36, 0
25, 2018304, Note_on_c, 15, 35, 111
25, 2018560, Note_on_c, 15, 35, 0
25, 2018816, Note_on_c, 15, 33, 111
25, 2019072, Note_on_c, 15, 33, 0
25, 2019328, Note_on_c, 15, 31, 111
25, 2019584, Note_on_c, 15, 31, 0
25, 2019840, Note_on_c, 15, 45, 111
25, 2020096, Note_on_c, 15, 45, 0
25, 2020352, Note_on_c, 15, 47, 110
25, 2020608, Note_on_c, 15, 47, 0
25, 2020864, Note_on_c, 15, 48, 110
25, 2021120, Note_on_c, 15, 48, 0
25, 2021376, Note_on_c, 15, 50, 110
25, 2021632, Note_on_c, 15, 50, 0
25, 2021888, Note_on_c, 15, 52, 110
25, 2022144, Note_on_c, 15, 52, 0
25, 2022400, Note_on_c, 15, 54, 109
25, 2022656, Note_on_c, 15, 54, 0
25, 2022912, Note_on_c, 15, 55, 109
25, 2023168, Note_on_c, 15, 55, 0
25, 2023424, Note_on_c, 15, 45, 109
25, 2023680, Note_on_c, 15, 45, 0
25, 2023936, Note_on_c, 15, 47, 109
25, 2024192, Note_on_c, 15, 47, 0
25, 2024448, Note_on_c, 15, 31, 108
25, 2024704, Note_on_c, 15, 31, 0
25, 2024960, Note_on_c, 15, 31, 108
25, 2025216, Note_on_c, 15, 31, 0
25, 2025472, Note_on_c, 15, 33, 108
25, 2025728, Note_on_c, 15, 33, 0
25, 2025984, Note_on_c, 15, 55, 108
25, 2026240, Note_on_c, 15, 55, 0
25, 2026496, Note_on_c, 15, 54, 107
25, 2026752, Note_on_c, 15, 54, 0
25, 2027008, Note_on_c, 15, 52, 107
25, 2027264, Note_on_c, 15, 52, 0
25, 2027520, Note_on_c, 15, 50, 107
25, 2027776, Note_on_c, 15, 50, 0
25, 2028032, Note_on_c, 15, 49, 107
25, 2028288, Note_on_c, 15, 49, 0
25, 2028544, Note_on_c, 15, 47, 106
25, 2028800, Note_on_c, 15, 47, 0
25, 2029056, Note_on_c, 15, 45, 106
25, 2029312, Note_on_c, 15, 45, 0
25, 2029568, Note_on_c, 15, 50, 106
25, 2029824, Note_on_c, 15, 50, 0
25, 2030080, Note_on_c, 15, 45, 106
25, 2030336, Note_on_c, 15, 45, 0
25, 2030592, Note_on_c, 15, 42, 105
25, 2030848, Note_on_c, 15, 42, 0
25, 2031104, Note_on_c, 15, 38, 105
25, 2031360, Note_on_c, 15, 38, 0
25, 2031616, Note_on_c, 15, 35, 105
25, 2031872, Note_on_c, 15, 35, 0
25, 2032128, Note_on_c, 15, 33, 105
25, 2032384, Note_on_c, 15, 33, 0
25, 2032640, Note_on_c, 15, 32, 105
25, 2032896, Note_on_c, 15, 32, 0
25, 2033152, Note_on_c, 15, 33, 104
25, 2033408, Note_on_c, 15, 33, 0
25, 2033664, Note_on_c, 15, 45, 104
25, 2033920, Note_on_c, 15, 45, 0
25, 2034176, Note_on_c, 15, 45, 104
25, 2034432, Note_on_c, 15, 45, 0
25, 2034688, Note_on_c, 15, 38, 104
25, 2034944, Note_on_c, 15, 38, 0
25, 2035200, Note_on_c, 15, 50, 104
25, 2035456, Note_on_c, 15, 50, 0
25, 2035712, Note_on_c, 15, 49, 104
25, 2035968, Note_on_c, 15, 49, 0
25, 2036224, Note_on_c, 15, 50, 104
25, 2036480, Note_on_c, 15, 50, 0
25, 2036736, Note_on_c, 15, 42, 104
25, 2036992, Note_on_c, 15, 42, 0
25, 2037248, Note_on_c, 15, 45, 104
25, 2037504, Note_on_c, 15, 45, 0
25, 2037760, Note_on_c, 15, 38, 118
25, 2038016, Note_on_c, 15, 38, 0
25, 2038272, Note_on_c, 15, 38, 104
25, 2038528, Note_on_c, 15, 38, 0
25, 2038784, Note_on_c, 15, 37, 104
25, 2039040, Note_on_c, 15, 37, 0
25, 2039296, Note_on_c, 15, 38, 104
25, 2039552, Note_on_c, 15, 38, 0
25, 2039808, Note_on_c, 15, 42, 104
25, 2040064, Note_on_c, 15, 42, 0
25, 2040320, Note_on_c, 15, 45, 104
25, 2040576, Note_on_c, 15, 45, 0
25, 2040832, Note_on_c, 15, 48, 104
25, 2041088, Note_on_c, 15, 48, 0
25, 2041344, Note_on_c, 15, 40, 104
25, 2041600, Note_on_c, 15, 40, 0
25, 2041856, Note_on_c, 15, 38, 104
25, 2042112, Note_on_c, 15, 38, 0
25, 2042368, Note_on_c, 15, 36, 104
25, 2042624, Note_on_c, 15, 36, 0
25, 2042880, Note_on_c, 15, 35, 104
25, 2043136, Note_on_c, 15, 35, 0
25, 2043392, Note_on_c, 15, 33, 104
25, 2043648, Note_on_c, 15, 33, 0
25, 2043904, Note_on_c, 15, 31, 118
25, 2044160, Note_on_c, 15, 31, 0
25, 2044416, Note_on_c, 15, 35, 105
25, 2044672, Note_on_c, 15, 35, 0
25, 2044928, Note_on_c, 15, 38, 107
25, 2045184, Note_on_c, 15, 38, 0
25, 2045440, Note_on_c, 15, 43, 108
25, 2045696, Note_on_c, 15, 43, 0
25, 2045952, Note_on_c, 15, 47, 110
25, 2046208, Note_on_c, 15, 47, 0
25, 2046464, Note_on_c, 15, 50, 111
25, 2046720, Note_on_c, 15, 50, 0
25, 2046976, Note_on_c, 15, 55, 113
25, 2047724, Note_on_c, 15, 55, 0
25, 2050048, End_track
26, 0, Start_track
26, 0, Title_t, "seq. by David Siu  dss@po.cwru.edu"
26, 2050048, End_track
0, 0, End_of_file
